3.7425e-01 0.0000e+00 1.0041e-01 -4.1581e-01 2.1031e-01 1.3424e-01 0.0000e+00 -1.0000e-01 0.0000e+00 8.9813e-02 2.3396e-01
4.0741e-01 0.0000e+00 8.7869e-02 -4.6990e-01 2.0614e-01 1.2725e-01 0.0000e+00 -1.0000e-01 0.0000e+00 8.4344e-02 2.3415e-01
3.6555e-01 0.0000e+00 1.0602e-01 -4.0547e-01 2.1554e-01 1.3803e-01 0.0000e+00 -1.0000e-01 0.0000e+00 9.1828e-02 2.3425e-01
3.8082e-01 0.0000e+00 1.0139e-01 -4.0340e-01 2.0545e-01 1.3024e-01 0.0000e+00 -1.0000e-01 0.0000e+00 8.8404e-02 2.3422e-01
3.7734e-01 0.0000e+00 1.1243e-01 -3.9236e-01 2.1074e-01 1.3332e-01 0.0000e+00 -1.0000e-01 0.0000e+00 8.9160e-02 2.3422e-01
3.7762e-01 0.0000e+00 9.5281e-02 -4.3932e-01 2.1491e-01 1.3733e-01 0.0000e+00 -1.0000e-01 0.0000e+00 8.8826e-02 2.3372e-01
3.7831e-01 0.0000e+00 9.6164e-02 -4.2926e-01 2.1020e-01 1.3410e-01 0.0000e+00 -9.9893e-02 0.0000e+00 8.9020e-02 2.3382e-01
3.8315e-01 0.0000e+00 9.4085e-02 -4.4701e-01 2.1697e-01 1.3707e-01 0.0000e+00 -1.0000e-01 0.0000e+00 8.7875e-02 2.3373e-01
3.8718e-01 0.0000e+00 9.1875e-02 -4.7574e-01 2.2401e-01 1.4169e-01 0.0000e+00 -1.0000e-01 0.0000e+00 8.7139e-02 2.3355e-01
3.6796e-01 0.0000e+00 1.0070e-01 -4.5804e-01 2.2919e-01 1.4725e-01 0.0000e+00 -9.3092e-02 0.0000e+00 8.8710e-02 2.3400e-01
3.6555e-01 0.0000e+00 1.0602e-01 -4.0547e-01 2.1554e-01 1.3803e-01 0.0000e+00 -1.0000e-01 0.0000e+00 9.1828e-02 2.3425e-01
3.7811e-01 0.0000e+00 1.2087e-01 -3.7591e-01 2.0699e-01 1.3174e-01 0.0000e+00 -7.9109e-02 0.0000e+00 8.1229e-02 2.3475e-01
3.7758e-01 0.0000e+00 9.1346e-02 -4.8257e-01 2.3945e-01 1.5078e-01 0.0000e+00 -9.9266e-02 0.0000e+00 8.8678e-02 2.3471e-01
3.6555e-01 0.0000e+00 1.0602e-01 -4.0547e-01 2.1554e-01 1.3803e-01 0.0000e+00 -1.0000e-01 0.0000e+00 9.1828e-02 2.3425e-01
3.7749e-01 0.0000e+00 9.5446e-02 -4.4392e-01 2.1415e-01 1.3724e-01 0.0000e+00 -9.1352e-02 0.0000e+00 8.5819e-02 2.3375e-01
3.6555e-01 0.0000e+00 1.0602e-01 -4.0547e-01 2.1554e-01 1.3803e-01 0.0000e+00 -1.0000e-01 0.0000e+00 9.1828e-02 2.3425e-01
3.8443e-01 0.0000e+00 9.1855e-02 -4.9738e-01 2.2831e-01 1.4518e-01 0.0000e+00 -9.3403e-02 0.0000e+00 8.5902e-02 2.3342e-01
3.7758e-01 0.0000e+00 9.1346e-02 -4.8257e-01 2.3945e-01 1.5078e-01 0.0000e+00 -9.9266e-02 0.0000e+00 8.8678e-02 2.3471e-01
3.7303e-01 0.0000e+00 9.1465e-02 -4.4987e-01 2.1396e-01 1.3736e-01 0.0000e+00 -1.0000e-01 0.0000e+00 9.0421e-02 2.3374e-01
3.6361e-01 0.0000e+00 1.0123e-01 -4.2129e-01 2.2048e-01 1.4175e-01 0.0000e+00 -1.0000e-01 0.0000e+00 9.1672e-02 2.3461e-01
3.9824e-01 0.0000e+00 9.2091e-02 -4.7823e-01 2.1272e-01 1.3380e-01 0.0000e+00 -8.9898e-02 0.0000e+00 8.1975e-02 2.3378e-01
3.8013e-01 0.0000e+00 9.5689e-02 -4.6261e-01 2.2711e-01 1.4337e-01 0.0000e+00 -1.0000e-01 0.0000e+00 8.8594e-02 2.3386e-01
3.6555e-01 0.0000e+00 1.0602e-01 -4.0547e-01 2.1554e-01 1.3803e-01 0.0000e+00 -1.0000e-01 0.0000e+00 9.1828e-02 2.3425e-01
4.0352e-01 0.0000e+00 8.7930e-02 -5.0000e-01 2.1995e-01 1.3820e-01 0.0000e+00 -1.0000e-01 0.0000e+00 8.4530e-02 2.3371e-01
3.9751e-01 0.0000e+00 8.8833e-02 -4.5444e-01 2.0391e-01 1.2790e-01 0.0000e+00 -1.0000e-01 0.0000e+00 8.5811e-02 2.3387e-01
3.8155e-01 0.0000e+00 9.6967e-02 -4.6456e-01 2.1862e-01 1.3906e-01 0.0000e+00 -9.0301e-02 0.0000e+00 8.5293e-02 2.3344e-01
3.8766e-01 0.0000e+00 1.0072e-01 -4.4552e-01 2.1351e-01 1.3579e-01 0.0000e+00 -8.7914e-02 0.0000e+00 8.2604e-02 2.3401e-01
3.8278e-01 0.0000e+00 1.1022e-01 -4.3196e-01 2.1872e-01 1.3846e-01 0.0000e+00 -8.9934e-02 0.0000e+00 8.4410e-02 2.3399e-01
3.8917e-01 0.0000e+00 1.1270e-01 -3.8670e-01 2.0026e-01 1.2578e-01 0.0000e+00 -8.5086e-02 0.0000e+00 8.1997e-02 2.3448e-01
3.9082e-01 0.0000e+00 9.6105e-02 -4.5978e-01 2.1371e-01 1.3594e-01 0.0000e+00 -9.3097e-02 0.0000e+00 8.3864e-02 2.3373e-01
3.6555e-01 0.0000e+00 1.0602e-01 -4.0547e-01 2.1554e-01 1.3803e-01 0.0000e+00 -1.0000e-01 0.0000e+00 9.1828e-02 2.3425e-01
3.7967e-01 0.0000e+00 1.0641e-01 -3.9941e-01 2.0388e-01 1.2932e-01 0.0000e+00 -8.8896e-02 0.0000e+00 8.5053e-02 2.3435e-01
3.8629e-01 0.0000e+00 9.0640e-02 -4.7233e-01 2.1692e-01 1.3818e-01 0.0000e+00 -9.8695e-02 0.0000e+00 8.7248e-02 2.3358e-01
3.6936e-01 0.0000e+00 9.0371e-02 -4.8812e-01 2.2823e-01 1.4896e-01 0.0000e+00 -9.1428e-02 0.0000e+00 8.7713e-02 2.3353e-01
3.7662e-01 0.0000e+00 8.9583e-02 -4.5168e-01 2.1260e-01 1.3588e-01 0.0000e+00 -1.0000e-01 0.0000e+00 8.9622e-02 2.3380e-01
3.7512e-01 0.0000e+00 9.3736e-02 -4.7704e-01 2.2878e-01 1.4706e-01 0.0000e+00 -9.2870e-02 0.0000e+00 8.6801e-02 2.3355e-01
3.6555e-01 0.0000e+00 1.0602e-01 -4.0547e-01 2.1554e-01 1.3803e-01 0.0000e+00 -1.0000e-01 0.0000e+00 9.1828e-02 2.3425e-01
3.7867e-01 0.0000e+00 9.4756e-02 -4.2373e-01 2.0541e-01 1.3154e-01 0.0000e+00 -1.0000e-01 0.0000e+00 8.8896e-02 2.3412e-01
3.8738e-01 0.0000e+00 1.0571e-01 -4.0105e-01 2.0304e-01 1.2778e-01 0.0000e+00 -9.7665e-02 0.0000e+00 8.6649e-02 2.3400e-01
3.8485e-01 0.0000e+00 1.0568e-01 -4.1372e-01 2.0815e-01 1.3217e-01 0.0000e+00 -9.6481e-02 0.0000e+00 8.6061e-02 2.3405e-01
3.6555e-01 0.0000e+00 1.0602e-01 -4.0547e-01 2.1554e-01 1.3803e-01 0.0000e+00 -1.0000e-01 0.0000e+00 9.1828e-02 2.3425e-01
3.6143e-01 0.0000e+00 1.0384e-01 -4.2294e-01 2.2239e-01 1.4306e-01 0.0000e+00 -1.0000e-01 0.0000e+00 9.2562e-02 2.3455e-01
3.6555e-01 0.0000e+00 1.0602e-01 -4.0547e-01 2.1554e-01 1.3803e-01 0.0000e+00 -1.0000e-01 0.0000e+00 9.1828e-02 2.3425e-01
3.6555e-01 0.0000e+00 1.0602e-01 -4.0547e-01 2.1554e-01 1.3803e-01 0.0000e+00 -1.0000e-01 0.0000e+00 9.1828e-02 2.3425e-01
3.7865e-01 0.0000e+00 1.0973e-01 -3.8868e-01 2.0664e-01 1.3129e-01 0.0000e+00 -1.0000e-01 0.0000e+00 8.8759e-02 2.3415e-01
3.8278e-01 0.0000e+00 1.1022e-01 -4.3196e-01 2.1872e-01 1.3846e-01 0.0000e+00 -8.9934e-02 0.0000e+00 8.4410e-02 2.3399e-01
3.6243e-01 0.0000e+00 9.6447e-02 -4.5793e-01 2.3179e-01 1.5011e-01 0.0000e+00 -9.8502e-02 0.0000e+00 9.1482e-02 2.3397e-01
3.6366e-01 0.0000e+00 1.0933e-01 -3.9034e-01 2.1427e-01 1.3796e-01 0.0000e+00 -9.3182e-02 0.0000e+00 8.9260e-02 2.3490e-01
3.7631e-01 0.0000e+00 1.0670e-01 -4.3422e-01 2.1823e-01 1.4004e-01 0.0000e+00 -7.8036e-02 0.0000e+00 8.0827e-02 2.3412e-01
3.7148e-01 0.0000e+00 8.7672e-02 -4.8926e-01 2.2968e-01 1.4819e-01 0.0000e+00 -1.0000e-01 0.0000e+00 9.0660e-02 2.3337e-01
3.7882e-01 0.0000e+00 1.0409e-01 -4.3941e-01 2.1780e-01 1.3935e-01 0.0000e+00 -8.2060e-02 0.0000e+00 8.1906e-02 2.3396e-01
3.7061e-01 0.0000e+00 8.3142e-02 -5.0000e-01 2.2813e-01 1.4832e-01 0.0000e+00 -9.4719e-02 0.0000e+00 8.8843e-02 2.3395e-01
3.8917e-01 0.0000e+00 1.1270e-01 -3.8670e-01 2.0026e-01 1.2578e-01 0.0000e+00 -8.5086e-02 0.0000e+00 8.1997e-02 2.3448e-01
3.7985e-01 0.0000e+00 1.1406e-01 -4.0316e-01 2.0966e-01 1.3310e-01 0.0000e+00 -8.3478e-02 0.0000e+00 8.2927e-02 2.3407e-01
3.6555e-01 0.0000e+00 1.0602e-01 -4.0547e-01 2.1554e-01 1.3803e-01 0.0000e+00 -1.0000e-01 0.0000e+00 9.1828e-02 2.3425e-01
3.6578e-01 0.0000e+00 9.2522e-02 -4.5648e-01 2.2776e-01 1.4664e-01 0.0000e+00 -9.8191e-02 0.0000e+00 9.0575e-02 2.3382e-01
3.7847e-01 0.0000e+00 1.0589e-01 -4.3378e-01 2.1743e-01 1.3836e-01 0.0000e+00 -8.4627e-02 0.0000e+00 8.3353e-02 2.3388e-01
3.8340e-01 0.0000e+00 1.0605e-01 -3.9425e-01 2.0307e-01 1.2802e-01 0.0000e+00 -1.0000e-01 0.0000e+00 8.8430e-02 2.3399e-01
3.8173e-01 0.0000e+00 9.2425e-02 -4.5509e-01 2.1588e-01 1.3708e-01 0.0000e+00 -1.0000e-01 0.0000e+00 8.8436e-02 2.3344e-01
3.7553e-01 0.0000e+00 9.3609e-02 -4.7082e-01 2.2894e-01 1.4808e-01 0.0000e+00 -1.0000e-01 0.0000e+00 8.8730e-02 2.3377e-01
3.6941e-01 0.0000e+00 1.0716e-01 -4.1359e-01 2.1878e-01 1.4000e-01 0.0000e+00 -1.0000e-01 0.0000e+00 9.0570e-02 2.3410e-01
3.6555e-01 0.0000e+00 1.0602e-01 -4.0547e-01 2.1554e-01 1.3803e-01 0.0000e+00 -1.0000e-01 0.0000e+00 9.1828e-02 2.3425e-01
3.6555e-01 0.0000e+00 1.0602e-01 -4.0547e-01 2.1554e-01 1.3803e-01 0.0000e+00 -1.0000e-01 0.0000e+00 9.1828e-02 2.3425e-01
3.6532e-01 0.0000e+00 1.1361e-01 -3.7429e-01 2.1204e-01 1.3536e-01 0.0000e+00 -1.0000e-01 0.0000e+00 9.1752e-02 2.3465e-01
3.6555e-01 0.0000e+00 1.0602e-01 -4.0547e-01 2.1554e-01 1.3803e-01 0.0000e+00 -1.0000e-01 0.0000e+00 9.1828e-02 2.3425e-01
3.8091e-01 0.0000e+00 8.8733e-02 -4.7719e-01 2.2121e-01 1.4172e-01 0.0000e+00 -1.0000e-01 0.0000e+00 8.8460e-02 2.3331e-01
3.6555e-01 0.0000e+00 1.0602e-01 -4.0547e-01 2.1554e-01 1.3803e-01 0.0000e+00 -1.0000e-01 0.0000e+00 9.1828e-02 2.3425e-01
3.7762e-01 0.0000e+00 9.5281e-02 -4.3932e-01 2.1491e-01 1.3733e-01 0.0000e+00 -1.0000e-01 0.0000e+00 8.8826e-02 2.3372e-01
3.7847e-01 0.0000e+00 1.0589e-01 -4.3378e-01 2.1743e-01 1.3836e-01 0.0000e+00 -8.4627e-02 0.0000e+00 8.3353e-02 2.3388e-01
3.8119e-01 0.0000e+00 9.6445e-02 -4.1992e-01 2.1107e-01 1.3278e-01 0.0000e+00 -1.0000e-01 0.0000e+00 8.8327e-02 2.3432e-01
3.7167e-01 0.0000e+00 9.9774e-02 -4.3908e-01 2.2112e-01 1.4187e-01 0.0000e+00 -9.5259e-02 0.0000e+00 8.8271e-02 2.3374e-01
3.8340e-01 0.0000e+00 1.0605e-01 -3.9425e-01 2.0307e-01 1.2802e-01 0.0000e+00 -1.0000e-01 0.0000e+00 8.8430e-02 2.3399e-01
3.7553e-01 0.0000e+00 9.3609e-02 -4.7082e-01 2.2894e-01 1.4808e-01 0.0000e+00 -1.0000e-01 0.0000e+00 8.8730e-02 2.3377e-01
3.7373e-01 0.0000e+00 1.1220e-01 -4.1185e-01 2.1556e-01 1.3731e-01 0.0000e+00 -8.9010e-02 0.0000e+00 8.6214e-02 2.3423e-01
3.6555e-01 0.0000e+00 1.0602e-01 -4.0547e-01 2.1554e-01 1.3803e-01 0.0000e+00 -1.0000e-01 0.0000e+00 9.1828e-02 2.3425e-01
3.6555e-01 0.0000e+00 1.0602e-01 -4.0547e-01 2.1554e-01 1.3803e-01 0.0000e+00 -1.0000e-01 0.0000e+00 9.1828e-02 2.3425e-01
3.8915e-01 0.0000e+00 9.1856e-02 -4.9188e-01 2.2491e-01 1.4144e-01 0.0000e+00 -9.1716e-02 0.0000e+00 8.4538e-02 2.3371e-01
3.8526e-01 0.0000e+00 8.4783e-02 -4.8323e-01 2.2819e-01 1.4448e-01 0.0000e+00 -1.0000e-01 0.0000e+00 8.7145e-02 2.3415e-01
3.6555e-01 0.0000e+00 1.0602e-01 -4.0547e-01 2.1554e-01 1.3803e-01 0.0000e+00 -1.0000e-01 0.0000e+00 9.1828e-02 2.3425e-01
3.7401e-01 0.0000e+00 1.0177e-01 -4.3727e-01 2.1483e-01 1.3896e-01 0.0000e+00 -8.1808e-02 0.0000e+00 8.2800e-02 2.3401e-01
3.6555e-01 0.0000e+00 1.0602e-01 -4.0547e-01 2.1554e-01 1.3803e-01 0.0000e+00 -1.0000e-01 0.0000e+00 9.1828e-02 2.3425e-01
3.8766e-01 0.0000e+00 1.0072e-01 -4.4552e-01 2.1351e-01 1.3579e-01 0.0000e+00 -8.7914e-02 0.0000e+00 8.2604e-02 2.3401e-01
3.7013e-01 0.0000e+00 9.3858e-02 -4.6384e-01 2.2564e-01 1.4474e-01 0.0000e+00 -1.0000e-01 0.0000e+00 9.0976e-02 2.3373e-01
3.8153e-01 0.0000e+00 1.0189e-01 -4.1954e-01 2.0824e-01 1.3171e-01 0.0000e+00 -9.9376e-02 0.0000e+00 8.8459e-02 2.3391e-01
3.8261e-01 0.0000e+00 1.0609e-01 -3.9839e-01 2.0450e-01 1.2873e-01 0.0000e+00 -9.5926e-02 0.0000e+00 8.7124e-02 2.3422e-01
3.6555e-01 0.0000e+00 1.0602e-01 -4.0547e-01 2.1554e-01 1.3803e-01 0.0000e+00 -1.0000e-01 0.0000e+00 9.1828e-02 2.3425e-01
3.6555e-01 0.0000e+00 1.0602e-01 -4.0547e-01 2.1554e-01 1.3803e-01 0.0000e+00 -1.0000e-01 0.0000e+00 9.1828e-02 2.3425e-01
3.9642e-01 0.0000e+00 8.5746e-02 -4.9564e-01 2.2539e-01 1.4111e-01 0.0000e+00 -1.0000e-01 0.0000e+00 8.5592e-02 2.3390e-01
3.7129e-01 0.0000e+00 1.0456e-01 -4.1867e-01 2.1164e-01 1.3618e-01 0.0000e+00 -8.7370e-02 0.0000e+00 8.5793e-02 2.3401e-01
3.6204e-01 0.0000e+00 8.7972e-02 -4.9097e-01 2.3789e-01 1.5549e-01 0.0000e+00 -9.6073e-02 0.0000e+00 9.0703e-02 2.3365e-01
3.6555e-01 0.0000e+00 1.0602e-01 -4.0547e-01 2.1554e-01 1.3803e-01 0.0000e+00 -1.0000e-01 0.0000e+00 9.1828e-02 2.3425e-01
3.8424e-01 0.0000e+00 1.0247e-01 -4.2898e-01 2.1391e-01 1.3528e-01 0.0000e+00 -1.0000e-01 0.0000e+00 8.7579e-02 2.3377e-01
3.6555e-01 0.0000e+00 1.0602e-01 -4.0547e-01 2.1554e-01 1.3803e-01 0.0000e+00 -1.0000e-01 0.0000e+00 9.1828e-02 2.3425e-01
3.7553e-01 0.0000e+00 9.3609e-02 -4.7082e-01 2.2894e-01 1.4808e-01 0.0000e+00 -1.0000e-01 0.0000e+00 8.8730e-02 2.3377e-01
3.7667e-01 0.0000e+00 1.1865e-01 -3.6745e-01 2.0951e-01 1.3245e-01 0.0000e+00 -1.0000e-01 0.0000e+00 8.8869e-02 2.3486e-01
3.6555e-01 0.0000e+00 1.0602e-01 -4.0547e-01 2.1554e-01 1.3803e-01 0.0000e+00 -1.0000e-01 0.0000e+00 9.1828e-02 2.3425e-01
3.6555e-01 0.0000e+00 1.0602e-01 -4.0547e-01 2.1554e-01 1.3803e-01 0.0000e+00 -1.0000e-01 0.0000e+00 9.1828e-02 2.3425e-01
3.7568e-01 0.0000e+00 1.0098e-01 -4.1818e-01 2.0770e-01 1.3370e-01 0.0000e+00 -9.1576e-02 0.0000e+00 8.6234e-02 2.3409e-01
3.6555e-01 0.0000e+00 1.0602e-01 -4.0547e-01 2.1554e-01 1.3803e-01 0.0000e+00 -1.0000e-01 0.0000e+00 9.1828e-02 2.3425e-01
3.6892e-01 0.0000e+00 1.1272e-01 -3.9456e-01 2.1233e-01 1.3560e-01 0.0000e+00 -8.2367e-02 0.0000e+00 8.4622e-02 2.3473e-01
