0.0000e+00 2.3668e-01 1.3105e-01 1.7152e-01 1.2232e-01 7.5000e-03 1.3844e-01 3.9041e-02 1.0000e-01 1.0000e-02 1.5774e-01
0.0000e+00 2.3572e-01 1.3118e-01 1.7092e-01 1.2334e-01 8.0000e-03 1.3924e-01 3.8933e-02 1.0000e-01 1.0000e-02 1.5828e-01
0.0000e+00 2.3552e-01 1.3119e-01 1.7078e-01 1.2362e-01 8.5000e-03 1.3924e-01 3.8923e-02 1.0000e-01 1.0000e-02 1.5882e-01
0.0000e+00 2.3536e-01 1.3113e-01 1.7064e-01 1.2384e-01 9.0000e-03 1.3919e-01 3.8920e-02 1.0000e-01 1.0000e-02 1.5936e-01
0.0000e+00 2.3515e-01 1.3114e-01 1.7048e-01 1.2415e-01 9.5000e-03 1.3923e-01 3.8905e-02 1.0000e-01 1.0000e-02 1.5990e-01
0.0000e+00 2.3508e-01 1.3117e-01 1.7041e-01 1.2436e-01 1.0000e-02 1.3914e-01 3.8896e-02 1.0000e-01 1.0000e-02 1.6044e-01
0.0000e+00 2.3473e-01 1.3117e-01 1.7018e-01 1.2473e-01 1.0500e-02 1.3925e-01 3.8880e-02 1.0000e-01 1.0000e-02 1.6099e-01
0.0000e+00 2.3459e-01 1.3119e-01 1.7005e-01 1.2501e-01 1.1000e-02 1.3926e-01 3.8854e-02 1.0000e-01 1.0000e-02 1.6154e-01
0.0000e+00 2.3440e-01 1.3119e-01 1.6993e-01 1.2525e-01 1.1500e-02 1.3921e-01 3.8860e-02 1.0000e-01 1.0000e-02 1.6208e-01
0.0000e+00 2.3416e-01 1.3119e-01 1.6974e-01 1.2563e-01 1.2000e-02 1.3932e-01 3.8831e-02 1.0000e-01 1.0000e-02 1.6263e-01
0.0000e+00 2.3382e-01 1.3119e-01 1.6954e-01 1.2589e-01 1.2500e-02 1.3931e-01 3.8830e-02 1.0000e-01 1.0000e-02 1.6318e-01
0.0000e+00 2.3365e-01 1.3121e-01 1.6941e-01 1.2618e-01 1.3000e-02 1.3931e-01 3.8811e-02 1.0000e-01 1.0000e-02 1.6374e-01
0.0000e+00 2.3349e-01 1.3125e-01 1.6929e-01 1.2650e-01 1.3500e-02 1.3935e-01 3.8798e-02 1.0000e-01 1.0000e-02 1.6429e-01
0.0000e+00 2.3320e-01 1.3119e-01 1.6908e-01 1.2677e-01 1.4000e-02 1.3936e-01 3.8790e-02 1.0000e-01 1.0000e-02 1.6485e-01
0.0000e+00 2.3293e-01 1.3121e-01 1.6890e-01 1.2713e-01 1.4500e-02 1.3945e-01 3.8768e-02 1.0000e-01 1.0000e-02 1.6540e-01
0.0000e+00 2.3275e-01 1.3116e-01 1.6878e-01 1.2729e-01 1.5000e-02 1.3933e-01 3.8777e-02 1.0000e-01 1.0000e-02 1.6596e-01
0.0000e+00 2.3242e-01 1.3117e-01 1.6856e-01 1.2769e-01 1.5500e-02 1.3947e-01 3.8756e-02 1.0000e-01 1.0000e-02 1.6652e-01
0.0000e+00 2.3209e-01 1.3116e-01 1.6833e-01 1.2804e-01 1.6000e-02 1.3956e-01 3.8736e-02 1.0000e-01 1.0000e-02 1.6707e-01
0.0000e+00 2.3183e-01 1.3116e-01 1.6816e-01 1.2834e-01 1.6500e-02 1.3958e-01 3.8723e-02 1.0000e-01 1.0000e-02 1.6763e-01
0.0000e+00 2.3168e-01 1.3116e-01 1.6803e-01 1.2864e-01 1.7000e-02 1.3961e-01 3.8709e-02 1.0000e-01 1.0000e-02 1.6819e-01
0.0000e+00 2.3139e-01 1.3116e-01 1.6783e-01 1.2897e-01 1.7500e-02 1.3967e-01 3.8689e-02 1.0000e-01 1.0000e-02 1.6876e-01
0.0000e+00 2.3103e-01 1.3117e-01 1.6762e-01 1.2932e-01 1.8000e-02 1.3975e-01 3.8683e-02 1.0000e-01 1.0000e-02 1.6932e-01
0.0000e+00 2.3090e-01 1.3116e-01 1.6750e-01 1.2957e-01 1.8500e-02 1.3972e-01 3.8669e-02 1.0000e-01 1.0000e-02 1.6988e-01
0.0000e+00 2.2957e-01 1.3118e-01 1.6670e-01 1.3073e-01 1.9000e-02 1.4072e-01 3.8556e-02 1.0000e-01 1.0000e-02 1.7044e-01
0.0000e+00 2.2933e-01 1.3119e-01 1.6655e-01 1.3103e-01 1.9500e-02 1.4074e-01 3.8551e-02 1.0000e-01 1.0000e-02 1.7100e-01
0.0000e+00 2.2896e-01 1.3117e-01 1.6632e-01 1.3139e-01 2.0000e-02 1.4085e-01 3.8536e-02 1.0000e-01 1.0000e-02 1.7156e-01
0.0000e+00 2.2877e-01 1.3118e-01 1.6614e-01 1.3180e-01 2.0500e-02 1.4098e-01 3.8501e-02 1.0000e-01 1.0000e-02 1.7212e-01
0.0000e+00 2.2846e-01 1.3118e-01 1.6596e-01 1.3208e-01 2.1000e-02 1.4099e-01 3.8497e-02 1.0000e-01 1.0000e-02 1.7268e-01
0.0000e+00 2.2821e-01 1.3116e-01 1.6577e-01 1.3244e-01 2.1500e-02 1.4110e-01 3.8472e-02 1.0000e-01 1.0000e-02 1.7324e-01
0.0000e+00 2.2793e-01 1.3112e-01 1.6559e-01 1.3270e-01 2.2000e-02 1.4109e-01 3.8468e-02 1.0000e-01 1.0000e-02 1.7380e-01
0.0000e+00 2.2746e-01 1.3115e-01 1.6534e-01 1.3310e-01 2.2500e-02 1.4122e-01 3.8465e-02 1.0000e-01 1.0000e-02 1.7436e-01
0.0000e+00 2.2720e-01 1.3107e-01 1.6514e-01 1.3338e-01 2.3000e-02 1.4126e-01 3.8453e-02 1.0000e-01 1.0000e-02 1.7492e-01
0.0000e+00 2.2680e-01 1.3112e-01 1.6490e-01 1.3384e-01 2.3500e-02 1.4145e-01 3.8421e-02 1.0000e-01 1.0000e-02 1.7548e-01
0.0000e+00 2.2657e-01 1.3109e-01 1.6472e-01 1.3418e-01 2.4000e-02 1.4153e-01 3.8403e-02 1.0000e-01 1.0000e-02 1.7604e-01
0.0000e+00 2.2615e-01 1.3107e-01 1.6448e-01 1.3448e-01 2.4500e-02 1.4157e-01 3.8396e-02 1.0000e-01 1.0000e-02 1.7660e-01
0.0000e+00 2.2603e-01 1.3105e-01 1.6436e-01 1.3479e-01 2.5000e-02 1.4162e-01 3.8376e-02 1.0000e-01 1.0000e-02 1.7716e-01
0.0000e+00 2.2546e-01 1.3103e-01 1.6404e-01 1.3522e-01 2.5500e-02 1.4180e-01 3.8364e-02 1.0000e-01 1.0000e-02 1.7771e-01
0.0000e+00 2.2520e-01 1.3102e-01 1.6386e-01 1.3555e-01 2.6000e-02 1.4186e-01 3.8350e-02 1.0000e-01 1.0000e-02 1.7827e-01
0.0000e+00 2.2488e-01 1.3103e-01 1.6365e-01 1.3595e-01 2.6500e-02 1.4200e-01 3.8326e-02 1.0000e-01 1.0000e-02 1.7883e-01
0.0000e+00 2.2363e-01 1.3104e-01 1.6292e-01 1.3708e-01 2.7000e-02 1.4296e-01 3.8232e-02 1.0000e-01 1.0000e-02 1.7939e-01
0.0000e+00 2.2322e-01 1.3103e-01 1.6265e-01 1.3751e-01 2.7500e-02 1.4315e-01 3.8203e-02 1.0000e-01 1.0000e-02 1.7994e-01
0.0000e+00 2.2296e-01 1.3097e-01 1.6246e-01 1.3780e-01 2.8000e-02 1.4319e-01 3.8188e-02 1.0000e-01 1.0000e-02 1.8049e-01
0.0000e+00 2.2253e-01 1.3095e-01 1.6223e-01 1.3813e-01 2.8500e-02 1.4327e-01 3.8186e-02 1.0000e-01 1.0000e-02 1.8104e-01
0.0000e+00 2.2223e-01 1.3099e-01 1.6201e-01 1.3864e-01 2.9000e-02 1.4351e-01 3.8142e-02 1.0000e-01 1.0000e-02 1.8159e-01
0.0000e+00 2.2193e-01 1.3095e-01 1.6180e-01 1.3899e-01 2.9500e-02 1.4361e-01 3.8122e-02 1.0000e-01 1.0000e-02 1.8215e-01
0.0000e+00 2.2159e-01 1.3094e-01 1.6161e-01 1.3931e-01 3.0000e-02 1.4367e-01 3.8121e-02 1.0000e-01 1.0000e-02 1.8269e-01
0.0000e+00 2.2128e-01 1.3090e-01 1.6140e-01 1.3963e-01 3.0500e-02 1.4374e-01 3.8107e-02 1.0000e-01 1.0000e-02 1.8324e-01
0.0000e+00 2.2072e-01 1.3088e-01 1.6108e-01 1.4010e-01 3.1000e-02 1.4398e-01 3.8087e-02 1.0000e-01 1.0000e-02 1.8379e-01
0.0000e+00 2.2056e-01 1.3088e-01 1.6097e-01 1.4036e-01 3.1500e-02 1.4395e-01 3.8081e-02 1.0000e-01 1.0000e-02 1.8434e-01
0.0000e+00 2.2015e-01 1.3085e-01 1.6071e-01 1.4075e-01 3.2000e-02 1.4410e-01 3.8057e-02 1.0000e-01 1.0000e-02 1.8489e-01
0.0000e+00 2.1974e-01 1.3083e-01 1.6044e-01 1.4126e-01 3.2500e-02 1.4437e-01 3.8027e-02 1.0000e-01 1.0000e-02 1.8543e-01
