0.0000e+00 1.8755e-01 1.6776e-01 1.5731e-01 1.2978e-01 3.4972e-02 1.4260e-01 3.8788e-02 1.1429e-01 7.5000e-03 1.1725e-01
0.0000e+00 1.8640e-01 1.6782e-01 1.5703e-01 1.2935e-01 3.4556e-02 1.4242e-01 3.8753e-02 1.1452e-01 8.0000e-03 1.1725e-01
0.0000e+00 1.8461e-01 1.6812e-01 1.5668e-01 1.2796e-01 3.4856e-02 1.4050e-01 3.9006e-02 1.1493e-01 8.5000e-03 1.1726e-01
0.0000e+00 1.8386e-01 1.6932e-01 1.5683e-01 1.2838e-01 3.5211e-02 1.4121e-01 3.8679e-02 1.1521e-01 9.0000e-03 1.1724e-01
0.0000e+00 1.8276e-01 1.6862e-01 1.5670e-01 1.2697e-01 3.4627e-02 1.3999e-01 3.8851e-02 1.1530e-01 9.5000e-03 1.1724e-01
0.0000e+00 1.8109e-01 1.7013e-01 1.5614e-01 1.2740e-01 3.5721e-02 1.3977e-01 3.8703e-02 1.1588e-01 1.0000e-02 1.1724e-01
0.0000e+00 1.7990e-01 1.7128e-01 1.5591e-01 1.2715e-01 3.7464e-02 1.3857e-01 3.8653e-02 1.1645e-01 1.0500e-02 1.1724e-01
0.0000e+00 1.7840e-01 1.7146e-01 1.5554e-01 1.2722e-01 3.6268e-02 1.3932e-01 3.8557e-02 1.1653e-01 1.1000e-02 1.1724e-01
0.0000e+00 1.7683e-01 1.7190e-01 1.5519e-01 1.2674e-01 3.6853e-02 1.3865e-01 3.8570e-02 1.1696e-01 1.1500e-02 1.1724e-01
0.0000e+00 1.7563e-01 1.7308e-01 1.5507e-01 1.2647e-01 3.8774e-02 1.3739e-01 3.8499e-02 1.1743e-01 1.2000e-02 1.1723e-01
0.0000e+00 1.7478e-01 1.7273e-01 1.5466e-01 1.2621e-01 3.6768e-02 1.3801e-01 3.8439e-02 1.1752e-01 1.2500e-02 1.1724e-01
0.0000e+00 1.7331e-01 1.7338e-01 1.5438e-01 1.2595e-01 3.7351e-02 1.3749e-01 3.8403e-02 1.1788e-01 1.3000e-02 1.1724e-01
0.0000e+00 1.7316e-01 1.7337e-01 1.5483e-01 1.2488e-01 3.6581e-02 1.3669e-01 3.8442e-02 1.1791e-01 1.3500e-02 1.1725e-01
0.0000e+00 1.7074e-01 1.7415e-01 1.5372e-01 1.2492e-01 3.8632e-02 1.3565e-01 3.8440e-02 1.1864e-01 1.4000e-02 1.1724e-01
0.0000e+00 1.6967e-01 1.7511e-01 1.5363e-01 1.2468e-01 3.8711e-02 1.3537e-01 3.8356e-02 1.1902e-01 1.4500e-02 1.1725e-01
0.0000e+00 1.6827e-01 1.7588e-01 1.5322e-01 1.2442e-01 3.9774e-02 1.3449e-01 3.8329e-02 1.1951e-01 1.5000e-02 1.1725e-01
0.0000e+00 1.6689e-01 1.7572e-01 1.5292e-01 1.2357e-01 3.9653e-02 1.3362e-01 3.8438e-02 1.1975e-01 1.5500e-02 1.1726e-01
0.0000e+00 1.6712e-01 1.7641e-01 1.5339e-01 1.2404e-01 3.7858e-02 1.3520e-01 3.8058e-02 1.1963e-01 1.6000e-02 1.1726e-01
0.0000e+00 1.6441e-01 1.7780e-01 1.5249e-01 1.2382e-01 4.0408e-02 1.3371e-01 3.8104e-02 1.2049e-01 1.6500e-02 1.1727e-01
0.0000e+00 1.6424e-01 1.7749e-01 1.5284e-01 1.2296e-01 3.8365e-02 1.3377e-01 3.8093e-02 1.2034e-01 1.7000e-02 1.1728e-01
0.0000e+00 1.6244e-01 1.7845e-01 1.5233e-01 1.2252e-01 4.0868e-02 1.3204e-01 3.8143e-02 1.2103e-01 1.7500e-02 1.1728e-01
0.0000e+00 1.6123e-01 1.7888e-01 1.5209e-01 1.2244e-01 4.1174e-02 1.3191e-01 3.8057e-02 1.2130e-01 1.8000e-02 1.1728e-01
0.0000e+00 1.5993e-01 1.7995e-01 1.5167e-01 1.2219e-01 4.2170e-02 1.3097e-01 3.8042e-02 1.2193e-01 1.8500e-02 1.1729e-01
0.0000e+00 1.5939e-01 1.7985e-01 1.5161e-01 1.2211e-01 4.0329e-02 1.3190e-01 3.7881e-02 1.2191e-01 1.9000e-02 1.1730e-01
0.0000e+00 1.5747e-01 1.8102e-01 1.5136e-01 1.2183e-01 4.2469e-02 1.3073e-01 3.7870e-02 1.2246e-01 1.9500e-02 1.1730e-01
0.0000e+00 1.5593e-01 1.8161e-01 1.5061e-01 1.2160e-01 4.3060e-02 1.2992e-01 3.7888e-02 1.2304e-01 2.0000e-02 1.1731e-01
0.0000e+00 1.5470e-01 1.8218e-01 1.5075e-01 1.2110e-01 4.3538e-02 1.2950e-01 3.7829e-02 1.2326e-01 2.0500e-02 1.1732e-01
0.0000e+00 1.5327e-01 1.8270e-01 1.5052e-01 1.2054e-01 4.4578e-02 1.2820e-01 3.7924e-02 1.2358e-01 2.1000e-02 1.1733e-01
0.0000e+00 1.5233e-01 1.8344e-01 1.5031e-01 1.2033e-01 4.4660e-02 1.2786e-01 3.7851e-02 1.2398e-01 2.1500e-02 1.1734e-01
0.0000e+00 1.5177e-01 1.8402e-01 1.4989e-01 1.2054e-01 4.3930e-02 1.2833e-01 3.7643e-02 1.2438e-01 2.2000e-02 1.1735e-01
0.0000e+00 1.5002e-01 1.8501e-01 1.4975e-01 1.2053e-01 4.4267e-02 1.2852e-01 3.7497e-02 1.2466e-01 2.2500e-02 1.1736e-01
0.0000e+00 1.4850e-01 1.8490e-01 1.4956e-01 1.1951e-01 4.4863e-02 1.2714e-01 3.7688e-02 1.2493e-01 2.3000e-02 1.1737e-01
0.0000e+00 1.4804e-01 1.8590e-01 1.4912e-01 1.2024e-01 4.4903e-02 1.2766e-01 3.7421e-02 1.2538e-01 2.3500e-02 1.1738e-01
0.0000e+00 1.4632e-01 1.8649e-01 1.4887e-01 1.1951e-01 4.5547e-02 1.2657e-01 3.7524e-02 1.2579e-01 2.4000e-02 1.1739e-01
0.0000e+00 1.4520e-01 1.8688e-01 1.4887e-01 1.1897e-01 4.5805e-02 1.2606e-01 3.7486e-02 1.2603e-01 2.4500e-02 1.1740e-01
0.0000e+00 1.4415e-01 1.8766e-01 1.4873e-01 1.1861e-01 4.6288e-02 1.2543e-01 3.7422e-02 1.2640e-01 2.5000e-02 1.1741e-01
0.0000e+00 1.4334e-01 1.8853e-01 1.4835e-01 1.1962e-01 4.6795e-02 1.2625e-01 3.7116e-02 1.2669e-01 2.5500e-02 1.1743e-01
0.0000e+00 1.4271e-01 1.8836e-01 1.4849e-01 1.1857e-01 4.5366e-02 1.2588e-01 3.7155e-02 1.2676e-01 2.6000e-02 1.1743e-01
0.0000e+00 1.4120e-01 1.8926e-01 1.4820e-01 1.1857e-01 4.6651e-02 1.2521e-01 3.7134e-02 1.2719e-01 2.6500e-02 1.1745e-01
0.0000e+00 1.4012e-01 1.8974e-01 1.4804e-01 1.1793e-01 4.6772e-02 1.2445e-01 3.7146e-02 1.2755e-01 2.7000e-02 1.1746e-01
0.0000e+00 1.3937e-01 1.9028e-01 1.4809e-01 1.1736e-01 4.7171e-02 1.2369e-01 3.7100e-02 1.2786e-01 2.7500e-02 1.1747e-01
0.0000e+00 1.3903e-01 1.8949e-01 1.4745e-01 1.1712e-01 4.5247e-02 1.2394e-01 3.7089e-02 1.2798e-01 2.8000e-02 1.1749e-01
0.0000e+00 1.3674e-01 1.9090e-01 1.4654e-01 1.1707e-01 4.8178e-02 1.2219e-01 3.7182e-02 1.2894e-01 2.8500e-02 1.1750e-01
0.0000e+00 1.3591e-01 1.9136e-01 1.4743e-01 1.1595e-01 4.8009e-02 1.2174e-01 3.7137e-02 1.2888e-01 2.9000e-02 1.1752e-01
0.0000e+00 1.3583e-01 1.9161e-01 1.4723e-01 1.1642e-01 4.7004e-02 1.2256e-01 3.6890e-02 1.2899e-01 2.9500e-02 1.1753e-01
0.0000e+00 1.3413e-01 1.9318e-01 1.4671e-01 1.1663e-01 4.8397e-02 1.2208e-01 3.6765e-02 1.2969e-01 3.0000e-02 1.1754e-01
0.0000e+00 1.3250e-01 1.9399e-01 1.4645e-01 1.1654e-01 4.8939e-02 1.2186e-01 3.6729e-02 1.3008e-01 3.0500e-02 1.1756e-01
0.0000e+00 1.3125e-01 1.9419e-01 1.4648e-01 1.1585e-01 4.9786e-02 1.2078e-01 3.6811e-02 1.3029e-01 3.1000e-02 1.1757e-01
0.0000e+00 1.3074e-01 1.9408e-01 1.4603e-01 1.1544e-01 4.8773e-02 1.2058e-01 3.6781e-02 1.3060e-01 3.1500e-02 1.1759e-01
0.0000e+00 1.2972e-01 1.9470e-01 1.4644e-01 1.1470e-01 4.9599e-02 1.1955e-01 3.6822e-02 1.3075e-01 3.2000e-02 1.1761e-01
0.0000e+00 1.2882e-01 1.9564e-01 1.4613e-01 1.1486e-01 4.9826e-02 1.1953e-01 3.6655e-02 1.3116e-01 3.2500e-02 1.1762e-01
