0.0000e+00 2.3878e-01 1.3238e-01 1.7226e-01 1.2308e-01 1.0000e-02 1.3882e-01 3.9361e-02 1.0000e-01 7.5000e-03 1.5133e-01
0.0000e+00 2.3821e-01 1.3213e-01 1.7200e-01 1.2318e-01 1.0000e-02 1.3870e-01 3.9290e-02 1.0000e-01 8.0000e-03 1.5310e-01
0.0000e+00 2.3708e-01 1.3193e-01 1.7134e-01 1.2393e-01 1.0000e-02 1.3931e-01 3.9123e-02 1.0000e-01 8.5000e-03 1.5490e-01
0.0000e+00 2.3631e-01 1.3168e-01 1.7100e-01 1.2407e-01 1.0000e-02 1.3924e-01 3.9054e-02 1.0000e-01 9.0000e-03 1.5673e-01
0.0000e+00 2.3558e-01 1.3145e-01 1.7066e-01 1.2428e-01 1.0000e-02 1.3926e-01 3.8974e-02 1.0000e-01 9.5000e-03 1.5858e-01
0.0000e+00 2.3497e-01 1.3113e-01 1.7033e-01 1.2444e-01 1.0000e-02 1.3924e-01 3.8892e-02 1.0000e-01 1.0000e-02 1.6044e-01
0.0000e+00 2.3428e-01 1.3091e-01 1.7003e-01 1.2456e-01 1.0000e-02 1.3915e-01 3.8821e-02 1.0000e-01 1.0500e-02 1.6233e-01
0.0000e+00 2.3332e-01 1.3063e-01 1.6954e-01 1.2491e-01 1.0000e-02 1.3935e-01 3.8720e-02 1.0000e-01 1.1000e-02 1.6423e-01
0.0000e+00 2.3245e-01 1.3035e-01 1.6914e-01 1.2508e-01 1.0000e-02 1.3934e-01 3.8650e-02 1.0000e-01 1.1500e-02 1.6614e-01
0.0000e+00 2.3155e-01 1.3008e-01 1.6867e-01 1.2543e-01 1.0000e-02 1.3954e-01 3.8547e-02 1.0000e-01 1.2000e-02 1.6807e-01
0.0000e+00 2.3064e-01 1.2976e-01 1.6825e-01 1.2559e-01 1.0000e-02 1.3953e-01 3.8486e-02 1.0000e-01 1.2500e-02 1.7001e-01
0.0000e+00 2.2967e-01 1.2944e-01 1.6773e-01 1.2593e-01 1.0000e-02 1.3974e-01 3.8378e-02 1.0000e-01 1.3000e-02 1.7195e-01
0.0000e+00 2.2851e-01 1.2913e-01 1.6720e-01 1.2618e-01 1.0000e-02 1.3984e-01 3.8319e-02 1.0000e-01 1.3500e-02 1.7391e-01
0.0000e+00 2.2748e-01 1.2886e-01 1.6669e-01 1.2654e-01 1.0000e-02 1.4005e-01 3.8221e-02 1.0000e-01 1.4000e-02 1.7586e-01
0.0000e+00 2.2551e-01 1.2858e-01 1.6562e-01 1.2764e-01 1.0000e-02 1.4111e-01 3.8032e-02 1.0000e-01 1.4500e-02 1.7782e-01
0.0000e+00 2.2425e-01 1.2830e-01 1.6500e-01 1.2806e-01 1.0000e-02 1.4141e-01 3.7928e-02 1.0000e-01 1.5000e-02 1.7977e-01
0.0000e+00 2.2313e-01 1.2800e-01 1.6443e-01 1.2845e-01 1.0000e-02 1.4169e-01 3.7821e-02 1.0000e-01 1.5500e-02 1.8172e-01
0.0000e+00 2.2191e-01 1.2764e-01 1.6383e-01 1.2879e-01 1.0000e-02 1.4193e-01 3.7736e-02 1.0000e-01 1.6000e-02 1.8367e-01
0.0000e+00 2.2039e-01 1.2734e-01 1.6313e-01 1.2919e-01 1.0000e-02 1.4222e-01 3.7661e-02 1.0000e-01 1.6500e-02 1.8562e-01
0.0000e+00 2.1945e-01 1.2701e-01 1.6264e-01 1.2950e-01 1.0000e-02 1.4242e-01 3.7559e-02 1.0000e-01 1.7000e-02 1.8757e-01
0.0000e+00 2.1704e-01 1.2679e-01 1.6139e-01 1.3076e-01 1.0000e-02 1.4369e-01 3.7354e-02 1.0000e-01 1.7500e-02 1.8951e-01
0.0000e+00 2.1564e-01 1.2644e-01 1.6071e-01 1.3118e-01 1.0000e-02 1.4403e-01 3.7265e-02 1.0000e-01 1.8000e-02 1.9143e-01
0.0000e+00 2.1440e-01 1.2616e-01 1.6014e-01 1.3150e-01 1.0000e-02 1.4425e-01 3.7177e-02 1.0000e-01 1.8500e-02 1.9335e-01
0.0000e+00 2.1308e-01 1.2577e-01 1.5945e-01 1.3193e-01 1.0000e-02 1.4464e-01 3.7068e-02 1.0000e-01 1.9000e-02 1.9526e-01
0.0000e+00 2.1165e-01 1.2544e-01 1.5875e-01 1.3239e-01 1.0000e-02 1.4503e-01 3.6959e-02 1.0000e-01 1.9500e-02 1.9716e-01
0.0000e+00 2.1025e-01 1.2513e-01 1.5810e-01 1.3275e-01 1.0000e-02 1.4532e-01 3.6876e-02 1.0000e-01 2.0000e-02 1.9906e-01
0.0000e+00 2.0800e-01 1.2489e-01 1.5692e-01 1.3395e-01 1.0000e-02 1.4656e-01 3.6661e-02 1.0000e-01 2.0500e-02 2.0094e-01
0.0000e+00 2.0656e-01 1.2454e-01 1.5623e-01 1.3436e-01 1.0000e-02 1.4692e-01 3.6573e-02 1.0000e-01 2.1000e-02 2.0280e-01
0.0000e+00 2.0512e-01 1.2423e-01 1.5555e-01 1.3479e-01 1.0000e-02 1.4730e-01 3.6468e-02 1.0000e-01 2.1500e-02 2.0465e-01
0.0000e+00 2.0376e-01 1.2391e-01 1.5491e-01 1.3514e-01 1.0000e-02 1.4760e-01 3.6377e-02 1.0000e-01 2.2000e-02 2.0649e-01
0.0000e+00 2.0231e-01 1.2359e-01 1.5418e-01 1.3567e-01 1.0000e-02 1.4811e-01 3.6249e-02 1.0000e-01 2.2500e-02 2.0832e-01
0.0000e+00 2.0106e-01 1.2326e-01 1.5358e-01 1.3597e-01 1.0000e-02 1.4835e-01 3.6158e-02 1.0000e-01 2.3000e-02 2.1013e-01
0.0000e+00 1.9879e-01 1.2303e-01 1.5243e-01 1.3712e-01 1.0000e-02 1.4957e-01 3.5953e-02 1.0000e-01 2.3500e-02 2.1193e-01
0.0000e+00 1.9735e-01 1.2269e-01 1.5176e-01 1.3749e-01 1.0000e-02 1.4991e-01 3.5864e-02 1.0000e-01 2.4000e-02 2.1371e-01
0.0000e+00 1.9592e-01 1.2238e-01 1.5107e-01 1.3793e-01 1.0000e-02 1.5033e-01 3.5752e-02 1.0000e-01 2.4500e-02 2.1548e-01
0.0000e+00 1.9448e-01 1.2202e-01 1.5035e-01 1.3836e-01 1.0000e-02 1.5077e-01 3.5637e-02 1.0000e-01 2.5000e-02 2.1724e-01
0.0000e+00 1.9324e-01 1.2176e-01 1.4979e-01 1.3869e-01 1.0000e-02 1.5103e-01 3.5543e-02 1.0000e-01 2.5500e-02 2.1898e-01
0.0000e+00 1.9111e-01 1.2153e-01 1.4869e-01 1.3982e-01 1.0000e-02 1.5225e-01 3.5321e-02 1.0000e-01 2.6000e-02 2.2071e-01
0.0000e+00 1.8980e-01 1.2119e-01 1.4807e-01 1.4014e-01 1.0000e-02 1.5256e-01 3.5225e-02 1.0000e-01 2.6500e-02 2.2242e-01
0.0000e+00 1.8833e-01 1.2089e-01 1.4740e-01 1.4051e-01 1.0000e-02 1.5291e-01 3.5138e-02 1.0000e-01 2.7000e-02 2.2412e-01
0.0000e+00 1.8714e-01 1.2060e-01 1.4679e-01 1.4095e-01 1.0000e-02 1.5335e-01 3.4992e-02 1.0000e-01 2.7500e-02 2.2580e-01
0.0000e+00 1.8565e-01 1.2026e-01 1.4610e-01 1.4129e-01 1.0000e-02 1.5370e-01 3.4904e-02 1.0000e-01 2.8000e-02 2.2747e-01
0.0000e+00 1.8440e-01 1.1998e-01 1.4550e-01 1.4169e-01 1.0000e-02 1.5409e-01 3.4783e-02 1.0000e-01 2.8500e-02 2.2913e-01
0.0000e+00 1.8241e-01 1.1979e-01 1.4452e-01 1.4266e-01 1.0000e-02 1.5513e-01 3.4591e-02 1.0000e-01 2.9000e-02 2.3077e-01
0.0000e+00 1.8113e-01 1.1946e-01 1.4392e-01 1.4293e-01 1.0000e-02 1.5540e-01 3.4496e-02 1.0000e-01 2.9500e-02 2.3240e-01
0.0000e+00 1.7977e-01 1.1919e-01 1.4328e-01 1.4336e-01 1.0000e-02 1.5584e-01 3.4374e-02 1.0000e-01 3.0000e-02 2.3401e-01
0.0000e+00 1.7862e-01 1.1891e-01 1.4271e-01 1.4374e-01 1.0000e-02 1.5621e-01 3.4244e-02 1.0000e-01 3.0500e-02 2.3560e-01
0.0000e+00 1.7731e-01 1.1860e-01 1.4210e-01 1.4403e-01 1.0000e-02 1.5651e-01 3.4144e-02 1.0000e-01 3.1000e-02 2.3719e-01
0.0000e+00 1.7603e-01 1.1830e-01 1.4148e-01 1.4440e-01 1.0000e-02 1.5690e-01 3.4027e-02 1.0000e-01 3.1500e-02 2.3876e-01
0.0000e+00 1.7425e-01 1.1810e-01 1.4060e-01 1.4530e-01 1.0000e-02 1.5788e-01 3.3833e-02 1.0000e-01 3.2000e-02 2.4032e-01
0.0000e+00 1.7296e-01 1.1783e-01 1.4000e-01 1.4566e-01 1.0000e-02 1.5826e-01 3.3718e-02 1.0000e-01 3.2500e-02 2.4186e-01
