0.0000e+00 3.6077e-01 5.0000e-01 3.7718e-01 1.0000e-02 1.6797e-02 5.0000e-02 1.0000e-01 2.8555e-01 1.0000e-02 1.4637e+00
0.0000e+00 1.2553e-01 9.3586e-02 1.1313e-01 1.5000e-02 1.0000e-02 5.0000e-02 1.0000e-01 3.3307e-01 1.0000e-02 1.2986e+00
0.0000e+00 9.5603e-02 9.7620e-02 1.0947e-01 2.0000e-02 1.0000e-02 5.0000e-02 1.0000e-01 2.7829e-01 1.0000e-02 9.8585e-01
0.0000e+00 1.5571e-01 1.2891e-01 1.6111e-01 2.5000e-02 1.0000e-02 5.0000e-02 6.7457e-02 1.7269e-01 1.0000e-02 5.9473e-01
0.0000e+00 1.7631e-01 1.2077e-01 1.7290e-01 3.0000e-02 1.0000e-02 5.0000e-02 7.1981e-02 1.5201e-01 1.0000e-02 3.1169e-01
0.0000e+00 1.7231e-01 1.2813e-01 1.7881e-01 3.5000e-02 1.0000e-02 5.0000e-02 6.9449e-02 1.4645e-01 3.4017e-02 1.9923e-01
0.0000e+00 7.7485e-02 1.8335e-01 1.7177e-01 4.0000e-02 1.2395e-02 5.0000e-02 5.8257e-02 1.6489e-01 1.0000e-01 1.5802e-01
0.0000e+00 5.2111e-02 2.0010e-01 1.6511e-01 4.5000e-02 2.4107e-02 5.0000e-02 5.5659e-02 1.6602e-01 1.0000e-01 1.4836e-01
0.0000e+00 5.0000e-02 2.0436e-01 1.6113e-01 5.0000e-02 2.6467e-02 5.4632e-02 5.1678e-02 1.6347e-01 9.8554e-02 1.4246e-01
0.0000e+00 5.0000e-02 2.0631e-01 1.5703e-01 5.5000e-02 2.7571e-02 6.0145e-02 4.8535e-02 1.6071e-01 9.5031e-02 1.3764e-01
0.0000e+00 5.0000e-02 2.0858e-01 1.5308e-01 6.0000e-02 2.9727e-02 6.5071e-02 4.5886e-02 1.5873e-01 9.1586e-02 1.3351e-01
0.0000e+00 5.0000e-02 2.1121e-01 1.4935e-01 6.5000e-02 3.2491e-02 6.9663e-02 4.3512e-02 1.5742e-01 8.8545e-02 1.3006e-01
0.0000e+00 5.0000e-02 2.1414e-01 1.4586e-01 7.0000e-02 3.5833e-02 7.3917e-02 4.1395e-02 1.5665e-01 8.5833e-02 1.2727e-01
0.0000e+00 5.3738e-02 2.1522e-01 1.4359e-01 7.5000e-02 3.9106e-02 7.8257e-02 3.9861e-02 1.5500e-01 8.1293e-02 1.2509e-01
0.0000e+00 6.5926e-02 2.1156e-01 1.4397e-01 8.0000e-02 4.1133e-02 8.3394e-02 3.9316e-02 1.5052e-01 7.2412e-02 1.2329e-01
0.0000e+00 7.7052e-02 2.0843e-01 1.4445e-01 8.5000e-02 4.2916e-02 8.8629e-02 3.8799e-02 1.4657e-01 6.4607e-02 1.2178e-01
0.0000e+00 8.8006e-02 2.0531e-01 1.4522e-01 9.0000e-02 4.4243e-02 9.4084e-02 3.8367e-02 1.4277e-01 5.7325e-02 1.2054e-01
0.0000e+00 9.8809e-02 2.0185e-01 1.4576e-01 9.5000e-02 4.5246e-02 9.9455e-02 3.8116e-02 1.3931e-01 5.0491e-02 1.1954e-01
0.0000e+00 1.0926e-01 1.9842e-01 1.4628e-01 1.0000e-01 4.6080e-02 1.0477e-01 3.7964e-02 1.3614e-01 4.4124e-02 1.1877e-01
0.0000e+00 1.2089e-01 1.9415e-01 1.4729e-01 1.0500e-01 4.5875e-02 1.1053e-01 3.7944e-02 1.3266e-01 3.7641e-02 1.1818e-01
0.0000e+00 1.3343e-01 1.8918e-01 1.4869e-01 1.1000e-01 4.4806e-02 1.1664e-01 3.8057e-02 1.2896e-01 3.1082e-02 1.1776e-01
0.0000e+00 1.4677e-01 1.8382e-01 1.5054e-01 1.1500e-01 4.3107e-02 1.2298e-01 3.8238e-02 1.2514e-01 2.4625e-02 1.1748e-01
0.0000e+00 1.6063e-01 1.7806e-01 1.5268e-01 1.2000e-01 4.0324e-02 1.2976e-01 3.8433e-02 1.2124e-01 1.8433e-02 1.1731e-01
0.0000e+00 1.7367e-01 1.7306e-01 1.5484e-01 1.2500e-01 3.7811e-02 1.3634e-01 3.8566e-02 1.1778e-01 1.2923e-02 1.1723e-01
0.0000e+00 1.8048e-01 1.7181e-01 1.5556e-01 1.3000e-01 3.7247e-02 1.4195e-01 3.8252e-02 1.1623e-01 1.0023e-02 1.1726e-01
0.0000e+00 1.7892e-01 1.7561e-01 1.5415e-01 1.3500e-01 4.0483e-02 1.4584e-01 3.7473e-02 1.1723e-01 1.0002e-02 1.1748e-01
0.0000e+00 1.7808e-01 1.7942e-01 1.5303e-01 1.4000e-01 4.3484e-02 1.4975e-01 3.6685e-02 1.1822e-01 1.0000e-02 1.1790e-01
0.0000e+00 1.7653e-01 1.8349e-01 1.5175e-01 1.4500e-01 4.7437e-02 1.5323e-01 3.6019e-02 1.1941e-01 1.0000e-02 1.1849e-01
0.0000e+00 1.7495e-01 1.8793e-01 1.5051e-01 1.5000e-01 5.2245e-02 1.5633e-01 3.5382e-02 1.2080e-01 1.0000e-02 1.1922e-01
0.0000e+00 1.7356e-01 1.9228e-01 1.4937e-01 1.5500e-01 5.6684e-02 1.5958e-01 3.4779e-02 1.2219e-01 1.0000e-02 1.2006e-01
0.0000e+00 1.7218e-01 1.9690e-01 1.4828e-01 1.6000e-01 6.1611e-02 1.6260e-01 3.4214e-02 1.2371e-01 1.0000e-02 1.2101e-01
0.0000e+00 1.7061e-01 2.0160e-01 1.4714e-01 1.6500e-01 6.7087e-02 1.6537e-01 3.3701e-02 1.2534e-01 1.0000e-02 1.2202e-01
0.0000e+00 1.6919e-01 2.0647e-01 1.4611e-01 1.7000e-01 7.2800e-02 1.6802e-01 3.3212e-02 1.2703e-01 1.0000e-02 1.2311e-01
0.0000e+00 1.6769e-01 2.1145e-01 1.4508e-01 1.7500e-01 7.8619e-02 1.7064e-01 3.2755e-02 1.2882e-01 1.0000e-02 1.2424e-01
0.0000e+00 1.6638e-01 2.1644e-01 1.4413e-01 1.8000e-01 8.4386e-02 1.7328e-01 3.2317e-02 1.3061e-01 1.0000e-02 1.2541e-01
0.0000e+00 1.6505e-01 2.2156e-01 1.4321e-01 1.8500e-01 9.0493e-02 1.7575e-01 3.1908e-02 1.3249e-01 1.0000e-02 1.2660e-01
0.0000e+00 1.6373e-01 2.2681e-01 1.4231e-01 1.9000e-01 9.6745e-02 1.7817e-01 3.1522e-02 1.3444e-01 1.0000e-02 1.2782e-01
0.0000e+00 1.6319e-01 2.3113e-01 1.4162e-01 1.9500e-01 1.0000e-01 1.8200e-01 3.1105e-02 1.3604e-01 1.0000e-02 1.2905e-01
0.0000e+00 1.6346e-01 2.3451e-01 1.4117e-01 2.0000e-01 1.0000e-01 1.8734e-01 3.0661e-02 1.3726e-01 1.0000e-02 1.3034e-01
0.0000e+00 1.6364e-01 2.3795e-01 1.4070e-01 2.0500e-01 1.0000e-01 1.9270e-01 3.0243e-02 1.3853e-01 1.0000e-02 1.3167e-01
0.0000e+00 1.6377e-01 2.4148e-01 1.4026e-01 2.1000e-01 1.0000e-01 1.9808e-01 2.9851e-02 1.3986e-01 1.0000e-02 1.3306e-01
