0.0000e+00 5.0000e-02 1.4826e-01 5.0000e-02 6.8102e-02 9.4373e-02 2.0000e-02 9.1495e-02 2.3124e-01 5.3909e-02 1.9058e+00
0.0000e+00 5.0000e-02 1.4991e-01 5.0000e-02 7.3415e-02 8.9606e-02 2.4000e-02 8.3288e-02 2.2583e-01 6.1778e-02 1.6749e+00
0.0000e+00 5.0000e-02 1.5138e-01 5.0000e-02 7.8294e-02 8.4258e-02 2.8000e-02 7.6278e-02 2.2133e-01 6.8127e-02 1.5010e+00
0.0000e+00 5.0000e-02 1.5298e-01 5.0000e-02 8.2928e-02 7.8773e-02 3.2000e-02 7.0177e-02 2.1763e-01 7.3157e-02 1.3803e+00
0.0000e+00 5.3998e-02 1.5244e-01 5.0000e-02 8.8510e-02 7.5591e-02 3.6000e-02 6.5860e-02 2.1235e-01 7.1256e-02 1.3074e+00
0.0000e+00 6.9229e-02 1.4500e-01 5.0000e-02 9.6860e-02 7.7210e-02 4.0000e-02 6.4918e-02 2.0128e-01 5.4206e-02 1.2644e+00
0.0000e+00 8.4436e-02 1.3671e-01 5.0000e-02 1.0512e-01 7.7642e-02 4.4000e-02 6.4530e-02 1.9055e-01 3.8445e-02 1.2400e+00
0.0000e+00 9.7498e-02 1.2988e-01 5.0728e-02 1.1209e-01 7.6701e-02 4.8000e-02 6.4058e-02 1.8109e-01 2.6321e-02 1.2294e+00
0.0000e+00 1.0036e-01 1.3315e-01 5.5582e-02 1.1233e-01 7.4946e-02 5.2000e-02 6.1992e-02 1.7682e-01 2.5989e-02 1.2235e+00
0.0000e+00 1.0316e-01 1.3628e-01 6.0480e-02 1.1255e-01 7.3156e-02 5.6000e-02 6.0069e-02 1.7277e-01 2.5705e-02 1.2180e+00
0.0000e+00 1.0603e-01 1.3935e-01 6.5424e-02 1.1287e-01 7.1523e-02 6.0000e-02 5.8275e-02 1.6892e-01 2.5320e-02 1.2130e+00
0.0000e+00 1.0889e-01 1.4233e-01 7.0342e-02 1.1325e-01 6.9883e-02 6.4000e-02 5.6568e-02 1.6529e-01 2.4964e-02 1.2083e+00
0.0000e+00 1.1175e-01 1.4527e-01 7.5317e-02 1.1367e-01 6.8390e-02 6.8000e-02 5.4971e-02 1.6183e-01 2.4555e-02 1.2040e+00
0.0000e+00 1.1462e-01 1.4819e-01 8.0354e-02 1.1409e-01 6.6937e-02 7.2000e-02 5.3452e-02 1.5851e-01 2.4173e-02 1.2001e+00
0.0000e+00 1.1766e-01 1.5078e-01 8.5357e-02 1.1452e-01 6.5375e-02 7.6000e-02 5.2056e-02 1.5525e-01 2.3665e-02 1.1964e+00
0.0000e+00 1.2047e-01 1.5361e-01 9.0415e-02 1.1495e-01 6.3899e-02 8.0000e-02 5.0669e-02 1.5224e-01 2.3364e-02 1.1930e+00
0.0000e+00 1.2358e-01 1.5612e-01 9.5461e-02 1.1547e-01 6.2473e-02 8.4000e-02 4.9408e-02 1.4922e-01 2.2824e-02 1.1899e+00
0.0000e+00 1.2672e-01 1.5844e-01 1.0042e-01 1.1599e-01 6.0888e-02 8.8000e-02 4.8214e-02 1.4634e-01 2.2307e-02 1.1870e+00
0.0000e+00 1.2960e-01 1.6104e-01 1.0546e-01 1.1653e-01 5.9559e-02 9.2000e-02 4.7023e-02 1.4365e-01 2.1947e-02 1.1844e+00
0.0000e+00 1.3271e-01 1.6329e-01 1.1046e-01 1.1705e-01 5.7985e-02 9.6000e-02 4.5930e-02 1.4098e-01 2.1485e-02 1.1820e+00
0.0000e+00 1.3592e-01 1.6543e-01 1.1540e-01 1.1763e-01 5.6438e-02 1.0000e-01 4.4889e-02 1.3839e-01 2.0985e-02 1.1798e+00
0.0000e+00 1.3933e-01 1.6734e-01 1.2026e-01 1.1830e-01 5.4929e-02 1.0400e-01 4.3930e-02 1.3587e-01 2.0353e-02 1.1778e+00
0.0000e+00 1.4272e-01 1.6926e-01 1.2515e-01 1.1893e-01 5.3348e-02 1.0800e-01 4.2998e-02 1.3343e-01 1.9793e-02 1.1760e+00
0.0000e+00 1.4636e-01 1.7079e-01 1.2989e-01 1.1960e-01 5.1618e-02 1.1200e-01 4.2162e-02 1.3104e-01 1.9084e-02 1.1744e+00
0.0000e+00 1.4998e-01 1.7227e-01 1.3453e-01 1.2031e-01 4.9844e-02 1.1600e-01 4.1348e-02 1.2876e-01 1.8445e-02 1.1729e+00
0.0000e+00 1.5367e-01 1.7363e-01 1.3920e-01 1.2100e-01 4.8054e-02 1.2000e-01 4.0585e-02 1.2652e-01 1.7777e-02 1.1717e+00
0.0000e+00 1.5749e-01 1.7483e-01 1.4382e-01 1.2167e-01 4.6169e-02 1.2400e-01 3.9867e-02 1.2434e-01 1.7086e-02 1.1706e+00
0.0000e+00 1.6167e-01 1.7572e-01 1.4832e-01 1.2244e-01 4.4175e-02 1.2800e-01 3.9220e-02 1.2219e-01 1.6256e-02 1.1696e+00
0.0000e+00 1.6593e-01 1.7643e-01 1.5264e-01 1.2329e-01 4.2195e-02 1.3200e-01 3.8625e-02 1.2012e-01 1.5375e-02 1.1688e+00
0.0000e+00 1.7015e-01 1.7704e-01 1.5690e-01 1.2408e-01 4.0052e-02 1.3600e-01 3.8050e-02 1.1815e-01 1.4574e-02 1.1681e+00
0.0000e+00 1.7471e-01 1.7748e-01 1.6125e-01 1.2489e-01 3.7903e-02 1.4000e-01 3.7528e-02 1.1615e-01 1.3659e-02 1.1675e+00
0.0000e+00 1.7936e-01 1.7769e-01 1.6541e-01 1.2571e-01 3.5566e-02 1.4400e-01 3.7042e-02 1.1424e-01 1.2747e-02 1.1671e+00
0.0000e+00 1.8395e-01 1.7800e-01 1.6965e-01 1.2651e-01 3.3290e-02 1.4800e-01 3.6567e-02 1.1238e-01 1.1890e-02 1.1667e+00
0.0000e+00 1.8873e-01 1.7806e-01 1.7370e-01 1.2739e-01 3.0939e-02 1.5200e-01 3.6139e-02 1.1059e-01 1.0964e-02 1.1664e+00
0.0000e+00 1.9339e-01 1.7825e-01 1.7788e-01 1.2816e-01 2.8527e-02 1.5600e-01 3.5697e-02 1.0886e-01 1.0172e-02 1.1662e+00
0.0000e+00 1.9672e-01 1.7940e-01 1.8230e-01 1.2863e-01 2.6167e-02 1.6000e-01 3.5114e-02 1.0736e-01 1.0002e-02 1.1661e+00
0.0000e+00 1.9977e-01 1.8079e-01 1.8683e-01 1.2898e-01 2.3725e-02 1.6400e-01 3.4503e-02 1.0594e-01 1.0000e-02 1.1661e+00
0.0000e+00 2.0280e-01 1.8219e-01 1.9142e-01 1.2930e-01 2.1321e-02 1.6800e-01 3.3907e-02 1.0453e-01 1.0000e-02 1.1662e+00
0.0000e+00 2.0587e-01 1.8356e-01 1.9603e-01 1.2963e-01 1.8913e-02 1.7200e-01 3.3326e-02 1.0315e-01 1.0000e-02 1.1665e+00
0.0000e+00 2.0889e-01 1.8487e-01 2.0051e-01 1.2997e-01 1.6421e-02 1.7600e-01 3.2769e-02 1.0183e-01 1.0000e-02 1.1668e+00
0.0000e+00 2.1188e-01 1.8616e-01 2.0494e-01 1.3031e-01 1.3929e-02 1.8000e-01 3.2229e-02 1.0056e-01 1.0000e-02 1.1672e+00
0.0000e+00 2.1492e-01 1.8736e-01 2.0935e-01 1.3063e-01 1.1349e-02 1.8400e-01 3.1706e-02 9.9303e-02 1.0000e-02 1.1677e+00
0.0000e+00 2.1748e-01 1.8933e-01 2.1395e-01 1.3128e-01 1.0000e-02 1.8800e-01 3.1138e-02 9.8122e-02 1.0000e-02 1.1684e+00
0.0000e+00 2.1963e-01 1.9214e-01 2.1884e-01 1.3225e-01 1.0000e-02 1.9200e-01 3.0516e-02 9.6980e-02 1.0000e-02 1.1693e+00
0.0000e+00 2.2169e-01 1.9490e-01 2.2357e-01 1.3327e-01 1.0000e-02 1.9600e-01 2.9914e-02 9.5882e-02 1.0000e-02 1.1706e+00
0.0000e+00 2.2376e-01 1.9762e-01 2.2823e-01 1.3432e-01 1.0000e-02 2.0000e-01 2.9329e-02 9.4816e-02 1.0000e-02 1.1722e+00
0.0000e+00 2.2577e-01 2.0030e-01 2.3270e-01 1.3543e-01 1.0000e-02 2.0400e-01 2.8760e-02 9.3804e-02 1.0000e-02 1.1741e+00
0.0000e+00 2.2772e-01 2.0291e-01 2.3708e-01 1.3655e-01 1.0000e-02 2.0800e-01 2.8210e-02 9.2820e-02 1.0000e-02 1.1764e+00
0.0000e+00 2.2962e-01 2.0549e-01 2.4131e-01 1.3771e-01 1.0000e-02 2.1200e-01 2.7676e-02 9.1876e-02 1.0000e-02 1.1790e+00
0.0000e+00 2.3149e-01 2.0803e-01 2.4547e-01 1.3889e-01 1.0000e-02 2.1600e-01 2.7159e-02 9.0953e-02 1.0000e-02 1.1819e+00
0.0000e+00 2.3324e-01 2.1050e-01 2.4932e-01 1.4014e-01 1.0000e-02 2.2000e-01 2.6662e-02 9.0111e-02 1.0000e-02 1.1851e+00
