4.3054e+04 2.3038e-07 9.6417e-07 4.7102e+00 1.7751e+00 9.3338e-07 2.0016e-01 8.1657e+00
1.0000e+02 1.7814e-05 1.0774e-07 2.2362e-01 1.7368e+00 1.0833e-06 8.4183e-02 4.7308e+00
3.1306e+05 2.0919e-08 2.5171e-07 2.1851e+01 2.3852e+00 1.4404e-06 2.4098e-01 7.8161e+00
1.0000e+02 1.0246e-05 1.2214e-07 4.0981e-01 1.9394e+00 7.5390e-07 8.4183e-02 5.2653e+00
3.5518e+05 1.7081e-07 2.5120e-07 3.7781e+00 2.7731e+00 7.1603e-07 3.0572e-01 5.9684e+00
3.2081e+05 1.8785e-08 6.2209e-07 4.8092e+01 2.9846e+00 4.8019e-07 2.0697e-01 1.3045e+01
1.5814e+05 4.5571e-08 1.3615e-07 1.3955e+01 2.5860e+00 1.9131e-06 5.4624e-01 5.5118e+00
1.0000e+02 6.8119e-06 1.2289e-07 6.5616e-01 1.9601e+00 4.7921e-07 8.4183e-02 6.0499e+00
6.5081e+04 2.9888e-06 1.8397e-07 4.3655e-01 1.5416e+00 6.9645e-07 1.4590e-01 9.6044e+00
7.7852e+04 2.5054e-08 1.0871e-06 4.2577e+01 2.0957e+00 7.6263e-07 1.5778e-01 8.6068e+00
1.0154e+05 1.8183e-08 3.7790e-07 5.1193e+01 2.4743e+00 1.1017e-06 4.4873e-01 7.5027e+00
1.0002e+02 3.1205e-05 2.3548e-07 3.1455e-01 1.6514e+00 6.4657e-07 4.9301e-02 1.0974e+01
9.0222e+04 1.3576e-07 3.1851e-07 5.4377e+00 2.1477e+00 1.6960e-06 4.4478e-01 9.9683e+00
1.7379e+04 1.6027e-06 6.2474e-07 6.4112e-01 1.5649e+00 7.9656e-07 7.1604e-02 9.0489e+00
4.5547e+04 1.3643e-06 3.9555e-07 6.3343e-01 1.5843e+00 7.1542e-07 8.9049e-02 3.6220e+00
3.2234e+05 1.5592e-08 1.6618e-07 3.9555e+01 2.6267e+00 9.0658e-07 4.3870e-01 4.5169e+00
5.0286e+05 4.7123e-08 1.0184e-07 1.0114e+01 3.6498e+00 1.2115e-06 2.9854e-01 4.4669e+00
2.9276e+03 2.8687e-05 2.3006e-07 3.5896e-01 1.6217e+00 5.5410e-07 4.9911e-02 1.0038e+01
1.0000e+02 2.1414e-05 1.1245e-07 2.3434e-01 1.8005e+00 1.1351e-06 8.4183e-02 4.1119e+00
1.0054e+02 6.1032e-05 2.2516e-07 1.8020e-01 1.5844e+00 1.0390e-06 4.9387e-02 2.3815e+00
1.1277e+05 2.0244e-06 1.1847e-07 3.0244e-01 1.8933e+00 1.0124e-06 8.4182e-02 3.9716e+00
2.3935e+05 2.7902e-08 3.4089e-07 3.1967e+01 3.2761e+00 5.6848e-07 3.4288e-01 1.2252e+01
1.9611e+05 1.2103e-08 2.0539e-07 6.8145e+01 2.7909e+00 9.5697e-07 5.0843e-01 8.2076e+00
2.7910e+05 1.7537e-08 4.6705e-07 4.0261e+01 2.7659e+00 7.4774e-07 2.0835e-01 1.3544e+01
1.0779e+05 1.9968e-06 1.1991e-07 3.2035e-01 1.9186e+00 9.8085e-07 8.4183e-02 5.4449e+00
2.5465e+05 6.7737e-08 4.9324e-07 1.1307e+01 2.2932e+00 8.1753e-07 2.8625e-01 7.0690e+00
3.1340e+05 3.7421e-08 4.5529e-07 1.8876e+01 2.9631e+00 9.3833e-07 2.1430e-01 1.4582e+01
2.3596e+05 1.1737e-07 3.6147e-07 5.6388e+00 2.7420e+00 8.8345e-07 2.4764e-01 7.5889e+00
3.9999e+05 2.7096e-08 3.5030e-07 2.0373e+01 3.0163e+00 1.1566e-06 1.7157e-01 6.7911e+00
8.6364e+04 4.1899e-07 7.5875e-07 2.3463e+00 1.5441e+00 7.9962e-07 1.4039e-01 9.1017e+00
4.4647e+05 3.8743e-08 3.6591e-07 1.3269e+01 2.8189e+00 1.1020e-06 1.4604e-01 9.1083e+00
2.9145e+05 4.0780e-07 4.0771e-07 1.2440e+00 1.8100e+00 9.5499e-07 1.3289e-01 9.6324e+00
4.8615e+05 1.5860e-08 6.7546e-07 5.4945e+01 3.7192e+00 5.6832e-07 1.0869e-01 1.1040e+01
5.6399e+05 1.0000e-08 1.7114e-07 4.2033e+01 2.4828e+00 8.2341e-07 2.4031e-01 1.0905e+01
6.6856e+04 1.2983e-06 2.1432e-07 6.7967e-01 1.6706e+00 6.2513e-07 2.2869e-01 1.0533e+01
8.3778e+04 1.3764e-06 1.8995e-07 5.4264e-01 1.8904e+00 6.4959e-07 1.0105e-01 6.7937e+00
1.6737e+05 5.0856e-08 1.4055e-07 1.0503e+01 2.3346e+00 1.7910e-06 4.8466e-01 9.4683e+00
4.6989e+02 1.8555e-05 1.0912e-07 2.9795e-01 1.7743e+00 8.6909e-07 8.4880e-02 4.2635e+00
7.6699e+05 1.0000e-08 1.8010e-07 6.2746e+01 4.7126e+00 1.1812e-06 2.1359e-01 5.4538e+00
6.1554e+05 6.0160e-08 2.0159e-07 6.1199e+00 2.3319e+00 1.2476e-06 1.9457e-01 8.1762e+00
7.3074e+05 9.0407e-08 2.5984e-07 5.5914e+00 2.8946e+00 8.9011e-07 2.0292e-01 6.4301e+00
1.0126e+02 2.1297e-05 1.0540e-07 2.5835e-01 1.6942e+00 9.0003e-07 8.3992e-02 6.6369e+00
3.8096e+05 1.2226e-08 2.1087e-07 7.0069e+01 3.4203e+00 5.2551e-07 4.2630e-01 1.2308e+01
1.4619e+05 2.0324e-08 6.5159e-07 3.8117e+01 2.1909e+00 1.1796e-06 2.2792e-01 1.0725e+01
1.1841e+05 1.3813e-07 9.4136e-07 6.9966e+00 1.7559e+00 9.1098e-07 1.8520e-01 8.7735e+00
4.6289e+05 1.9720e-07 1.8642e-07 2.2509e+00 2.4588e+00 1.3153e-06 2.7335e-01 7.5351e+00
2.5476e+02 1.1331e-05 1.8526e-07 5.4940e-01 1.7974e+00 4.6700e-07 6.5347e-02 9.4128e+00
3.5222e+05 1.3722e-08 2.0390e-08 3.3444e+01 2.8334e+00 1.9538e-06 7.5473e-01 1.1531e+01
5.3000e+02 1.4636e-05 2.1214e-07 3.0528e-01 1.5068e+00 8.8387e-07 1.0936e-01 9.5061e+00
5.8908e+05 1.0249e-07 2.0932e-07 4.0918e+00 2.0441e+00 9.8745e-07 2.5276e-01 8.6620e+00
5.2530e+05 1.8109e-07 2.5653e-08 1.7876e+00 2.2984e+00 2.2652e-06 5.9057e-01 1.1438e+01
2.1089e+02 1.6006e-05 1.2053e-07 3.1401e-01 1.8248e+00 8.5891e-07 8.3546e-02 4.5674e+00
1.9097e+05 3.5976e-08 1.4483e-07 2.5932e+01 2.9933e+00 5.1190e-07 6.0589e-01 7.9114e+00
1.0777e+05 7.8526e-07 4.5843e-07 1.1142e+00 1.5183e+00 6.1761e-07 1.0823e-01 5.5076e+00
3.4584e+02 1.6846e-05 1.1708e-07 2.8829e-01 1.7760e+00 9.1138e-07 8.3106e-02 5.6442e+00
5.2352e+04 1.6745e-06 1.7439e-07 5.8387e-01 1.9399e+00 5.7571e-07 9.9091e-02 6.8035e+00
2.2171e+04 2.0612e-08 1.5066e-06 6.5670e+01 2.0687e+00 1.0608e-06 1.5968e-01 1.1064e+01
1.0000e+02 1.5164e-05 1.1329e-07 2.8447e-01 1.8880e+00 1.0264e-06 9.1945e-02 7.2309e+00
8.9352e+04 1.6425e-06 1.1586e-07 3.7841e-01 1.9739e+00 9.4827e-07 1.0401e-01 7.1127e+00
2.2177e+04 3.6698e-07 6.9118e-07 3.2167e+00 1.7052e+00 6.8037e-07 2.5004e-01 6.6887e+00
2.8964e+05 9.0787e-08 4.1798e-07 7.7244e+00 2.9871e+00 8.0947e-07 2.1120e-01 3.8371e+00
2.8284e+02 1.5968e-05 1.2384e-07 2.8117e-01 1.7447e+00 9.1862e-07 8.4593e-02 4.2849e+00
2.0869e+05 3.1106e-07 6.8290e-07 2.4037e+00 2.0733e+00 5.5159e-07 1.2526e-01 1.3889e+01
4.3685e+04 5.4582e-07 8.0470e-07 1.5374e+00 1.6492e+00 1.5398e-06 1.5704e-01 1.2736e+01
6.7914e+05 2.2733e-08 1.1074e-07 1.7830e+01 3.0387e+00 1.2210e-06 2.8941e-01 1.1148e+01
6.3901e+05 2.3595e-08 2.7694e-07 2.4741e+01 2.3027e+00 5.9552e-07 2.9980e-01 9.9234e+00
1.2380e+05 1.0981e-08 3.3644e-07 7.3637e+01 2.7860e+00 1.1989e-06 3.8446e-01 8.7116e+00
1.0000e+02 1.8164e-05 1.1034e-07 3.6604e-01 1.7682e+00 7.0043e-07 8.4086e-02 8.8846e+00
2.0919e+02 1.3951e-05 1.1580e-07 2.9550e-01 1.7919e+00 9.1953e-07 8.6203e-02 1.1212e+01
1.7736e+03 5.6430e-06 1.2088e-07 3.8352e-01 1.8789e+00 8.1325e-07 9.3944e-02 6.7826e+00
7.8210e+03 5.6416e-07 1.2539e-06 3.4622e+00 1.5475e+00 7.0446e-07 2.9777e-01 1.6669e+01
9.4762e+04 1.4684e-06 1.8290e-07 5.3209e-01 1.9819e+00 6.1724e-07 7.0096e-02 5.1991e+00
8.3562e+04 6.5069e-08 6.5922e-07 1.8882e+01 2.3942e+00 6.6993e-07 4.0664e-01 9.5446e+00
3.1551e+05 4.8321e-08 4.5901e-07 1.1701e+01 2.3554e+00 1.0636e-06 1.6797e-01 7.5482e+00
1.0871e+05 1.2586e-07 3.8041e-07 6.5837e+00 2.0565e+00 7.0504e-07 3.8251e-01 1.0691e+01
6.6682e+04 7.2710e-08 1.1432e-06 1.4856e+01 2.2854e+00 1.2645e-06 1.9441e-01 2.6184e+00
1.6317e+03 1.1505e-05 1.1569e-07 2.4039e-01 1.7514e+00 1.1115e-06 8.8158e-02 7.2122e+00
1.9402e+03 8.5788e-06 1.3071e-07 3.0869e-01 1.8050e+00 8.8478e-07 8.2243e-02 6.8577e+00
1.0000e+06 3.5772e-07 9.4196e-08 1.0658e+00 2.5206e+00 1.2812e-06 3.0334e-01 1.0309e+01
1.4996e+05 2.0763e-08 2.2729e-07 3.4734e+01 2.5181e+00 8.1844e-07 4.3906e-01 7.9713e+00
4.0212e+04 2.1608e-07 8.6715e-07 5.4420e+00 1.6115e+00 1.0602e-06 2.6043e-01 9.9985e+00
6.6290e+05 1.2722e-08 3.7791e-07 4.7928e+01 3.3536e+00 9.0873e-07 1.6567e-01 6.9945e+00
5.6642e+05 8.3253e-08 4.8422e-07 6.6632e+00 2.0083e+00 6.4743e-07 1.3554e-01 1.4903e+01
6.6978e+04 3.4485e-07 1.3933e-06 3.4306e+00 1.8348e+00 5.3498e-07 8.1826e-02 1.1238e+01
5.3905e+05 5.2179e-08 2.1800e-07 1.0682e+01 2.5928e+00 6.6193e-07 3.0511e-01 1.0675e+01
2.4673e+05 1.6609e-07 3.4253e-07 4.6181e+00 3.3238e+00 6.6844e-07 2.3271e-01 9.3145e+00
1.0765e+05 1.9058e-08 7.3584e-07 5.3111e+01 2.1316e+00 9.5272e-07 3.1162e-01 1.0784e+01
4.5232e+05 1.7474e-07 3.5970e-07 2.4862e+00 2.1906e+00 9.8206e-07 1.0431e-01 9.5086e+00
1.0284e+03 2.3658e-05 1.0559e-07 2.2566e-01 1.6499e+00 1.0005e-06 8.3236e-02 4.2434e+00
1.1542e+03 1.7343e-05 2.1562e-07 2.1784e-01 1.6540e+00 9.9800e-07 6.9218e-02 3.2257e+00
4.3389e+04 1.2531e-07 1.3862e-06 1.0362e+01 1.9408e+00 1.5221e-06 2.5182e-01 5.3755e+00
8.0605e+05 9.5072e-08 2.6309e-08 3.9632e+00 3.2482e+00 1.5121e-06 4.9671e-01 9.0734e+00
9.8181e+04 2.1833e-08 1.3650e-07 4.2679e+01 3.4359e+00 1.0867e-06 6.0524e-01 3.9599e+00
1.0075e+05 1.4377e-07 1.1990e-06 7.8556e+00 2.0802e+00 5.9740e-07 1.5685e-01 7.3533e+00
1.3844e+05 3.9479e-07 4.2420e-07 1.8276e+00 1.7716e+00 6.1462e-07 1.9967e-01 1.1762e+01
1.9596e+02 1.1289e-05 1.1941e-07 3.9259e-01 1.8248e+00 7.2079e-07 8.4367e-02 7.1322e+00
2.6838e+05 4.5095e-08 2.5593e-07 1.7719e+01 3.0175e+00 9.5539e-07 4.1358e-01 4.9434e+00
8.0162e+04 5.2973e-08 7.1981e-07 1.6433e+01 2.0034e+00 9.4598e-07 2.0977e-01 9.2843e+00
6.3461e+02 1.1405e-05 1.8487e-07 3.3717e-01 1.7142e+00 7.5682e-07 6.8931e-02 5.4371e+00
2.0194e+05 1.1624e-06 1.3751e-07 4.6485e-01 1.9660e+00 7.9503e-07 9.3097e-02 9.8257e+00
1.8875e+05 5.4960e-08 6.2546e-07 1.9037e+01 3.7086e+00 1.0128e-06 2.3741e-01 8.3448e+00
1.1984e+05 1.2458e-06 1.7783e-07 5.0244e-01 1.4653e+00 1.3076e-06 2.1945e-01 1.1416e+01
6.0556e+04 5.5085e-08 7.8041e-07 1.6906e+01 2.4632e+00 9.6413e-07 2.0215e-01 7.5765e+00
5.0875e+02 1.8949e-05 1.2829e-07 2.3952e-01 1.7114e+00 1.0192e-06 7.8232e-02 5.4511e+00
3.3781e+05 1.0247e-07 5.2295e-07 7.0398e+00 2.3834e+00 5.3130e-07 1.9483e-01 9.9700e+00
4.9669e+04 2.3691e-08 7.9570e-07 4.7093e+01 2.6570e+00 1.3306e-06 3.0207e-01 9.2891e+00
1.4546e+03 8.0154e-06 1.1725e-07 3.1272e-01 1.8241e+00 8.8211e-07 8.4879e-02 7.9345e+00
1.3160e+02 2.3795e-05 1.0614e-07 1.8278e-01 1.7145e+00 1.3085e-06 8.5476e-02 4.6262e+00
9.9199e+04 4.0395e-08 7.7086e-07 3.0423e+01 2.7884e+00 8.1655e-07 3.2632e-01 1.4548e+01
4.3731e+05 6.3790e-08 2.7148e-07 1.0579e+01 3.2097e+00 6.7927e-07 2.7573e-01 7.5045e+00
2.4613e+03 9.9373e-06 1.1712e-07 2.4235e-01 1.7103e+00 1.1835e-06 1.1994e-01 1.1487e+01
8.1310e+04 1.9189e-06 1.2954e-07 4.1173e-01 1.9482e+00 7.8997e-07 8.8656e-02 6.8386e+00
1.0000e+02 1.9829e-05 1.1156e-07 2.5336e-01 1.7742e+00 1.0231e-06 8.5654e-02 4.7134e+00
5.2332e+05 3.0339e-08 1.2981e-07 1.8540e+01 2.8938e+00 8.7756e-07 4.2091e-01 1.3629e+01
2.0256e+04 1.5405e-07 1.8001e-06 9.7684e+00 1.8433e+00 1.1281e-06 1.4980e-01 3.0925e+00
5.6601e+04 1.4260e-08 6.0135e-07 7.1416e+01 2.2368e+00 1.1823e-06 3.8262e-01 7.5684e+00
5.9607e+05 2.1630e-07 9.2864e-08 1.7257e+00 2.2460e+00 1.2290e-06 3.4926e-01 9.1066e+00
1.0000e+02 1.3168e-05 1.1477e-07 3.6794e-01 1.9046e+00 7.8113e-07 8.4541e-02 5.2613e+00
2.5586e+04 1.6067e-07 1.4650e-06 9.5793e+00 1.9117e+00 5.7632e-07 1.9890e-01 7.2990e+00
1.2270e+05 7.8141e-07 1.3903e-07 7.9779e-01 2.1295e+00 5.1637e-07 8.7474e-02 7.0864e+00
7.5011e+05 8.6207e-08 4.8879e-07 7.2944e+00 2.5559e+00 4.5712e-07 1.4307e-01 4.7063e+00
3.4202e+05 7.8083e-07 2.4502e-07 6.7694e-01 2.1415e+00 6.5339e-07 8.7128e-02 9.6118e+00
5.3765e+04 5.5099e-08 4.9666e-07 2.3933e+01 2.6714e+00 7.9498e-07 5.0595e-01 1.1694e+01
9.9409e+04 1.2324e-06 1.2672e-07 4.2195e-01 2.1127e+00 9.4002e-07 9.5852e-02 7.4954e+00
9.2965e+04 1.6776e-07 1.1437e-06 6.3657e+00 2.0306e+00 9.3639e-07 1.9138e-01 1.3475e+01
1.0000e+02 1.2197e-05 1.1901e-07 4.8483e-01 1.7965e+00 5.5636e-07 8.3294e-02 5.9570e+00
9.9815e+04 1.6662e-08 8.5547e-07 7.4684e+01 2.5265e+00 6.1142e-07 3.0983e-01 5.8851e+00
1.3297e+05 1.2383e-08 9.3589e-07 7.9298e+01 2.5016e+00 8.7991e-07 1.8689e-01 8.9299e+00
1.9714e+05 4.9232e-08 8.7624e-07 2.2506e+01 2.2142e+00 5.0558e-07 2.6263e-01 8.9663e+00
2.0730e+05 4.2886e-08 1.1282e-06 2.7579e+01 2.1622e+00 4.7078e-07 2.0635e-01 7.3069e+00
9.0589e+04 2.9144e-06 1.2533e-07 2.4820e-01 1.7101e+00 1.1939e-06 1.0872e-01 4.6404e+00
8.0276e+04 1.4183e-07 7.5719e-07 6.6166e+00 1.9339e+00 1.0952e-06 2.7235e-01 7.0497e+00
1.1954e+05 1.5453e-06 1.4328e-07 4.2555e-01 1.6274e+00 9.1988e-07 1.6562e-01 7.6498e+00
6.9844e+03 1.3369e-05 1.2449e-07 1.7217e-01 1.7204e+00 1.4011e-06 8.4214e-02 7.0994e+00
3.2765e+04 2.1304e-06 3.6304e-07 4.0732e-01 1.5472e+00 9.6711e-07 1.4572e-01 7.9821e+00
6.4075e+04 1.0000e-08 5.8707e-07 1.0000e+02 2.3727e+00 8.0980e-07 3.3523e-01 1.5301e+01
2.8635e+05 7.2090e-08 5.4338e-07 8.8831e+00 2.5526e+00 9.7675e-07 1.5599e-01 8.0497e+00
2.6648e+02 4.1603e-05 1.3825e-07 2.1755e-01 1.6245e+00 1.0216e-06 7.5348e-02 5.7008e+00
3.8970e+04 1.4843e-07 7.7007e-07 7.2088e+00 1.9280e+00 6.7200e-07 2.3181e-01 7.0258e+00
1.0000e+02 3.3718e-05 1.0312e-07 1.7913e-01 1.6814e+00 1.2797e-06 8.4862e-02 4.7103e+00
4.9895e+05 4.4706e-08 2.5943e-07 1.2143e+01 2.5312e+00 1.0410e-06 2.9210e-01 1.0845e+01
1.1697e+05 3.9462e-08 3.9784e-07 2.6387e+01 2.8665e+00 6.7440e-07 4.2476e-01 1.1302e+01
5.2379e+04 4.1577e-08 6.1365e-07 3.3614e+01 2.4525e+00 5.6479e-07 4.7743e-01 1.0702e+01
6.2604e+04 4.2552e-08 8.7557e-07 2.8673e+01 2.0145e+00 8.3010e-07 3.3832e-01 9.1225e+00
1.6594e+05 1.3995e-08 3.9300e-07 5.1714e+01 2.0737e+00 1.2402e-06 3.6048e-01 5.4698e+00
5.2537e+05 1.3294e-06 1.6417e-07 4.3367e-01 1.7551e+00 6.6249e-07 1.1225e-01 8.7256e+00
1.4897e+05 2.3820e-08 4.1226e-07 4.8493e+01 4.8670e+00 1.1884e-06 2.9223e-01 7.7537e+00
5.6942e+02 1.8862e-05 1.0370e-07 1.8471e-01 1.9050e+00 1.5187e-06 9.2587e-02 1.0314e+01
3.6302e+05 2.5803e-08 2.1986e-07 2.2633e+01 2.6267e+00 1.1107e-06 3.5882e-01 4.4914e+00
5.3891e+04 7.2181e-08 2.0609e-07 1.2143e+01 2.5819e+00 1.6510e-06 6.0114e-01 1.2675e+01
1.0393e+02 2.4324e-05 1.0792e-07 2.1752e-01 1.7068e+00 1.1047e-06 8.4583e-02 7.5313e+00
5.6869e+05 9.7518e-08 4.5416e-07 8.3438e+00 3.4346e+00 4.5419e-07 1.8551e-01 1.2132e+01
1.0000e+06 3.1913e-08 2.6066e-07 3.5548e+01 7.2554e+00 7.0738e-07 1.8828e-01 1.0767e+01
7.0425e+05 6.7761e-08 8.3336e-08 6.0070e+00 2.9613e+00 1.2961e-06 3.5901e-01 1.0484e+01
1.8556e+05 6.3281e-08 2.6630e-07 1.2919e+01 2.7325e+00 8.0467e-07 4.3889e-01 9.6441e+00
3.2509e+05 1.8187e-07 2.9885e-07 2.9082e+00 2.1745e+00 1.0336e-06 2.5640e-01 8.5023e+00
2.2824e+05 1.8186e-07 5.9829e-07 3.1573e+00 2.2070e+00 1.2234e-06 1.1219e-01 4.2563e+00
2.3162e+04 1.5280e-05 1.9189e-07 2.1081e-01 1.5892e+00 9.2847e-07 5.6513e-02 9.2822e+00
9.8692e+04 1.5971e-06 1.1674e-07 4.8068e-01 1.9689e+00 6.8184e-07 9.0310e-02 4.6762e+00
8.2619e+05 2.8217e-07 5.3082e-08 1.8505e+00 4.4706e+00 1.6398e-06 2.9804e-01 1.1690e+01
7.8475e+02 7.5121e-06 1.1959e-07 4.0556e-01 1.8821e+00 7.3535e-07 8.6591e-02 7.3443e+00
1.8340e+05 8.8146e-08 9.4878e-07 9.6437e+00 2.2279e+00 8.2924e-07 1.2980e-01 7.7173e+00
8.2901e+04 1.7408e-07 6.6777e-07 6.8398e+00 2.0758e+00 1.3028e-06 4.6236e-01 5.6724e+00
8.8822e+03 7.1967e-06 2.2326e-07 2.8679e-01 1.5663e+00 9.2318e-07 1.4368e-01 1.1078e+01
4.3682e+03 7.5285e-06 1.1695e-07 2.9929e-01 1.7699e+00 9.4209e-07 9.3554e-02 7.5824e+00
1.1758e+05 9.3791e-07 1.3990e-07 5.8222e-01 2.3462e+00 8.1815e-07 8.6451e-02 6.3852e+00
3.0507e+05 6.9411e-08 1.1876e-07 8.4416e+00 2.2768e+00 1.0903e-06 5.3965e-01 1.2106e+01
7.2832e+04 1.7494e-06 1.2554e-07 4.5801e-01 2.0377e+00 7.4959e-07 8.4536e-02 6.5808e+00
4.1594e+05 9.1879e-08 4.3362e-07 7.8704e+00 2.7067e+00 5.7901e-07 2.3501e-01 1.2126e+01
1.0000e+06 1.8705e-07 7.0294e-08 1.7142e+00 2.8068e+00 1.3794e-06 2.5484e-01 7.0866e+00
2.7127e+05 2.3280e-07 1.9704e-07 2.2665e+00 2.4915e+00 1.2541e-06 3.3665e-01 1.3146e+01
5.2848e+03 4.9807e-06 1.9315e-07 3.4528e-01 1.6944e+00 8.2141e-07 8.2767e-02 1.0115e+01
9.5491e+04 1.2004e-07 3.6844e-07 7.7820e+00 2.5980e+00 1.0078e-06 4.4491e-01 7.9483e+00
3.2144e+05 2.0791e-08 6.1361e-07 3.1909e+01 1.9033e+00 9.4177e-07 1.7927e-01 7.1769e+00
1.1144e+04 5.0724e-08 1.2174e-06 3.5668e+01 2.6254e+00 1.5077e-06 3.9898e-01 5.2696e+00
2.4098e+05 2.6821e-06 1.6597e-07 5.5989e-01 1.4698e+00 5.2493e-07 1.4107e-01 1.0764e+01
1.0283e+02 2.6311e-05 1.9998e-07 2.8441e-01 1.6504e+00 7.2725e-07 5.6251e-02 6.9227e+00
7.9173e+05 4.9034e-08 2.0836e-07 9.6511e+00 2.7545e+00 8.5026e-07 2.4388e-01 1.3145e+01
2.1192e+03 5.1026e-06 1.1219e-07 4.9007e-01 1.9353e+00 6.4759e-07 9.7390e-02 7.9973e+00
4.3770e+03 3.3012e-05 1.1382e-07 3.1883e-01 1.6952e+00 7.3806e-07 8.0118e-02 3.3054e+00
2.8954e+05 7.5502e-08 2.1673e-07 7.7833e+00 3.3076e+00 1.0144e-06 2.6009e-01 7.3938e+00
1.8054e+05 1.1976e-06 1.7692e-07 5.2532e-01 1.4944e+00 9.4434e-07 1.6432e-01 4.1579e+00
1.9279e+05 7.0229e-08 1.0392e-07 8.8077e+00 2.1383e+00 9.0884e-07 5.9617e-01 1.4804e+01
8.6427e+05 2.1145e-08 3.0377e-07 2.3299e+01 3.0685e+00 7.0223e-07 1.2783e-01 1.0910e+01
7.0505e+04 4.8294e-08 4.5128e-07 1.8214e+01 2.4171e+00 1.1649e-06 3.7870e-01 5.8618e+00
5.8734e+03 4.2467e-06 1.1541e-07 4.3368e-01 1.9378e+00 6.9617e-07 8.6784e-02 6.9265e+00
1.3590e+04 1.5737e-05 2.2009e-07 2.7687e-01 1.6000e+00 6.9937e-07 5.0945e-02 5.9111e+00
5.3288e+05 7.2606e-07 1.6903e-07 6.9363e-01 1.7431e+00 5.5844e-07 1.2426e-01 4.5426e+00
1.5731e+05 1.9891e-07 6.5576e-07 4.0778e+00 2.1667e+00 5.7568e-07 1.7884e-01 5.6103e+00
4.5763e+05 1.0009e-08 2.4886e-07 4.9228e+01 2.8223e+00 1.2277e-06 2.3416e-01 1.0086e+01
1.0000e+06 2.5856e-08 7.0053e-08 1.3819e+01 2.8911e+00 1.1858e-06 3.4089e-01 1.0433e+01
3.1295e+02 2.0699e-05 1.6429e-07 2.8966e-01 1.7003e+00 7.8010e-07 6.5593e-02 6.1443e+00
6.4607e+04 2.3292e-08 7.6858e-07 3.4526e+01 1.6453e+00 2.2987e-06 2.3508e-01 1.2517e+01
6.9762e+05 1.3443e-07 5.3318e-08 2.2068e+00 2.2693e+00 2.0782e-06 4.0883e-01 8.0893e+00
4.9132e+04 1.1737e-06 3.7565e-07 7.4114e-01 1.6145e+00 7.0681e-07 1.8803e-01 6.8586e+00
9.2088e+05 2.8018e-08 1.4997e-07 1.5378e+01 2.6005e+00 7.9860e-07 2.8616e-01 9.7025e+00
2.8542e+02 1.0863e-05 1.2923e-07 3.4125e-01 1.9168e+00 8.6550e-07 8.8720e-02 6.6147e+00
8.4379e+05 5.0104e-08 1.9485e-07 8.1524e+00 2.5453e+00 1.0345e-06 2.2985e-01 7.2807e+00
2.7243e+05 1.2882e-06 2.0024e-07 4.8910e-01 1.4788e+00 8.0781e-07 1.5680e-01 1.1199e+01
1.5692e+03 9.2980e-07 9.2573e-07 2.1893e+00 1.5084e+00 1.1431e-06 2.4435e-01 5.3061e+00
3.5568e+05 2.6720e-08 6.9448e-08 2.3922e+01 3.2144e+00 1.1905e-06 5.9553e-01 4.7123e+00
4.5322e+02 1.4423e-05 1.2332e-07 2.4735e-01 1.7539e+00 1.0965e-06 8.6044e-02 9.3999e+00
1.1650e+05 7.1535e-08 2.6900e-07 1.1364e+01 2.4899e+00 1.5441e-06 4.9498e-01 1.1182e+01
9.8615e+05 6.6347e-08 1.3804e-07 6.3764e+00 2.6883e+00 7.0408e-07 2.5936e-01 9.5012e+00
9.1626e+04 1.1875e-07 1.1320e-06 7.9733e+00 1.9101e+00 9.9727e-07 1.0958e-01 2.1833e+00
1.7724e+05 4.0669e-08 5.2561e-07 2.0549e+01 3.1393e+00 8.1270e-07 2.1955e-01 1.4564e+01
3.3645e+02 2.2817e-05 2.1805e-07 2.9009e-01 1.6396e+00 7.2893e-07 5.4898e-02 4.6952e+00
3.8342e+05 1.3731e-06 1.9107e-07 3.8432e-01 1.5300e+00 7.9386e-07 1.1289e-01 9.5036e+00
1.8033e+05 2.7185e-07 2.8651e-07 1.8207e+00 1.9262e+00 1.1506e-06 2.0572e-01 1.3495e+01
2.9283e+05 2.4034e-07 3.7301e-07 2.6915e+00 3.3186e+00 1.3240e-06 1.7942e-01 6.5343e+00
8.5344e+04 2.8397e-08 8.4030e-07 4.3930e+01 3.2696e+00 6.1674e-07 2.4680e-01 5.2390e+00
1.9068e+04 9.6631e-08 1.4030e-06 1.6001e+01 2.0896e+00 1.2804e-06 3.0650e-01 5.7568e+00
5.0098e+04 1.5719e-06 2.1562e-07 5.6037e-01 1.7982e+00 6.1266e-07 9.9493e-02 7.3838e+00
3.9196e+03 6.0377e-06 1.4339e-07 3.5491e-01 1.8438e+00 8.0220e-07 7.7438e-02 1.1929e+01
7.4860e+04 6.8623e-08 6.7976e-07 1.3267e+01 2.0356e+00 8.0086e-07 2.3749e-01 1.0815e+01
1.8689e+05 5.2162e-07 4.1008e-07 1.2485e+00 1.6001e+00 8.5732e-07 2.0172e-01 8.9002e+00
8.1797e+02 1.1025e-05 1.1108e-07 3.6982e-01 1.7788e+00 7.6761e-07 9.7787e-02 7.7487e+00
1.9638e+05 9.5708e-07 1.3240e-07 6.3327e-01 2.0503e+00 5.6979e-07 8.2876e-02 4.5202e+00
1.7333e+04 5.6639e-07 1.1192e-06 2.2735e+00 1.6216e+00 8.1891e-07 1.0641e-01 8.8463e+00
2.9208e+05 3.9220e-08 6.2992e-07 1.9140e+01 2.4987e+00 6.5501e-07 1.6760e-01 6.7999e+00
5.6877e+05 1.1791e-08 1.7948e-07 5.6431e+01 3.4761e+00 7.8234e-07 3.5807e-01 7.6623e+00
2.6419e+05 4.2582e-08 7.7134e-07 1.8920e+01 2.1028e+00 6.4832e-07 1.6008e-01 4.3173e+00
2.5995e+02 1.9354e-05 1.0803e-07 1.8869e-01 1.7493e+00 1.3506e-06 8.9691e-02 4.8602e+00
1.4096e+05 2.4530e-07 5.1803e-07 2.7568e+00 2.1466e+00 7.4386e-07 1.5272e-01 9.8740e+00
6.0434e+05 6.0391e-08 2.5169e-07 1.0049e+01 3.5842e+00 1.0031e-06 2.2682e-01 9.6208e+00
1.0000e+02 4.1630e-05 9.9552e-08 1.8182e-01 1.6272e+00 1.1845e-06 8.5447e-02 6.2791e+00
2.0977e+05 1.4662e-07 4.1565e-07 4.6696e+00 1.9864e+00 6.2261e-07 2.3121e-01 7.2334e+00
2.4697e+05 2.2706e-07 1.0053e-06 4.2205e+00 1.8524e+00 4.9780e-07 1.5558e-01 1.3124e+01
8.8705e+05 2.9954e-08 2.9364e-07 1.9841e+01 2.9635e+00 6.8892e-07 2.4201e-01 1.7237e+01
4.2919e+05 1.7315e-06 1.6856e-07 3.0692e-01 1.5303e+00 8.4879e-07 9.7774e-02 1.0214e+01
1.7867e+03 7.7956e-06 1.2692e-07 3.5718e-01 1.8801e+00 8.0947e-07 8.7573e-02 8.3383e+00
1.0124e+02 9.9940e-05 9.9113e-08 1.6360e-01 1.5281e+00 1.2247e-06 8.3708e-02 5.8525e+00
5.0034e+03 1.0284e-05 1.1906e-07 2.6053e-01 1.8374e+00 1.0163e-06 8.0803e-02 5.7321e+00
1.0000e+06 2.0126e-08 3.5241e-07 2.2409e+01 2.3588e+00 5.6084e-07 1.1032e-01 9.5274e+00
2.7239e+05 3.4427e-08 6.7411e-07 1.8608e+01 2.0454e+00 9.2422e-07 1.1777e-01 7.5071e+00
1.0000e+02 4.0156e-05 2.0631e-07 2.1765e-01 1.5968e+00 8.8201e-07 5.3818e-02 3.9576e+00
4.4880e+02 1.0497e-05 1.1737e-07 4.3808e-01 1.8560e+00 6.6536e-07 9.1760e-02 1.2229e+01
1.0000e+06 2.3682e-08 1.5399e-07 1.6513e+01 2.4640e+00 7.5283e-07 2.4394e-01 8.3939e+00
6.1956e+04 1.6125e-06 1.2882e-07 5.2814e-01 2.0630e+00 6.6712e-07 8.3378e-02 4.6730e+00
2.2284e+03 6.0866e-06 1.1935e-07 3.9157e-01 1.8910e+00 7.5597e-07 8.5416e-02 8.3185e+00
6.2502e+04 2.2358e-06 1.2909e-07 2.9107e-01 1.8635e+00 1.1328e-06 9.2738e-02 6.5349e+00
7.5958e+05 3.1386e-08 2.3067e-07 2.2727e+01 4.4484e+00 6.1986e-07 2.1012e-01 7.5988e+00
1.7992e+05 1.5348e-06 3.8264e-07 3.2885e-01 1.5958e+00 1.1344e-06 7.7054e-02 8.6967e+00
1.8290e+04 3.5383e-07 1.0497e-06 4.2826e+00 1.5880e+00 9.8719e-07 3.1778e-01 9.9296e+00
1.6255e+05 2.1353e-08 5.3415e-07 3.7566e+01 3.2681e+00 1.2448e-06 2.0395e-01 5.9018e+00
5.0541e+05 1.0603e-08 1.2401e-07 3.5674e+01 2.8951e+00 1.4403e-06 2.5300e-01 8.1511e+00
2.1539e+05 2.9518e-08 1.9592e-07 2.1563e+01 2.4308e+00 1.3428e-06 4.5741e-01 8.3586e+00
1.1990e+02 1.5240e-05 1.1403e-07 3.3756e-01 1.8072e+00 7.9900e-07 8.5005e-02 8.1610e+00
2.5016e+05 3.4002e-08 4.5487e-08 2.2745e+01 3.2788e+00 1.1300e-06 7.6743e-01 5.0832e+00
3.6668e+02 5.6843e-05 1.9541e-07 2.6194e-01 1.5551e+00 7.5827e-07 6.1015e-02 4.2056e+00
3.2972e+05 5.9443e-07 1.1847e-07 8.3621e-01 2.3710e+00 1.1732e-06 3.3835e-01 1.3037e+01
8.8516e+05 5.7767e-08 1.1772e-07 8.5235e+00 3.6604e+00 1.1526e-06 2.9024e-01 7.2847e+00
4.8514e+05 1.0015e-07 1.3747e-07 5.3367e+00 3.2444e+00 8.8766e-07 3.1441e-01 6.6113e+00
4.2271e+02 1.0331e-05 1.2543e-07 3.3251e-01 1.8638e+00 8.6607e-07 8.3902e-02 1.0089e+01
1.0484e+05 2.9555e-08 3.6587e-07 3.3464e+01 2.9436e+00 8.3291e-07 4.2186e-01 8.0232e+00
1.3841e+02 2.1319e-05 1.1123e-07 1.9808e-01 1.7817e+00 1.2875e-06 8.4405e-02 4.6084e+00
6.8709e+05 1.9938e-08 4.0234e-07 4.7689e+01 4.8547e+00 4.2775e-07 1.6857e-01 8.6540e+00
1.6897e+05 4.3366e-07 2.6101e-07 1.2301e+00 1.8430e+00 9.4439e-07 2.1795e-01 4.8137e+00
3.5126e+04 7.0179e-07 3.7023e-07 1.2221e+00 1.5823e+00 1.0814e-06 2.4729e-01 8.9861e+00
1.7400e+05 1.0662e-06 1.2621e-07 5.2969e-01 2.0238e+00 6.6555e-07 8.4649e-02 5.2801e+00
8.5151e+05 1.2614e-08 7.1118e-07 5.4741e+01 2.2173e+00 5.4595e-07 1.4589e-01 2.5906e+00
1.0000e+02 1.8505e-05 1.0831e-07 2.8238e-01 1.7203e+00 8.5064e-07 8.3893e-02 8.0337e+00
2.2226e+02 2.0307e-05 1.8723e-07 3.1087e-01 1.7029e+00 7.2120e-07 6.0509e-02 1.2153e+01
3.0396e+03 5.8189e-06 1.0709e-07 3.6209e-01 1.9738e+00 8.9633e-07 1.0380e-01 5.2625e+00
3.2001e+05 2.3535e-08 2.6918e-08 2.4774e+01 3.5340e+00 1.9823e-06 7.3019e-01 4.2110e+00
3.9838e+04 1.6338e-08 8.4694e-07 7.8614e+01 2.4566e+00 8.3866e-07 3.4007e-01 1.3314e+01
7.3550e+04 2.8510e-06 1.3764e-07 2.6933e-01 1.7313e+00 1.0838e-06 9.5699e-02 1.1077e+01
2.0737e+02 1.0381e-05 1.1878e-07 3.6880e-01 1.8985e+00 8.0057e-07 8.4644e-02 5.6938e+00
1.0000e+06 2.3077e-07 6.8959e-08 1.7366e+00 3.2238e+00 1.3351e-06 2.9630e-01 9.6627e+00
6.2182e+05 5.6111e-08 1.5203e-07 7.3394e+00 2.6861e+00 1.3644e-06 2.8260e-01 1.0040e+01
2.6659e+05 3.1111e-07 3.3067e-07 1.5860e+00 2.0320e+00 7.7167e-07 1.0733e-01 3.0332e+00
5.0624e+05 1.4410e-08 1.4041e-07 3.0494e+01 2.8578e+00 1.0167e-06 2.8636e-01 7.6256e+00
8.3521e+05 1.5644e-07 7.3732e-08 2.5005e+00 4.0139e+00 2.1374e-06 2.2271e-01 9.3630e+00
2.3627e+05 1.1098e-07 7.3579e-07 7.2121e+00 2.0584e+00 7.9613e-07 1.9865e-01 6.2647e+00
1.9284e+05 7.6096e-07 1.9134e-07 7.4144e-01 2.3099e+00 7.0807e-07 1.1145e-01 6.3637e+00
1.0555e+05 1.2280e-07 1.0471e-06 9.7125e+00 1.9764e+00 7.2755e-07 2.6909e-01 7.5422e+00
2.9585e+05 1.4026e-08 3.4081e-07 3.3102e+01 2.2169e+00 1.4727e-06 1.8710e-01 9.2930e+00
7.8452e+05 1.8878e-07 1.8231e-07 2.4575e+00 2.1954e+00 9.0644e-07 3.1959e-01 5.3106e+00
4.5115e+02 2.1129e-05 1.0719e-07 2.0214e-01 1.7788e+00 1.2734e-06 8.5833e-02 1.3645e+01
3.4835e+02 1.0708e-05 1.1597e-07 3.0598e-01 1.8426e+00 9.3340e-07 8.9697e-02 5.4446e+00
1.9387e+05 2.1741e-07 2.9712e-07 2.4091e+00 1.9347e+00 1.4875e-06 2.9038e-01 9.2385e+00
3.2965e+05 1.2097e-08 9.1910e-08 4.4545e+01 2.7558e+00 1.4700e-06 5.1914e-01 4.9979e+00
7.8051e+02 1.8671e-05 1.1240e-07 2.8012e-01 1.6949e+00 8.5593e-07 8.2621e-02 6.3546e+00
2.8028e+05 2.9966e-08 3.3850e-07 1.9873e+01 2.7496e+00 9.9658e-07 2.2760e-01 8.8492e+00
5.1753e+04 1.1428e-07 9.9334e-07 9.8713e+00 2.0517e+00 7.2147e-07 2.1336e-01 1.0022e+01
1.4488e+02 8.4976e-06 1.2187e-07 5.1882e-01 1.8916e+00 5.6491e-07 8.3352e-02 5.4919e+00
4.1427e+05 2.8238e-08 4.1785e-07 2.7233e+01 3.5622e+00 7.1266e-07 2.0236e-01 1.2803e+01
1.0141e+02 3.2576e-05 1.1045e-07 2.5890e-01 1.6868e+00 9.4279e-07 8.5377e-02 1.0708e+01
1.1244e+05 8.9824e-08 1.8392e-07 8.5870e+00 2.9014e+00 1.3632e-06 5.1222e-01 6.7953e+00
9.3125e+05 3.9533e-08 1.5245e-07 1.2425e+01 3.3390e+00 7.3661e-07 2.4519e-01 8.9875e+00
3.8400e+05 1.3060e-08 1.8847e-07 4.7880e+01 2.8760e+00 1.1152e-06 3.9926e-01 1.0991e+01
1.8483e+03 1.2863e-05 1.3744e-07 2.8817e-01 1.4850e+00 1.0578e-06 1.6974e-01 1.1388e+01
5.2077e+04 2.2806e-08 1.4471e-06 6.5691e+01 2.9345e+00 7.3587e-07 1.8920e-01 6.6017e+00
1.0000e+02 2.5139e-05 1.0453e-07 2.6213e-01 1.6612e+00 8.5926e-07 8.3740e-02 6.0021e+00
3.2115e+05 5.7178e-08 5.8276e-08 7.3499e+00 2.0452e+00 2.0864e-06 6.0319e-01 1.1654e+01
2.0953e+05 4.4883e-08 5.3104e-07 1.4375e+01 2.3232e+00 9.9127e-07 1.7270e-01 8.9517e+00
1.4182e+05 2.7055e-08 7.0230e-07 3.6107e+01 3.2590e+00 6.0328e-07 1.7795e-01 2.1310e+00
1.2014e+05 1.0870e-06 1.7885e-07 5.4708e-01 1.9517e+00 8.5595e-07 1.8521e-01 5.5280e+00
5.0727e+03 6.5573e-06 1.1638e-07 3.2267e-01 1.7903e+00 9.1274e-07 1.1498e-01 4.6153e+00
2.7940e+05 9.2269e-08 1.4936e-07 5.5565e+00 2.0303e+00 1.5586e-06 4.7095e-01 8.8896e+00
4.5923e+05 2.9037e-08 1.3999e-07 2.4247e+01 2.8345e+00 5.2016e-07 4.8925e-01 5.3347e+00
2.0334e+05 3.0550e-08 1.6466e-07 1.2934e+01 2.0739e+00 1.9919e-06 3.0468e-01 5.6331e+00
3.5678e+05 2.4042e-06 1.4222e-07 2.0112e-01 1.4690e+00 1.2320e-06 9.7828e-02 9.4607e+00
9.3300e+03 7.6279e-08 1.5777e-06 2.6364e+01 2.1872e+00 6.7949e-07 3.4834e-01 9.4068e+00
1.4817e+05 3.0925e-06 1.5423e-07 5.0657e-01 1.6803e+00 5.0073e-07 8.5513e-02 7.0066e+00
5.5782e+04 1.9816e-06 1.1747e-07 4.0358e-01 1.8975e+00 8.6603e-07 1.1490e-01 4.8872e+00
2.8885e+05 3.2608e-08 1.4992e-07 2.6073e+01 3.0837e+00 7.8770e-07 5.5283e-01 1.3580e+01
2.8088e+05 2.4985e-08 4.0166e-08 2.6354e+01 3.0274e+00 1.2163e-06 7.4963e-01 6.2465e+00
7.8495e+05 1.8904e-07 1.0973e-07 2.4165e+00 2.5376e+00 9.5684e-07 3.7222e-01 5.6108e+00
2.8340e+02 2.3124e-05 2.1718e-07 3.4866e-01 1.6217e+00 5.6176e-07 5.1605e-02 5.1908e+00
1.7417e+02 2.4221e-05 1.3254e-07 1.6267e-01 1.7373e+00 1.5379e-06 8.0351e-02 3.9019e+00
3.4452e+05 9.3604e-07 1.9475e-07 5.6873e-01 1.7418e+00 6.6423e-07 1.3888e-01 5.7467e+00
1.0000e+06 1.1825e-06 1.1427e-07 3.1929e-01 1.5180e+00 8.7502e-07 1.2202e-01 5.0778e+00
2.3197e+05 2.4825e-07 4.9649e-07 2.4689e+00 2.1879e+00 1.0736e-06 1.9074e-01 8.9580e+00
9.2934e+04 5.1175e-08 2.7337e-07 1.6880e+01 3.0326e+00 1.3904e-06 4.5122e-01 7.0001e+00
7.9755e+05 1.2365e-07 2.2544e-07 4.2315e+00 3.2945e+00 8.2751e-07 1.8232e-01 9.1689e+00
2.5696e+05 9.2955e-07 1.8494e-07 7.6216e-01 1.6400e+00 4.8549e-07 9.3265e-02 5.8905e+00
5.9579e+05 1.3155e-07 1.7428e-07 4.0237e+00 3.0423e+00 1.1281e-06 3.0549e-01 5.7211e+00
7.0464e+05 1.7111e-07 9.5570e-08 2.0325e+00 2.8718e+00 1.5876e-06 2.4549e-01 1.1245e+01
6.9208e+03 8.5020e-07 8.8364e-07 1.7852e+00 1.5583e+00 8.9251e-07 2.7288e-01 1.0147e+01
4.9619e+05 7.4410e-08 1.0739e-07 4.8605e+00 2.6182e+00 1.5896e-06 2.9993e-01 1.2363e+01
1.5421e+04 5.1629e-05 1.8565e-07 3.1939e-01 1.5063e+00 6.1697e-07 6.5349e-02 6.8953e+00
1.0000e+02 2.0663e-05 1.1800e-07 2.8583e-01 1.7404e+00 8.8451e-07 8.3032e-02 5.5397e+00
9.0583e+04 1.6422e-06 1.2791e-07 4.1221e-01 1.9719e+00 8.0981e-07 8.7443e-02 1.2983e+01
1.4084e+04 3.8359e-07 1.2551e-06 3.8884e+00 1.6597e+00 8.6039e-07 2.1458e-01 1.0165e+01
1.3220e+03 1.8627e-05 1.1121e-07 1.7656e-01 1.7893e+00 1.4606e-06 8.8485e-02 4.5311e+00
1.4239e+02 2.0397e-05 1.0607e-07 2.1200e-01 1.7072e+00 1.1280e-06 8.6538e-02 6.5611e+00
6.9275e+05 1.4971e-08 2.2180e-07 2.8096e+01 2.4147e+00 7.8522e-07 1.9541e-01 9.2012e+00
1.6289e+02 1.4006e-05 1.5710e-07 4.8680e-01 1.7656e+00 5.1594e-07 7.0076e-02 1.3512e+01
9.1172e+05 2.8333e-08 2.6600e-07 2.0876e+01 3.2238e+00 7.2713e-07 2.3844e-01 1.1437e+01
1.0300e+05 1.7935e-07 4.4296e-07 4.1473e+00 2.1586e+00 9.1748e-07 2.9008e-01 9.6594e+00
2.7965e+05 1.6003e-08 6.6898e-07 6.0560e+01 3.8010e+00 5.7819e-07 1.4564e-01 1.1215e+01
1.4980e+02 1.5780e-05 1.1828e-07 2.7889e-01 1.7913e+00 9.6459e-07 8.5755e-02 5.6573e+00
4.1221e+04 1.6546e-07 4.4608e-07 5.6466e+00 1.8549e+00 1.4693e-06 4.6816e-01 7.7385e+00
1.2540e+05 1.3884e-08 9.6208e-08 6.8312e+01 2.9876e+00 8.7137e-07 7.3596e-01 6.5052e+00
1.6679e+02 3.6110e-05 1.2042e-07 1.6340e-01 1.6944e+00 1.4555e-06 8.1429e-02 9.6987e+00
1.2034e+05 1.1981e-06 1.2800e-07 5.7654e-01 2.0316e+00 6.1229e-07 8.5834e-02 7.9990e+00
9.4037e+05 3.0683e-08 4.5203e-08 1.1043e+01 2.4499e+00 9.7204e-07 4.3778e-01 3.6710e+00
4.6464e+05 3.9774e-08 2.5008e-07 1.7149e+01 3.3052e+00 9.7525e-07 3.1962e-01 1.2694e+01
1.0000e+02 1.7642e-05 1.1327e-07 3.4277e-01 1.8159e+00 7.8986e-07 8.4051e-02 7.6369e+00
8.5057e+04 3.1570e-08 2.5160e-07 2.8737e+01 2.3230e+00 1.1898e-06 5.7352e-01 9.2953e+00
1.4829e+05 1.2293e-08 1.1014e-06 9.3912e+01 2.2471e+00 5.3823e-07 1.9447e-01 8.1484e+00
3.6356e+02 3.2293e-05 1.0249e-07 1.4615e-01 1.6933e+00 1.5659e-06 8.3907e-02 5.3977e+00
1.0000e+02 1.8745e-05 1.1195e-07 3.2180e-01 1.7865e+00 8.2483e-07 8.5339e-02 7.7866e+00
4.6806e+04 5.4817e-08 1.8139e-06 2.6689e+01 1.8976e+00 8.4841e-07 1.2638e-01 9.1127e+00
6.0764e+04 1.8799e-07 7.8397e-07 5.3790e+00 1.8882e+00 6.0356e-07 1.9411e-01 1.1376e+01
1.0399e+05 1.4370e-08 4.8597e-07 5.8898e+01 2.3115e+00 1.2158e-06 3.5015e-01 5.4770e+00
4.7187e+04 3.6095e-07 7.6610e-07 2.3010e+00 1.7771e+00 1.3975e-06 1.7529e-01 2.4497e+00
1.2619e+05 1.2995e-06 1.4659e-07 5.6128e-01 1.6366e+00 7.2898e-07 1.6977e-01 4.6709e+00
1.4802e+05 1.0663e-06 1.4856e-07 4.8166e-01 1.7373e+00 1.0792e-06 2.2821e-01 1.2591e+01
1.2988e+05 3.7468e-08 5.3848e-07 1.8393e+01 2.0067e+00 1.3351e-06 2.3653e-01 1.2546e+01
3.4410e+05 2.6740e-07 1.7817e-07 4.9074e+00 6.8506e+00 8.7069e-07 2.7286e-01 6.7986e+00
6.3263e+04 4.3813e-08 9.1925e-07 2.2054e+01 2.1099e+00 8.4885e-07 1.5520e-01 5.6317e+00
4.8294e+05 6.0556e-08 2.9352e-07 7.9717e+00 2.2688e+00 7.5953e-07 1.8462e-01 8.3781e+00
2.0443e+05 1.7213e-07 7.4488e-07 5.3263e+00 2.7423e+00 6.1831e-07 1.8808e-01 8.2888e+00
2.9671e+05 1.2043e-07 3.7235e-07 5.0512e+00 2.1912e+00 1.0162e-06 2.7504e-01 7.1223e+00
2.5434e+05 1.3274e-08 8.1770e-07 6.9801e+01 2.5319e+00 6.1482e-07 1.8675e-01 1.5119e+01
1.9011e+05 1.0827e-06 1.6576e-08 2.9330e-01 2.0093e+00 2.2141e-06 4.6398e-01 4.6388e+00
1.2569e+05 2.0060e-06 1.1863e-07 2.6118e-01 1.8290e+00 1.1710e-06 8.9260e-02 1.2490e+01
1.7442e+03 8.7989e-06 1.6867e-07 4.1798e-01 1.7591e+00 6.0697e-07 6.9691e-02 1.3196e+01
4.0642e+05 1.7433e-07 9.4447e-08 2.4968e+00 3.1260e+00 1.8104e-06 3.4604e-01 8.5575e+00
3.2923e+05 7.2798e-08 4.9601e-07 1.1559e+01 2.4070e+00 3.8710e-07 2.7054e-01 9.1531e+00
1.3447e+05 5.8113e-08 4.8090e-07 1.1014e+01 2.0581e+00 1.5633e-06 2.4940e-01 8.9840e+00
3.5185e+04 1.8751e-06 2.1067e-07 6.2245e-01 2.0264e+00 5.0338e-07 6.8890e-02 5.2525e+00
4.6151e+04 2.1268e-06 2.4803e-07 5.1676e-01 1.5301e+00 7.3107e-07 1.4784e-01 6.5002e+00
1.5104e+02 1.7236e-05 1.1501e-07 2.6546e-01 1.8124e+00 9.8883e-07 8.2591e-02 5.2872e+00
1.0000e+06 3.0867e-08 1.2369e-07 1.1790e+01 2.6435e+00 9.3917e-07 2.4967e-01 4.9409e+00
1.0189e+05 1.8061e-06 1.2389e-07 3.0891e-01 1.9750e+00 1.0740e-06 8.4019e-02 4.2495e+00
1.0513e+05 6.3140e-08 1.3329e-06 1.8125e+01 2.6514e+00 7.6430e-07 1.1153e-01 1.0758e+01
8.4164e+05 2.5794e-08 1.7282e-07 1.4954e+01 2.7144e+00 1.0326e-06 2.0411e-01 1.2219e+01
6.7416e+05 3.1836e-08 2.8650e-07 2.3977e+01 4.2423e+00 6.7445e-07 2.2264e-01 1.0779e+01
1.1167e+05 1.2023e-08 9.0583e-07 7.2344e+01 2.4614e+00 1.2533e-06 1.5622e-01 1.3627e+01
3.8020e+02 2.0990e-05 1.1337e-07 2.2880e-01 1.7631e+00 1.0972e-06 8.2082e-02 9.2022e+00
9.8397e+04 1.6096e-06 1.2842e-07 4.1883e-01 1.9156e+00 7.9709e-07 8.6946e-02 5.4270e+00
2.0203e+04 5.9390e-08 9.0160e-07 2.8248e+01 2.1530e+00 6.6282e-07 4.7854e-01 8.0388e+00
4.9502e+04 4.8498e-07 8.6030e-07 2.2840e+00 1.6157e+00 6.2519e-07 1.2540e-01 1.3379e+01
2.8977e+05 1.2781e-08 7.9503e-07 6.8897e+01 3.0076e+00 6.2240e-07 1.3125e-01 3.3999e+00
6.3176e+04 2.0951e-06 1.3198e-07 3.8666e-01 2.0083e+00 8.4296e-07 8.2907e-02 6.2889e+00
2.6684e+04 5.8805e-06 2.0621e-07 3.0462e-01 1.6911e+00 7.5392e-07 6.0029e-02 5.2564e+00
6.0259e+04 1.3537e-06 1.3313e-07 7.0601e-01 2.1425e+00 5.1905e-07 8.1930e-02 5.5121e+00
1.0000e+02 4.4578e-05 9.9164e-08 1.6860e-01 1.6127e+00 1.2582e-06 8.5005e-02 6.2849e+00
4.8799e+05 1.7329e-08 1.7921e-07 2.6677e+01 3.3208e+00 1.4342e-06 2.2386e-01 1.1649e+01
6.2896e+04 1.1108e-05 2.6264e-07 5.3239e-01 1.4401e+00 3.9559e-07 5.9860e-02 1.3824e+01
1.2933e+05 1.6650e-06 1.1940e-07 3.3839e-01 1.9646e+00 9.7402e-07 8.6557e-02 6.0959e+00
2.0805e+05 1.3823e-07 4.1509e-07 5.6157e+00 3.2399e+00 8.7779e-07 2.3375e-01 6.0953e+00
1.0051e+05 1.1733e-06 1.3911e-07 4.8440e-01 2.1624e+00 8.3063e-07 8.4113e-02 5.5206e+00
4.9478e+04 2.4333e-07 6.6197e-07 5.1533e+00 3.0311e+00 1.2187e-06 3.8946e-01 5.9805e+00
1.7843e+05 1.0035e-07 3.0671e-07 7.3937e+00 2.3956e+00 9.7394e-07 3.9929e-01 9.9222e+00
1.9007e+04 4.0675e-06 1.6661e-07 4.3939e-01 1.7843e+00 6.4446e-07 1.0245e-01 1.0457e+01
1.6436e+05 3.1411e-07 9.1613e-07 2.7503e+00 2.0430e+00 6.8971e-07 1.4452e-01 1.5253e+01
1.8975e+05 1.2276e-08 7.7137e-07 7.2654e+01 2.3338e+00 7.6133e-07 2.0750e-01 1.5958e+01
2.4264e+05 1.1270e-07 5.7620e-07 8.0376e+00 3.3315e+00 7.9387e-07 2.1499e-01 7.6264e+00
1.0000e+02 1.4405e-05 1.1168e-07 3.6631e-01 1.8133e+00 7.4089e-07 8.7218e-02 5.5367e+00
2.0660e+05 1.5294e-07 2.4114e-07 4.3553e+00 1.6845e+00 7.6821e-07 3.3340e-01 1.1259e+01
1.4575e+05 3.3743e-08 3.0307e-07 1.9906e+01 2.1676e+00 1.2151e-06 3.8134e-01 6.8666e+00
5.3721e+05 2.9888e-08 1.4263e-07 2.4898e+01 3.7611e+00 8.1653e-07 4.2807e-01 8.5044e+00
1.4971e+04 5.2174e-06 1.1674e-07 2.3731e-01 1.8621e+00 1.2082e-06 8.4194e-02 7.5973e+00
1.0000e+02 2.8774e-05 1.1332e-07 2.1737e-01 1.7321e+00 1.1102e-06 8.1440e-02 6.9975e+00
1.2841e+05 4.3190e-08 2.9462e-07 2.2460e+01 2.5313e+00 7.5974e-07 5.1804e-01 7.6847e+00
1.4008e+04 3.0086e-07 7.2641e-07 3.8040e+00 1.6066e+00 1.4460e-06 2.7747e-01 3.4908e+00
2.6087e+05 1.0000e-08 7.5222e-07 1.0000e+02 3.4587e+00 6.3304e-07 1.6889e-01 8.7601e+00
5.4627e+04 4.5540e-08 3.3223e-07 2.6701e+01 3.4316e+00 9.9017e-07 5.0441e-01 7.2778e+00
2.6911e+04 1.1922e-06 1.9253e-07 8.4509e-01 1.7062e+00 6.2064e-07 1.9292e-01 8.3110e+00
1.2446e+05 1.2167e-08 2.2227e-07 7.0687e+01 2.7235e+00 1.1094e-06 5.2436e-01 1.0566e+01
1.6147e+05 7.1601e-07 1.3653e-07 7.1550e-01 2.2792e+00 6.4431e-07 8.8486e-02 5.0669e+00
1.3645e+02 1.7139e-05 1.7408e-07 3.4750e-01 1.8572e+00 7.2929e-07 6.4535e-02 1.1782e+01
2.2455e+05 8.3953e-08 5.9233e-07 1.2883e+01 4.2461e+00 6.4444e-07 1.8641e-01 4.9765e+00
1.3165e+05 5.8964e-08 5.5145e-07 1.2173e+01 2.2765e+00 1.1555e-06 2.2550e-01 8.7082e+00
3.0862e+05 4.7476e-08 4.9307e-07 1.4498e+01 2.4160e+00 9.2275e-07 2.3644e-01 6.4541e+00
2.0645e+05 1.4653e-07 7.6866e-07 5.7764e+00 2.4977e+00 6.1153e-07 1.5365e-01 1.5335e+01
5.7736e+04 1.9180e-06 2.1205e-07 4.8247e-01 1.6442e+00 7.1059e-07 1.4562e-01 5.8913e+00
2.3486e+05 1.9299e-08 9.1733e-07 4.6443e+01 2.1938e+00 5.7749e-07 1.4033e-01 1.0811e+01
1.7453e+05 1.9998e-08 1.4992e-07 4.3685e+01 2.6197e+00 6.8912e-07 6.2541e-01 8.0096e+00
8.2572e+04 6.1365e-08 1.0915e-06 2.1293e+01 2.0993e+00 7.0381e-07 2.8914e-01 1.4177e+01
9.7910e+04 2.0529e-08 2.8304e-07 3.8918e+01 2.2454e+00 1.1119e-06 4.7849e-01 9.6845e+00
2.6512e+02 2.1286e-05 1.1764e-07 2.7751e-01 1.7546e+00 9.2157e-07 8.2666e-02 1.2687e+01
2.7447e+05 9.6812e-08 1.5382e-07 5.1018e+00 3.1243e+00 1.6299e-06 3.0295e-01 8.1920e+00
2.6930e+05 9.7767e-08 5.7451e-07 7.0677e+00 2.6689e+00 9.6502e-07 1.6596e-01 1.1652e+01
4.7189e+02 1.9633e-05 1.1099e-07 2.4002e-01 1.7522e+00 1.0572e-06 8.5158e-02 1.2809e+01
5.4552e+04 1.1423e-07 2.2597e-07 8.3734e+00 2.3179e+00 7.9168e-07 6.1223e-01 7.1254e+00
7.9646e+05 1.4554e-07 6.1603e-08 2.8613e+00 3.5054e+00 1.3719e-06 3.2741e-01 1.1840e+01
1.3868e+02 1.8745e-05 1.0692e-07 2.6718e-01 1.8405e+00 1.0397e-06 9.2182e-02 6.5776e+00
3.5809e+04 1.5270e-06 1.7875e-07 5.5375e-01 1.7188e+00 7.7919e-07 1.6219e-01 7.4360e+00
4.1420e+05 1.7035e-08 9.2423e-08 3.2980e+01 2.9918e+00 9.5507e-07 4.8732e-01 9.4844e+00
1.2089e+05 1.9165e-07 8.8390e-07 5.4702e+00 1.8929e+00 6.6073e-07 2.4961e-01 6.0371e+00
4.5808e+05 2.8446e-08 1.1982e-07 2.6135e+01 4.0040e+00 9.7899e-07 4.5108e-01 5.7028e+00
7.3155e+05 3.8834e-08 4.3898e-07 6.4948e+01 1.3628e+01 6.3865e-07 1.4722e-01 8.4537e+00
5.2687e+04 3.0364e-07 9.7056e-07 3.2752e+00 1.7641e+00 1.1434e-06 1.9212e-01 7.9275e+00
5.9466e+05 2.6069e-06 1.0093e-07 2.2161e-01 1.6607e+00 1.0606e-06 1.0041e-01 1.0261e+01
2.3806e+05 6.4211e-08 3.5936e-07 9.0752e+00 2.5970e+00 1.1230e-06 2.2206e-01 9.0848e+00
5.0281e+05 1.7363e-08 3.1954e-07 3.8239e+01 3.5290e+00 6.8404e-07 2.0153e-01 7.5653e+00
1.0000e+06 7.0287e-08 1.0000e-08 6.2695e+00 4.2802e+00 1.2512e-06 6.0187e-01 9.7061e+00
5.9034e+04 2.1749e-07 7.5411e-07 4.4730e+00 2.1963e+00 7.2509e-07 2.3585e-01 1.0196e+01
1.4699e+05 1.4245e-06 1.2814e-07 4.5109e-01 1.9920e+00 7.4834e-07 8.6291e-02 9.4327e+00
1.0000e+02 2.9907e-05 1.0498e-07 1.6731e-01 1.6708e+00 1.3442e-06 8.3588e-02 5.1357e+00
1.0000e+02 1.2675e-05 1.1326e-07 3.4455e-01 1.8864e+00 8.1776e-07 8.4613e-02 8.2013e+00
6.1627e+04 3.7967e-07 5.2876e-07 2.3301e+00 1.6828e+00 8.4771e-07 2.5142e-01 9.0915e+00
7.0073e+04 2.1225e-06 2.3651e-07 3.5609e-01 1.4885e+00 1.0792e-06 1.3036e-01 5.6472e+00
3.2417e+04 1.7967e-08 1.2012e-06 9.7394e+01 2.7071e+00 5.0298e-07 3.2955e-01 1.1160e+01
6.1321e+05 4.5390e-08 3.1492e-07 1.1274e+01 2.8065e+00 8.2769e-07 1.6796e-01 8.4692e+00
1.5206e+02 1.2794e-05 1.1063e-07 2.9681e-01 1.8426e+00 9.4685e-07 9.2134e-02 5.7764e+00
2.0140e+05 2.7516e-08 3.6672e-07 2.1397e+01 1.9716e+00 9.8078e-07 2.3418e-01 8.3698e+00
5.3852e+04 2.3727e-06 2.4428e-07 3.2921e-01 1.5443e+00 1.0350e-06 1.0016e-01 5.4988e+00
2.4047e+04 2.7316e-07 1.9810e-06 6.6059e+00 1.8015e+00 4.3272e-07 1.2766e-01 1.0144e+01
1.0394e+05 2.8405e-08 2.2850e-07 3.4347e+01 2.8733e+00 8.5367e-07 5.5356e-01 1.0334e+01
1.7998e+05 1.8267e-08 1.2379e-07 3.4240e+01 3.1592e+00 1.7969e-06 4.8798e-01 1.0677e+01
1.7138e+02 2.5116e-05 1.1009e-07 2.3482e-01 1.7721e+00 1.0795e-06 8.3797e-02 5.7314e+00
4.2575e+04 3.1578e-08 1.8839e-06 6.6484e+01 3.1580e+00 4.2869e-07 2.2403e-01 5.8654e+00
6.9243e+05 2.9852e-08 8.0587e-08 1.4282e+01 3.5983e+00 1.0370e-06 2.8716e-01 8.3569e+00
4.3411e+04 4.2889e-08 6.4698e-07 2.6165e+01 2.0780e+00 7.7740e-07 3.7395e-01 7.3892e+00
7.3325e+05 1.4171e-07 1.7874e-07 3.0925e+00 2.3193e+00 9.3809e-07 2.8477e-01 6.0958e+00
5.1719e+04 7.9388e-07 5.7286e-07 1.0038e+00 1.5725e+00 1.0490e-06 1.0144e-01 1.0821e+01
1.5475e+05 1.4688e-07 8.8549e-07 5.8883e+00 2.1927e+00 9.9396e-07 1.7996e-01 8.2403e+00
1.4620e+05 2.4216e-06 4.9492e-08 2.2272e-01 1.6338e+00 2.0708e-06 4.2485e-01 4.4570e+00
1.9121e+05 2.6351e-08 9.9934e-07 3.5736e+01 2.2234e+00 6.9073e-07 1.4683e-01 9.9937e+00
6.4348e+04 2.6907e-08 7.0627e-07 4.6480e+01 2.1811e+00 9.9754e-07 4.3059e-01 9.0636e+00
2.1290e+05 1.5747e-08 3.1351e-07 4.2880e+01 3.1124e+00 7.3411e-07 2.4938e-01 3.4722e+00
1.1899e+05 3.3325e-08 1.7968e-07 3.7298e+01 3.9050e+00 5.9208e-07 5.9877e-01 6.0059e+00
1.4096e+05 1.0425e-06 2.7657e-07 5.2285e-01 1.6603e+00 1.0559e-06 1.6540e-01 9.6851e+00
4.4205e+04 1.6191e-06 4.0714e-07 6.5917e-01 1.5322e+00 5.9793e-07 1.3139e-01 8.1667e+00
7.5642e+04 4.2221e-07 7.1460e-07 1.9525e+00 1.8618e+00 7.6367e-07 1.4455e-01 7.8165e+00
7.3141e+05 3.8070e-08 5.4258e-08 8.5761e+00 2.9631e+00 1.3749e-06 3.3353e-01 9.0059e+00
7.2717e+05 1.1872e-07 1.1084e-07 6.7143e+00 5.5573e+00 8.7626e-07 2.7833e-01 1.0977e+01
8.6166e+04 8.3865e-08 1.1612e-06 1.4216e+01 2.2333e+00 6.0650e-07 1.9260e-01 1.5053e+01
1.3324e+05 5.9924e-08 1.1168e-06 1.6802e+01 2.5588e+00 7.7159e-07 1.2029e-01 9.2243e+00
5.6444e+04 1.1219e-07 5.6488e-08 9.3947e+00 3.1952e+00 9.8986e-07 9.2592e-01 7.0101e+00
1.0943e+02 1.4581e-05 1.0621e-07 3.0824e-01 1.7351e+00 7.9440e-07 8.7432e-02 5.1248e+00
1.2718e+05 5.0404e-07 4.6785e-07 1.1376e+00 2.0560e+00 1.0172e-06 9.8617e-02 9.0496e+00
3.6404e+04 1.8885e-06 1.6860e-07 4.5946e-01 1.6486e+00 8.9904e-07 1.7307e-01 5.9038e+00
3.0938e+05 8.3419e-08 4.3184e-07 8.1828e+00 3.1047e+00 8.6213e-07 1.8231e-01 7.8119e+00
2.3260e+05 3.9896e-08 3.5100e-07 1.4220e+01 2.4018e+00 1.1401e-06 2.3707e-01 9.8828e+00
6.7102e+04 1.8432e-06 1.2853e-07 3.3814e-01 2.0380e+00 1.0427e-06 8.4006e-02 6.1495e+00
2.0525e+02 2.4040e-05 1.0648e-07 2.5144e-01 1.7045e+00 9.6409e-07 8.6189e-02 6.3194e+00
4.7379e+04 1.6273e-07 5.8729e-07 9.1460e+00 3.0492e+00 7.5734e-07 4.8934e-01 8.3302e+00
3.3832e+05 2.5874e-08 8.1080e-08 2.0831e+01 2.7841e+00 1.1642e-06 5.3260e-01 1.4179e+01
3.1387e+02 5.6617e-05 1.9413e-07 2.3154e-01 1.5379e+00 8.2030e-07 5.7799e-02 1.1345e+01
1.7755e+02 1.7845e-05 1.1066e-07 2.5219e-01 1.7372e+00 9.7778e-07 8.3782e-02 5.6398e+00
2.9524e+05 8.6661e-08 3.8340e-07 6.8316e+00 2.5204e+00 9.9899e-07 2.1629e-01 9.3946e+00
1.2816e+04 4.1127e-06 2.4642e-07 4.7019e-01 1.8822e+00 5.3715e-07 5.0166e-02 6.0332e+00
2.1440e+05 2.1553e-08 4.2941e-07 3.2553e+01 2.7994e+00 7.2528e-07 2.0944e-01 8.3102e+00
9.1261e+05 1.6300e-07 5.6754e-08 2.6455e+00 3.5839e+00 1.3375e-06 3.4130e-01 1.1529e+01
1.2196e+05 9.2307e-07 1.7727e-07 5.1404e-01 1.6369e+00 1.6286e-06 2.5602e-01 8.8874e+00
6.4943e+04 7.2201e-08 2.0933e-07 1.3816e+01 2.7203e+00 8.1916e-07 6.0871e-01 7.6990e+00
1.6244e+02 1.5246e-05 1.1144e-07 2.8096e-01 1.8101e+00 9.3254e-07 8.5194e-02 6.4217e+00
9.7755e+03 9.1363e-06 1.8593e-07 3.6476e-01 1.6937e+00 6.2149e-07 6.0951e-02 4.4305e+00
1.0000e+06 1.0296e-06 8.1729e-08 4.1568e-01 1.5920e+00 7.6650e-07 1.6653e-01 1.2078e+01
4.9930e+04 8.4053e-07 5.4274e-07 1.2332e+00 1.5472e+00 6.4824e-07 1.6558e-01 3.2413e+00
1.4322e+05 1.6948e-07 7.4163e-07 5.7537e+00 2.6626e+00 4.8517e-07 1.9770e-01 9.8186e+00
3.5393e+02 1.4287e-05 1.1082e-07 2.3902e-01 1.8418e+00 1.1412e-06 8.5964e-02 1.1935e+01
1.3903e+05 1.0958e-07 4.9088e-07 6.1588e+00 1.9125e+00 1.0897e-06 2.3159e-01 6.7988e+00
1.1042e+05 2.3974e-06 1.1991e-07 3.2855e-01 1.8451e+00 9.5034e-07 1.1655e-01 1.1690e+01
4.3805e+05 1.1728e-07 2.3214e-07 3.7347e+00 2.1723e+00 8.3100e-07 1.9059e-01 6.6624e+00
2.5003e+05 1.4762e-07 1.7404e-07 4.7383e+00 2.7875e+00 1.1808e-06 4.7791e-01 9.9624e+00
2.4640e+04 1.7553e-06 4.1316e-07 7.0352e-01 1.5699e+00 5.0938e-07 9.0613e-02 1.0592e+01
1.3400e+02 1.9433e-05 2.2225e-07 4.8190e-01 1.6183e+00 4.0515e-07 5.1029e-02 5.7890e+00
1.2042e+05 2.5872e-08 2.6795e-07 3.0386e+01 2.4699e+00 1.0739e-06 4.5784e-01 6.8284e+00
5.3686e+04 5.7863e-07 7.8690e-07 1.6571e+00 1.5550e+00 9.4234e-07 1.0920e-01 4.3943e+00
1.3132e+02 1.1054e-05 1.1521e-07 4.3564e-01 1.8422e+00 6.3041e-07 8.4000e-02 7.4382e+00
8.4856e+04 1.4154e-08 3.3085e-07 6.9793e+01 3.0597e+00 9.5510e-07 4.4150e-01 1.2449e+01
2.1679e+05 4.8818e-07 2.7895e-07 1.1686e+00 1.7096e+00 7.8130e-07 2.0741e-01 1.1184e+01
2.0990e+04 3.2734e-07 1.1438e-06 3.8056e+00 1.5817e+00 1.3727e-06 1.7889e-01 8.4486e+00
4.8180e+05 5.1854e-08 4.0124e-07 8.9460e+00 2.2755e+00 9.5552e-07 1.1517e-01 9.1344e+00
6.4662e+04 6.6557e-08 9.6932e-07 1.6568e+01 1.9260e+00 8.5466e-07 2.3113e-01 2.9948e+00
7.4871e+04 1.2199e-07 1.5262e-06 1.2276e+01 1.7008e+00 6.8330e-07 1.9868e-01 9.6874e+00
4.4381e+05 4.3642e-08 2.6641e-07 1.3050e+01 2.5325e+00 8.8033e-07 2.9416e-01 1.2535e+01
7.6396e+05 2.0733e-08 2.1842e-07 2.3358e+01 2.6274e+00 5.5313e-07 2.2029e-01 6.7927e+00
1.4690e+05 8.9785e-08 1.3127e-07 8.2923e+00 2.2839e+00 1.1940e-06 6.5577e-01 9.4294e+00
1.2628e+05 1.0625e-07 1.1973e-06 1.1649e+01 2.5292e+00 5.8312e-07 2.0122e-01 1.3941e+01
1.8510e+04 3.5036e-06 1.3352e-07 4.6219e-01 1.6900e+00 6.9777e-07 1.4591e-01 1.1036e+01
8.0161e+03 6.8950e-07 1.2174e-06 2.6285e+00 1.4427e+00 1.2728e-06 2.4380e-01 4.3632e+00
1.5341e+05 6.2864e-08 7.5727e-07 1.3767e+01 2.5848e+00 5.8419e-07 1.4461e-01 1.1061e+01
1.5634e+02 1.8801e-05 1.2063e-07 3.1566e-01 1.7943e+00 8.2836e-07 8.1537e-02 5.9412e+00
9.6292e+04 7.1054e-08 1.1971e-06 1.3581e+01 1.9761e+00 1.0328e-06 1.0922e-01 8.2143e+00
1.3971e+05 1.3477e-08 4.7036e-07 6.6402e+01 3.1809e+00 9.9695e-07 2.8915e-01 9.2766e+00
4.6086e+05 3.3163e-08 1.1232e-07 1.6436e+01 2.5180e+00 8.8220e-07 4.7738e-01 1.0847e+01
1.0000e+06 4.8129e-08 6.3830e-08 7.1044e+00 2.5500e+00 1.0662e-06 3.6809e-01 1.3963e+01
1.5636e+05 3.6696e-07 4.1719e-07 1.7879e+00 1.8095e+00 1.0501e-06 2.7267e-01 1.1443e+01
2.5654e+05 5.3632e-08 7.0293e-07 1.2980e+01 2.4515e+00 1.1494e-06 1.4980e-01 7.4957e+00
1.3247e+05 1.1856e-06 1.2437e-07 6.5729e-01 2.0789e+00 5.3641e-07 8.4447e-02 4.9152e+00
1.8758e+02 2.9013e-05 1.5350e-07 2.0634e-01 1.6496e+00 1.1438e-06 8.0699e-02 3.6172e+00
6.1495e+05 1.9041e-07 6.2118e-08 1.5743e+00 2.1573e+00 1.8311e-06 3.7400e-01 5.1292e+00
6.7718e+04 9.1135e-08 8.6825e-07 1.1935e+01 2.0079e+00 8.0456e-07 2.6974e-01 1.0116e+01
5.1809e+04 1.4500e-07 1.1550e-06 9.7821e+00 2.0225e+00 1.0394e-06 3.4591e-01 7.5027e+00
4.7488e+05 2.0355e-07 6.1704e-07 3.2437e+00 1.9140e+00 5.5182e-07 1.4292e-01 9.4852e+00
1.7055e+04 1.3666e-05 1.8919e-07 4.4010e-01 1.6170e+00 4.7928e-07 6.0388e-02 4.6908e+00
7.0317e+03 3.4283e-06 1.9667e-07 5.1076e-01 1.6246e+00 6.6790e-07 1.1697e-01 5.9504e+00
1.1198e+02 1.7072e-05 1.0759e-07 2.5777e-01 1.7076e+00 9.1410e-07 8.3881e-02 4.1421e+00
6.3217e+04 1.2368e-06 1.3494e-07 5.9897e-01 2.0936e+00 6.4915e-07 9.1003e-02 7.0559e+00
1.5055e+02 9.3186e-06 1.2049e-07 4.7469e-01 1.8837e+00 6.1478e-07 8.3674e-02 5.5378e+00
7.7780e+04 1.9517e-06 1.9047e-07 3.5990e-01 1.8941e+00 8.8044e-07 8.1715e-02 6.8800e+00
3.0851e+05 3.6317e-08 2.1122e-07 1.4178e+01 3.1983e+00 1.5594e-06 2.4965e-01 1.1480e+01
2.1028e+05 6.7019e-08 1.2634e-07 1.1722e+01 3.1245e+00 1.1481e-06 5.7166e-01 6.7080e+00
3.3831e+04 3.0367e-07 1.6315e-06 4.8065e+00 1.7093e+00 6.6604e-07 1.0593e-01 5.0846e+00
1.5317e+05 2.1448e-05 1.0888e-07 2.5875e-01 1.5073e+00 8.2191e-07 9.4878e-02 8.9408e+00
1.5033e+05 1.5907e-08 6.0804e-07 5.2577e+01 3.0342e+00 1.0439e-06 2.0137e-01 2.4703e+00
2.0641e+04 4.1659e-06 1.6847e-07 3.2707e-01 1.5817e+00 9.0102e-07 8.7930e-02 9.1048e+00
1.1060e+02 5.1170e-05 1.1868e-07 3.3368e-01 1.5670e+00 6.2511e-07 7.9329e-02 6.0061e+00
4.1721e+05 1.0924e-07 1.7795e-07 5.0057e+00 3.6512e+00 1.6148e-06 2.6361e-01 5.4388e+00
1.0000e+02 1.8660e-05 1.0918e-07 2.9256e-01 1.7513e+00 8.5772e-07 8.4469e-02 6.5024e+00
1.0675e+05 1.4170e-08 5.1009e-07 5.3738e+01 2.2452e+00 7.8426e-07 2.3057e-01 1.2511e+01
1.0000e+02 3.4234e-05 1.0848e-07 1.4369e-01 1.6505e+00 1.6053e-06 8.4452e-02 6.2954e+00
1.0000e+06 1.0000e-08 2.1829e-07 5.0777e+01 4.1223e+00 9.7478e-07 1.2135e-01 9.0024e+00
1.0931e+05 1.5409e-06 1.6181e-07 4.2735e-01 1.9729e+00 8.1616e-07 8.9358e-02 5.4099e+00
1.5108e+05 1.6314e-06 1.7217e-07 3.9898e-01 1.6947e+00 8.2018e-07 1.3112e-01 9.6212e+00
4.5827e+05 1.1191e-06 3.4182e-07 4.3589e-01 1.4918e+00 7.8319e-07 9.4545e-02 2.3116e+00
2.5257e+05 5.3772e-08 5.8141e-08 1.6584e+01 4.2360e+00 1.2004e-06 6.7958e-01 5.8817e+00
2.7292e+05 2.8266e-08 2.9244e-07 2.4787e+01 2.5400e+00 7.1853e-07 3.5528e-01 1.3186e+01
4.3674e+05 1.9213e-07 2.8234e-07 2.6017e+00 2.1897e+00 7.4762e-07 2.0392e-01 8.8628e+00
2.6205e+02 1.9387e-05 1.1287e-07 1.9183e-01 1.7634e+00 1.3770e-06 8.7417e-02 5.9520e+00
3.2702e+05 3.2475e-08 4.3838e-07 1.7985e+01 2.2671e+00 9.0830e-07 1.9284e-01 7.2255e+00
6.3781e+02 2.4689e-05 2.2887e-07 3.9244e-01 1.6134e+00 4.9847e-07 5.0683e-02 3.5715e+00
4.7425e+05 1.7851e-07 1.6572e-07 6.6457e+00 6.0537e+00 6.4321e-07 3.0389e-01 1.3786e+01
1.6361e+03 1.9897e-05 1.3785e-07 1.6835e-01 1.6600e+00 1.3356e-06 7.3213e-02 4.0915e+00
1.5151e+05 5.1017e-08 7.3666e-07 1.8196e+01 2.2519e+00 7.5330e-07 2.4466e-01 1.3695e+01
8.0699e+04 2.3489e-08 1.0534e-06 5.3367e+01 2.7475e+00 7.7682e-07 2.3603e-01 1.2583e+01
4.2206e+04 9.8719e-08 6.7013e-07 1.3159e+01 2.8876e+00 1.2243e-06 4.0569e-01 9.0505e+00
5.0414e+05 3.7941e-08 4.9454e-07 1.4673e+01 2.2346e+00 6.7765e-07 1.2305e-01 8.3067e+00
3.5187e+02 2.4673e-05 1.1025e-07 2.4696e-01 1.6816e+00 9.6639e-07 8.4767e-02 5.0573e+00
7.2795e+05 1.5139e-07 2.0536e-07 3.5517e+00 2.9141e+00 9.1955e-07 2.7471e-01 1.0478e+01
4.2334e+05 3.1165e-08 3.2579e-07 1.8923e+01 3.5830e+00 1.2051e-06 1.5643e-01 1.3309e+00
3.7527e+02 1.9451e-05 1.1034e-07 2.5518e-01 1.7183e+00 1.0025e-06 9.0300e-02 5.5386e+00
8.3325e+04 1.3178e-06 1.2480e-07 5.7887e-01 2.0467e+00 6.1958e-07 9.0075e-02 4.0372e+00
6.9765e+04 2.5806e-07 9.7513e-07 3.8905e+00 1.7908e+00 6.9592e-07 1.2672e-01 5.0558e+00
1.5753e+05 7.9385e-07 5.3648e-07 7.5987e-01 1.6324e+00 9.2425e-07 7.8189e-02 1.0039e+01
2.2678e+05 6.1041e-08 4.3736e-07 1.3468e+01 2.8666e+00 5.4771e-07 2.6766e-01 8.9471e+00
2.6606e+05 8.8140e-07 4.1606e-07 5.3895e-01 1.8644e+00 9.5024e-07 6.0545e-02 9.0205e+00
1.2106e+02 1.1219e-05 1.3891e-07 3.9132e-01 1.8884e+00 7.4002e-07 7.9556e-02 7.3617e+00
5.6004e+04 1.5297e-06 1.2842e-07 5.4053e-01 2.2121e+00 7.2216e-07 9.3450e-02 7.3873e+00
4.1411e+04 1.7925e-07 1.7057e-07 5.4154e+00 2.8882e+00 1.5530e-06 6.6925e-01 1.0916e+01
1.5058e+03 7.8973e-06 1.1447e-07 2.9394e-01 1.8207e+00 9.8533e-07 9.3712e-02 1.0990e+01
1.0081e+05 1.0034e-06 3.6139e-07 6.4844e-01 1.5765e+00 1.2371e-06 2.5731e-01 1.0208e+01
5.8655e+05 1.9095e-05 2.2352e-07 6.2676e-01 1.5333e+00 2.8711e-07 4.9469e-02 9.6007e+00
1.4429e+05 5.9845e-08 2.3218e-07 1.0893e+01 2.1255e+00 1.1223e-06 4.3392e-01 9.0683e+00
1.2578e+02 2.1806e-05 1.0626e-07 2.6497e-01 1.7132e+00 9.1211e-07 8.5604e-02 4.7822e+00
3.1827e+05 2.3589e-07 1.7926e-07 2.7588e+00 4.1344e+00 1.4144e-06 2.4421e-01 1.2812e+01
1.9974e+05 9.9637e-08 1.0541e-07 1.1374e+01 4.4323e+00 6.4494e-07 6.1957e-01 4.1591e+00
1.9235e+05 2.6690e-07 1.3560e-07 2.2468e+00 1.6894e+00 9.3750e-07 4.4253e-01 9.0022e+00
4.8793e+03 2.2704e-05 1.3403e-07 3.3240e-01 1.4626e+00 8.0320e-07 1.5789e-01 3.2747e+00
4.9598e+04 2.3177e-08 4.5922e-07 4.3516e+01 2.2602e+00 1.2808e-06 4.5860e-01 1.3489e+01
8.6197e+02 1.9032e-05 1.0795e-07 1.5347e-01 1.7553e+00 1.6339e-06 8.5374e-02 5.9875e+00
1.4682e+02 1.9854e-05 1.1099e-07 1.9491e-01 1.6508e+00 1.1404e-06 8.3258e-02 7.3902e+00
7.8915e+04 2.1015e-07 7.3951e-07 3.9183e+00 1.8274e+00 1.0133e-06 1.6738e-01 1.0458e+01
3.2905e+05 2.5869e-08 6.6036e-07 3.1658e+01 3.2822e+00 4.9432e-07 9.7239e-02 5.4576e+00
8.3204e+04 4.4292e-08 1.8527e-07 1.8874e+01 2.5182e+00 1.8410e-06 6.1230e-01 8.9116e+00
3.4732e+02 1.1190e-05 1.0939e-07 2.8912e-01 1.7926e+00 9.7569e-07 9.8842e-02 6.2000e+00
2.0543e+05 1.5469e-08 9.5830e-08 4.8607e+01 3.1329e+00 8.8534e-07 6.0462e-01 5.7885e+00
1.6737e+05 5.0856e-08 1.4055e-07 1.0503e+01 2.3346e+00 1.7910e-06 4.8466e-01 9.4683e+00
4.3549e+05 7.5468e-08 2.3334e-07 7.9869e+00 2.7090e+00 6.3743e-07 3.0557e-01 6.8666e+00
4.9429e+04 2.0928e-08 7.2565e-07 7.4762e+01 3.2752e+00 5.6617e-07 3.9357e-01 8.8922e+00
1.2628e+05 1.2761e-06 1.3648e-07 4.1527e-01 2.0026e+00 8.6537e-07 8.3764e-02 4.9772e+00
8.5795e+04 4.4118e-08 1.3461e-07 2.2291e+01 3.1136e+00 9.7078e-07 6.6806e-01 6.3412e+00
5.1480e+05 3.8896e-08 3.4469e-07 1.6041e+01 3.0995e+00 7.3752e-07 2.0296e-01 9.0907e+00
7.1822e+05 8.2722e-08 6.9837e-08 3.6202e+00 2.4290e+00 1.9421e-06 3.3872e-01 1.1489e+01
3.0082e+05 1.0434e-07 1.5700e-07 5.6293e+00 1.9688e+00 8.8245e-07 4.7777e-01 8.6618e+00
1.4987e+05 9.4183e-07 1.2135e-07 7.1798e-01 2.0902e+00 5.5742e-07 1.0319e-01 5.9858e+00
3.0035e+05 3.0182e-08 4.0593e-07 2.3981e+01 3.2980e+00 8.2215e-07 2.0814e-01 9.2181e+00
1.3060e+05 1.0866e-07 3.6099e-07 8.7557e+00 3.2762e+00 1.0871e-06 3.8704e-01 7.0296e+00
5.6842e+04 4.1729e-08 3.6983e-07 2.4227e+01 2.4660e+00 1.4852e-06 5.1364e-01 1.1474e+01
2.0868e+05 6.6647e-08 5.2858e-07 1.2089e+01 2.6652e+00 8.5213e-07 2.5368e-01 6.5820e+00
5.8752e+05 8.8046e-08 1.9027e-07 7.4571e+00 3.6383e+00 8.4988e-07 3.0579e-01 1.3577e+01
1.0000e+06 3.5609e-08 1.2237e-07 1.0016e+01 3.2791e+00 1.6143e-06 2.0031e-01 8.4216e+00
9.9048e+04 1.0450e-08 5.5635e-07 8.5795e+01 2.5569e+00 1.0177e-06 3.0375e-01 1.1716e+01
3.0000e+05 1.0096e-06 2.3226e-07 5.7020e-01 1.5311e+00 7.2727e-07 1.3253e-01 1.1911e+01
8.4324e+04 1.8136e-06 1.7810e-07 4.0277e-01 1.6957e+00 7.9449e-07 8.0717e-02 6.0730e+00
1.8980e+05 1.4738e-08 4.6946e-07 6.5983e+01 2.9381e+00 6.9729e-07 3.3948e-01 9.5838e+00
4.2412e+05 6.8583e-08 3.1186e-07 1.0121e+01 2.7950e+00 5.6513e-07 2.9079e-01 1.0349e+01
1.4287e+02 2.8366e-05 1.1196e-07 1.8560e-01 1.7956e+00 1.3853e-06 8.3027e-02 1.3308e+01
9.4742e+04 5.9753e-07 4.5229e-07 1.1384e+00 1.9100e+00 6.1730e-07 9.1389e-02 6.6380e+00
1.1855e+05 1.5871e-06 1.3917e-07 4.4703e-01 1.6198e+00 8.3616e-07 1.5909e-01 7.2736e+00
1.4977e+04 1.0181e-06 7.0985e-07 1.4179e+00 1.4958e+00 7.4210e-07 1.6837e-01 1.7518e+01
5.3677e+04 2.3632e-08 4.9026e-07 3.7593e+01 1.9349e+00 1.6931e-06 4.2035e-01 1.0685e+01
8.2409e+05 3.1657e-07 1.0132e-07 1.8969e+00 4.4471e+00 1.1751e-06 2.1579e-01 4.6768e+00
6.8040e+05 1.5196e-07 1.2586e-07 2.5104e+00 2.4011e+00 1.0339e-06 2.7389e-01 8.5607e+00
8.1879e+04 1.2422e-07 4.5055e-07 6.7182e+00 1.9619e+00 7.4427e-07 3.1187e-01 1.1273e+01
6.7422e+04 2.3581e-07 5.2538e-07 3.6640e+00 1.8372e+00 5.9580e-07 1.9727e-01 1.0300e+01
2.8291e+05 4.5037e-08 1.4827e-07 1.5611e+01 3.1156e+00 9.6414e-07 4.7374e-01 1.0112e+01
1.7784e+03 1.0255e-05 1.3245e-07 2.8535e-01 1.6788e+00 1.0167e-06 1.3932e-01 6.4266e+00
3.8700e+04 1.7248e-08 1.5504e-06 9.0704e+01 2.0033e+00 8.1746e-07 2.3844e-01 9.7279e+00
7.1994e+05 6.9090e-08 3.1913e-07 7.8924e+00 2.5935e+00 6.7984e-07 2.1136e-01 3.1381e+00
1.0000e+02 3.1752e-05 1.0710e-07 2.2389e-01 1.7072e+00 1.1047e-06 8.8301e-02 5.8131e+00
3.9841e+05 3.4803e-08 3.6865e-07 1.6124e+01 2.0836e+00 9.7150e-07 2.4768e-01 7.3132e+00
2.8083e+05 2.9897e-08 3.8727e-07 2.4900e+01 2.8768e+00 6.6095e-07 2.6757e-01 9.4419e+00
3.4951e+04 3.0000e-06 1.6598e-07 3.2952e-01 1.7113e+00 9.0915e-07 9.8434e-02 5.0131e+00
1.3408e+02 1.8038e-05 1.0957e-07 2.1179e-01 1.8429e+00 1.2476e-06 8.4496e-02 5.4963e+00
3.8844e+05 5.7774e-08 3.5685e-07 8.4440e+00 2.3101e+00 8.2096e-07 1.3291e-01 1.1222e+01
1.3257e+04 5.5349e-06 1.6711e-07 2.2496e-01 1.7793e+00 1.1865e-06 7.1142e-02 5.8797e+00
1.0196e+05 2.2485e-07 3.2101e-07 3.3324e+00 1.9438e+00 9.7186e-07 4.0914e-01 1.0398e+01
1.9618e+02 1.4496e-05 1.0689e-07 3.3619e-01 1.7968e+00 8.5143e-07 1.0117e-01 6.4924e+00
1.2912e+05 2.4895e-08 1.2490e-06 4.6616e+01 2.4026e+00 5.6333e-07 1.4186e-01 9.6543e+00
2.5053e+05 3.3490e-08 9.2330e-08 1.6219e+01 2.7220e+00 1.4566e-06 5.2306e-01 9.2739e+00
2.9541e+05 1.0044e-06 2.3277e-07 4.6723e-01 1.5028e+00 1.0679e-06 1.2962e-01 5.7205e+00
7.6085e+04 1.7355e-08 5.3540e-07 4.6776e+01 2.3714e+00 8.2165e-07 2.3845e-01 1.1136e+01
2.1018e+05 2.3914e-08 3.5784e-07 3.2350e+01 2.9051e+00 8.8044e-07 3.1877e-01 1.1683e+01
1.5828e+02 1.7401e-05 9.4676e-08 2.7978e-01 1.6949e+00 1.0965e-06 1.5178e-01 1.0822e+01
1.7013e+02 1.9283e-05 1.1408e-07 2.0165e-01 1.8752e+00 1.3491e-06 8.4548e-02 4.6846e+00
4.1237e+05 1.3975e-06 1.2339e-07 3.7046e-01 1.5404e+00 9.7052e-07 2.3297e-01 4.3286e+00
1.4083e+05 2.8760e-08 4.6060e-07 2.2849e+01 2.2561e+00 1.3158e-06 2.4701e-01 3.0338e+00
2.4889e+04 3.4786e-07 7.3771e-07 2.9674e+00 1.7805e+00 1.1075e-06 2.6367e-01 1.1677e+01
1.0811e+05 1.1090e-06 2.7107e-07 5.2663e-01 1.5741e+00 1.1059e-06 1.3577e-01 4.4290e+00
1.7935e+05 1.0721e-06 1.2388e-07 5.0778e-01 2.0055e+00 6.8908e-07 8.6253e-02 6.0603e+00
2.4191e+05 9.7171e-08 3.5313e-07 8.2863e+00 3.9918e+00 7.2235e-07 1.8906e-01 9.2647e+00
5.1147e+05 1.3642e-08 4.3813e-07 4.0015e+01 2.6043e+00 9.2561e-07 1.4951e-01 7.5185e+00
8.6808e+04 1.0000e-08 2.0951e-07 1.0000e+02 3.7174e+00 1.1450e-06 5.0303e-01 5.5924e+00
1.6308e+05 1.2693e-06 1.3323e-07 6.3475e-01 1.4655e+00 9.3777e-07 2.8175e-01 6.2009e+00
7.1712e+04 1.3729e-07 1.2039e-06 7.6475e+00 2.0214e+00 7.2539e-07 9.7691e-02 6.0020e+00
5.3507e+05 3.4248e-07 1.8159e-07 1.5370e+00 2.7405e+00 9.1735e-07 2.6044e-01 9.2768e+00
4.0626e+04 8.3215e-08 5.8202e-07 1.1847e+01 1.8875e+00 8.7966e-07 3.1657e-01 1.0748e+01
2.9482e+05 7.0595e-08 1.5046e-07 7.6523e+00 2.3546e+00 1.3823e-06 4.5008e-01 6.4006e+00
5.4565e+04 1.9123e-08 6.1435e-07 5.6930e+01 2.6017e+00 1.2511e-06 3.7406e-01 9.8211e+00
4.4919e+04 2.7679e-06 1.2339e-07 2.9642e-01 1.9209e+00 1.0721e-06 9.0239e-02 1.0311e+01
4.1444e+05 1.1185e-07 7.7764e-07 6.1182e+00 2.0827e+00 6.0261e-07 8.8580e-02 8.7555e+00
