0.0000e+00 5.0000e-02 2.8393e-01 8.7249e-02 1.3641e-01 1.0000e-01 9.5799e-02 2.2271e-02 2.1961e-01 8.8952e-02 2.7360e-01
0.0000e+00 5.9000e-02 3.0159e-01 1.0402e-01 1.4754e-01 9.5498e-02 1.3075e-01 1.9779e-02 2.0080e-01 7.1627e-02 2.7509e-01
0.0000e+00 6.8000e-02 3.0088e-01 1.0385e-01 1.3816e-01 6.2347e-02 1.1476e-01 1.9992e-02 2.0089e-01 8.1235e-02 2.7115e-01
0.0000e+00 7.7000e-02 3.0455e-01 1.0491e-01 1.4319e-01 1.0000e-01 1.1386e-01 2.1729e-02 2.0178e-01 6.5692e-02 2.7690e-01
0.0000e+00 8.6000e-02 2.7679e-01 9.5818e-02 1.7119e-01 1.0000e-01 1.3908e-01 2.6181e-02 1.9825e-01 4.8531e-02 2.7968e-01
0.0000e+00 9.5000e-02 2.6462e-01 1.0012e-01 1.5977e-01 1.0000e-01 1.2174e-01 2.7312e-02 1.8525e-01 4.6726e-02 2.6890e-01
0.0000e+00 1.0400e-01 1.6256e-01 1.1972e-01 7.0079e-02 6.7656e-02 5.0000e-02 6.5224e-02 1.6013e-01 3.4472e-02 2.7492e-01
0.0000e+00 1.1300e-01 2.7311e-01 1.1527e-01 1.7859e-01 4.4910e-02 1.7472e-01 2.4795e-02 1.7241e-01 4.0096e-02 2.8634e-01
0.0000e+00 1.2200e-01 3.0020e-01 1.1188e-01 2.0315e-01 1.0000e-01 1.8290e-01 2.2949e-02 1.9154e-01 3.4684e-02 2.8382e-01
0.0000e+00 1.3100e-01 2.7293e-01 1.0801e-01 2.4728e-01 1.0000e-01 2.1040e-01 2.5518e-02 1.7595e-01 2.4381e-02 2.8849e-01
0.0000e+00 1.4000e-01 1.3564e-01 1.2433e-01 5.7380e-02 1.0183e-02 5.6258e-02 5.4126e-02 1.5483e-01 7.4433e-02 2.5217e-01
0.0000e+00 1.4900e-01 1.4025e-01 1.3586e-01 5.5004e-02 1.8591e-02 5.2316e-02 5.6951e-02 1.5298e-01 6.7559e-02 2.5423e-01
0.0000e+00 1.5800e-01 1.4501e-01 1.4512e-01 6.5935e-02 2.4033e-02 6.7653e-02 5.2838e-02 1.3687e-01 3.8769e-02 2.5090e-01
0.0000e+00 1.6700e-01 1.6427e-01 1.6718e-01 6.6301e-02 1.6779e-02 7.4296e-02 4.4688e-02 1.3098e-01 4.8657e-02 2.4916e-01
0.0000e+00 1.7600e-01 1.5666e-01 1.5127e-01 8.5247e-02 2.6666e-02 8.9678e-02 4.2206e-02 1.2868e-01 3.3568e-02 2.4979e-01
0.0000e+00 1.8500e-01 1.4751e-01 1.4219e-01 7.8274e-02 2.4960e-02 7.4136e-02 4.8113e-02 1.3077e-01 3.0444e-02 2.5058e-01
0.0000e+00 1.9400e-01 1.5793e-01 1.7172e-01 8.0488e-02 2.4934e-02 8.6242e-02 4.5105e-02 1.1983e-01 2.7167e-02 2.4995e-01
0.0000e+00 2.0300e-01 1.4164e-01 1.5026e-01 9.0254e-02 2.3902e-02 9.3606e-02 4.5662e-02 1.1854e-01 1.2022e-02 2.4985e-01
0.0000e+00 2.1200e-01 1.4535e-01 1.5538e-01 8.1916e-02 2.6992e-02 8.1167e-02 4.5964e-02 1.2331e-01 2.0219e-02 2.5051e-01
0.0000e+00 2.2100e-01 1.3809e-01 1.4639e-01 9.0692e-02 1.0000e-02 9.4467e-02 4.2641e-02 1.2261e-01 1.9764e-02 2.5087e-01
0.0000e+00 2.3000e-01 1.3880e-01 1.8405e-01 6.8561e-02 1.9004e-02 7.8362e-02 4.8668e-02 1.1724e-01 2.0458e-02 2.5254e-01
0.0000e+00 2.3900e-01 1.2248e-01 1.6878e-01 7.4981e-02 1.0000e-02 8.5592e-02 4.7133e-02 1.1507e-01 1.8245e-02 2.5294e-01
0.0000e+00 2.4800e-01 1.3595e-01 1.8318e-01 7.9902e-02 1.6412e-02 9.1262e-02 4.4319e-02 1.0955e-01 1.2402e-02 2.5327e-01
0.0000e+00 2.5700e-01 1.3226e-01 1.9259e-01 6.6310e-02 1.6243e-02 7.6281e-02 4.8205e-02 1.1138e-01 1.4850e-02 2.5558e-01
0.0000e+00 2.6600e-01 1.2765e-01 1.9955e-01 6.2007e-02 1.0000e-02 7.5743e-02 4.8466e-02 1.1218e-01 1.8681e-02 2.5483e-01
0.0000e+00 2.7500e-01 1.2489e-01 1.9215e-01 6.7221e-02 1.0000e-02 7.8832e-02 4.7488e-02 1.1010e-01 1.3347e-02 2.5640e-01
0.0000e+00 2.8400e-01 1.1882e-01 1.9267e-01 7.2596e-02 1.0000e-02 8.3965e-02 4.7243e-02 1.0652e-01 1.0000e-02 2.5649e-01
0.0000e+00 2.9300e-01 1.3440e-01 2.0740e-01 7.2545e-02 1.0000e-02 8.4743e-02 4.4492e-02 1.0745e-01 1.5693e-02 2.5916e-01
0.0000e+00 3.0200e-01 1.2183e-01 2.1238e-01 6.3750e-02 1.4367e-02 7.5481e-02 4.8384e-02 1.0654e-01 1.0000e-02 2.5984e-01
0.0000e+00 3.1100e-01 1.1497e-01 2.0573e-01 7.2740e-02 1.0000e-02 8.6445e-02 4.5239e-02 1.0481e-01 1.0478e-02 2.6249e-01
0.0000e+00 3.2000e-01 1.1039e-01 2.1639e-01 5.7919e-02 1.0000e-02 7.0900e-02 4.9079e-02 1.0792e-01 1.4122e-02 2.6278e-01
0.0000e+00 3.2900e-01 1.0588e-01 2.1682e-01 5.4493e-02 1.4368e-02 6.2307e-02 5.1837e-02 1.0933e-01 1.5434e-02 2.6658e-01
0.0000e+00 3.3800e-01 1.0302e-01 2.2088e-01 5.4503e-02 1.5977e-02 6.3075e-02 5.2067e-02 1.0750e-01 1.0000e-02 2.6714e-01
0.0000e+00 3.4700e-01 9.6215e-02 2.2206e-01 5.0000e-02 1.4159e-02 5.8877e-02 5.3419e-02 1.0803e-01 1.0000e-02 2.6735e-01
0.0000e+00 3.5600e-01 1.0612e-01 2.2961e-01 5.3759e-02 1.7987e-02 6.2634e-02 4.9592e-02 1.0737e-01 1.0000e-02 2.7303e-01
0.0000e+00 3.6500e-01 8.6924e-02 2.1686e-01 5.0000e-02 1.3337e-02 5.7285e-02 5.3167e-02 1.0851e-01 1.0000e-02 2.7277e-01
0.0000e+00 3.7400e-01 8.8517e-02 2.2668e-01 5.0669e-02 1.1799e-02 5.9131e-02 5.3051e-02 1.0651e-01 1.0000e-02 2.7282e-01
0.0000e+00 3.8300e-01 8.7010e-02 2.3243e-01 5.0347e-02 1.4815e-02 5.6962e-02 5.3537e-02 1.0518e-01 1.0000e-02 2.7638e-01
0.0000e+00 3.9200e-01 9.4236e-02 2.4099e-01 5.0662e-02 1.0000e-02 6.1537e-02 4.9719e-02 1.0363e-01 1.0000e-02 2.7505e-01
0.0000e+00 4.0100e-01 9.6059e-02 2.4401e-01 5.3045e-02 1.4137e-02 6.1362e-02 4.8745e-02 1.0301e-01 1.0586e-02 2.7902e-01
0.0000e+00 4.1000e-01 7.4380e-02 2.3263e-01 5.0000e-02 1.0382e-02 5.9802e-02 5.0622e-02 1.0498e-01 1.0000e-02 2.8310e-01
0.0000e+00 4.1900e-01 8.2360e-02 2.4020e-01 5.0470e-02 1.5120e-02 5.6581e-02 5.0376e-02 1.0386e-01 1.0000e-02 2.8344e-01
0.0000e+00 4.2800e-01 7.6727e-02 2.3947e-01 5.0000e-02 1.0000e-02 5.7668e-02 5.0642e-02 1.0286e-01 1.0000e-02 2.8669e-01
0.0000e+00 4.3700e-01 7.3241e-02 2.4578e-01 5.0000e-02 2.7697e-02 5.0000e-02 5.3458e-02 1.0683e-01 1.0000e-02 2.9511e-01
0.0000e+00 4.4600e-01 7.3075e-02 2.4372e-01 5.0000e-02 1.6645e-02 5.4778e-02 4.9859e-02 1.0457e-01 1.1252e-02 2.9292e-01
0.0000e+00 4.5500e-01 7.9102e-02 2.5248e-01 5.0557e-02 1.1980e-02 5.7515e-02 4.8364e-02 1.0165e-01 1.0499e-02 2.9242e-01
0.0000e+00 4.6400e-01 7.0701e-02 2.5592e-01 5.0000e-02 1.0000e-02 5.9003e-02 4.8246e-02 1.0182e-01 1.2338e-02 2.9471e-01
0.0000e+00 4.7300e-01 6.1061e-02 2.4538e-01 5.0000e-02 1.0000e-02 5.7498e-02 5.0682e-02 1.0520e-01 1.0000e-02 3.0977e-01
0.0000e+00 4.8200e-01 7.1964e-02 2.5636e-01 5.0000e-02 1.3685e-02 5.3752e-02 5.0267e-02 1.0187e-01 1.0000e-02 3.0037e-01
0.0000e+00 4.9100e-01 6.6819e-02 2.6234e-01 5.1429e-02 1.4189e-02 5.5927e-02 4.8859e-02 9.9078e-02 1.0000e-02 3.0298e-01
0.0000e+00 5.0000e-01 6.7782e-02 2.6502e-01 5.0000e-02 1.1536e-02 5.6134e-02 4.7936e-02 9.9771e-02 1.0000e-02 3.0757e-01
