1.6990 -6.2428 -4.0000 2.0000 0.4624 -4.0876 -1.9586 2.3367e+04
1.6990 -4.0000 -4.0000 1.5756 0.4624 -5.7580 -1.9586 3.6370e+03
1.6990 -7.2000 -6.6180 2.0000 0.4624 -4.0679 -1.9586 1.0000e+38
1.6990 -8.0000 -4.0000 2.0000 0.4624 -8.0000 -1.9586 1.0000e+38
1.6990 -7.5753 -8.0000 2.0000 0.4624 -8.0000 -1.9586 1.0000e+38
1.6990 -4.0000 -4.0913 -0.0405 0.4624 -4.7645 -1.9586 1.0000e+38
1.6990 -6.0686 -5.9230 -2.0000 0.4624 -4.0000 -1.9586 1.0000e+38
1.6990 -5.2087 -8.0000 -1.2000 0.4624 -6.1275 -1.9586 1.0000e+38
1.6990 -4.0000 -8.0000 1.6915 0.4624 -4.0000 -1.9586 1.0000e+38
1.6990 -7.3082 -7.6685 0.1941 0.4624 -8.0000 -1.9586 1.0000e+38
1.6990 -4.0000 -7.0173 -0.1083 0.4624 -5.5213 -1.9586 1.0000e+38
1.6990 -6.3943 -4.1930 2.0000 0.4624 -8.0000 -1.9586 1.0000e+38
1.6990 -4.7980 -7.9298 -2.0000 0.4624 -5.3095 -1.9586 1.0000e+38
1.6990 -7.6655 -8.0000 -2.0000 0.4624 -8.0000 -1.9586 1.0000e+38
1.6990 -8.0000 -7.7735 -2.0000 0.4624 -7.1530 -1.9586 1.0000e+38
1.6990 -7.7034 -8.0000 0.4945 0.4624 -6.1753 -1.9586 1.0000e+38
1.6990 -7.1780 -4.0000 0.8786 0.4624 -4.0000 -1.9586 1.0000e+38
1.6990 -4.0000 -4.0000 -0.5869 0.4624 -8.0000 -1.9586 1.0000e+38
1.6990 -8.0000 -7.4925 -1.6331 0.4624 -4.0000 -1.9586 1.0000e+38
1.6990 -6.8980 -6.3595 2.0000 0.4624 -8.0000 -1.9586 1.0000e+38
1.6990 -4.0000 -8.0000 1.1907 0.4624 -4.0000 -1.9586 1.0000e+38
1.6990 -4.2601 -4.0000 1.9655 0.4624 -6.2488 -1.9586 3.4533e+03
1.6990 -4.0000 -8.0000 -0.3796 0.4624 -8.0000 -1.9586 1.0000e+38
1.6990 -6.7210 -7.9069 2.0000 0.4624 -8.0000 -1.9586 1.0000e+38
1.6990 -8.0000 -4.0402 0.2255 0.4624 -5.8287 -1.9586 1.0000e+38
1.6990 -4.2888 -4.0000 2.0000 0.4624 -6.2694 -1.9586 3.5191e+03
1.6990 -5.6857 -4.0000 2.0000 0.4624 -8.0000 -1.9586 1.0000e+38
1.6990 -4.6776 -5.6214 -2.0000 0.4624 -8.0000 -1.9586 1.0000e+38
1.6990 -6.8480 -8.0000 -2.0000 0.4624 -4.7295 -1.9586 1.0000e+38
1.6990 -6.0806 -4.5645 -2.0000 0.4624 -8.0000 -1.9586 1.0000e+38
1.6990 -4.4702 -4.0000 2.0000 0.4624 -6.1873 -1.9586 3.4951e+03
1.6990 -4.3786 -4.0000 -0.1716 0.4624 -8.0000 -1.9586 1.0000e+38
1.6990 -4.0000 -7.3911 -1.3877 0.4624 -7.8899 -1.9586 1.0000e+38
1.6990 -6.8759 -4.3190 2.0000 0.4624 -4.0000 -1.9586 1.0000e+38
1.6990 -4.0000 -8.0000 -1.3456 0.4624 -8.0000 -1.9586 1.0000e+38
1.6990 -7.6912 -4.0000 2.0000 0.4624 -7.1841 -1.9586 1.0000e+38
1.6990 -8.0000 -8.0000 2.0000 0.4624 -8.0000 -1.9586 1.0000e+38
1.6990 -8.0000 -5.2209 2.0000 0.4624 -8.0000 -1.9586 1.0000e+38
1.6990 -5.2577 -4.0000 -2.0000 0.4624 -8.0000 -1.9586 1.0000e+38
1.6990 -6.0439 -8.0000 0.1142 0.4624 -8.0000 -1.9586 1.0000e+38
1.6990 -7.3547 -7.2484 2.0000 0.4624 -7.2259 -1.9586 1.0000e+38
1.6990 -5.7208 -6.1584 2.0000 0.4624 -6.6664 -1.9586 1.0000e+38
1.6990 -8.0000 -6.0559 1.9347 0.4624 -8.0000 -1.9586 1.0000e+38
1.6990 -4.8000 -5.0484 0.7163 0.4624 -4.0000 -1.9586 1.0000e+38
1.6990 -4.0000 -4.3090 0.0566 0.4624 -4.2744 -1.9586 1.0000e+38
1.6990 -7.3684 -8.0000 -0.6214 0.4624 -6.0483 -1.9586 1.0000e+38
1.6990 -7.6788 -4.0000 2.0000 0.4624 -8.0000 -1.9586 1.0000e+38
1.6990 -5.0384 -7.2000 0.1606 0.4624 -8.0000 -1.9586 1.0000e+38
1.6990 -4.8000 -8.0000 0.2981 0.4624 -8.0000 -1.9586 1.0000e+38
1.6990 -8.0000 -7.6098 -1.4830 0.4624 -5.6481 -1.9586 1.0000e+38
1.6990 -6.6322 -8.0000 0.4637 0.4624 -5.3022 -1.9586 1.0000e+38
1.6990 -4.4067 -4.0000 2.0000 0.4624 -6.1705 -1.9586 3.5050e+03
1.6990 -4.0000 -8.0000 -0.6055 0.4624 -8.0000 -1.9586 1.0000e+38
1.6990 -5.7502 -6.3552 -1.3028 0.4624 -4.0436 -1.9586 1.0000e+38
1.6990 -4.6745 -8.0000 2.0000 0.4624 -7.4043 -1.9586 1.0000e+38
1.6990 -4.5077 -7.4743 -2.0000 0.4624 -7.5420 -1.9586 1.0000e+38
1.6990 -6.6840 -4.0000 -1.0029 0.4624 -4.0000 -1.9586 1.0000e+38
1.6990 -7.3822 -6.7162 1.5159 0.4624 -4.0000 -1.9586 1.0000e+38
1.6990 -6.5113 -8.0000 2.0000 0.4624 -8.0000 -1.9586 1.0000e+38
1.6990 -4.9563 -4.8704 1.8610 0.4624 -5.9542 -1.9586 1.0000e+38
1.6990 -4.0000 -4.0000 1.5666 0.4624 -5.7209 -1.9586 3.6064e+03
1.6990 -7.1656 -6.4365 -1.0368 0.4624 -4.0339 -1.9586 1.0000e+38
1.6990 -4.1821 -4.0014 -2.0000 0.4624 -7.5433 -1.9586 1.0000e+38
1.6990 -4.3098 -4.0000 1.8504 0.4624 -6.0312 -1.9586 3.5027e+03
1.6990 -4.3206 -4.0000 2.0000 0.4624 -6.2728 -1.9586 3.5030e+03
1.6990 -7.9720 -8.0000 -2.0000 0.4624 -4.0000 -1.9586 1.0000e+38
1.6990 -4.8032 -4.7011 0.9390 0.4624 -4.0000 -1.9586 1.0000e+38
1.6990 -4.8994 -4.0000 1.6983 0.4624 -4.0000 -1.9586 1.0000e+38
1.6990 -5.2219 -4.0000 1.3146 0.4624 -5.1688 -1.9586 1.0000e+38
1.6990 -5.7556 -8.0000 -2.0000 0.4624 -5.1349 -1.9586 1.0000e+38
1.6990 -4.0000 -4.0000 1.5969 0.4624 -5.7956 -1.9586 3.6032e+03
1.6990 -7.8537 -8.0000 -1.1602 0.4624 -4.0000 -1.9586 1.0000e+38
1.6990 -6.0821 -4.0000 -0.6424 0.4624 -7.1771 -1.9586 1.0000e+38
1.6990 -8.0000 -4.8810 1.4390 0.4624 -4.0000 -1.9586 1.0000e+38
1.6990 -4.0000 -4.0000 1.6378 0.4624 -5.8679 -1.9586 3.5431e+03
1.6990 -8.0000 -5.3604 0.0644 0.4624 -8.0000 -1.9586 1.0000e+38
1.6990 -5.5834 -4.0000 -1.7849 0.4624 -6.0164 -1.9586 1.0000e+38
1.6990 -6.8880 -5.6359 1.2000 0.4624 -4.0000 -1.9586 1.0000e+38
1.6990 -4.0000 -4.0000 1.6308 0.4624 -5.8534 -1.9586 3.6147e+03
1.6990 -4.0455 -4.4522 1.2982 0.4624 -4.0000 -1.9586 1.0000e+38
1.6990 -8.0000 -4.0000 2.0000 0.4624 -4.2000 -1.9586 1.0000e+38
1.6990 -4.3375 -4.0000 2.0000 0.4624 -6.2549 -1.9586 3.5071e+03
1.6990 -4.1133 -6.7195 2.0000 0.4624 -5.8600 -1.9586 1.0000e+38
1.6990 -4.0000 -4.0000 1.1795 0.4624 -4.6348 -1.9586 1.0000e+38
1.6990 -4.0000 -5.6341 -2.0000 0.4624 -4.6497 -1.9586 1.0000e+38
1.6990 -4.0000 -6.5799 -0.1837 0.4624 -8.0000 -1.9586 1.0000e+38
1.6990 -4.0000 -4.0000 1.6539 0.4624 -5.8616 -1.9586 3.6155e+03
1.6990 -4.0000 -4.0000 1.7070 0.4624 -5.9892 -1.9586 3.5242e+03
1.6990 -8.0000 -4.0000 0.6989 0.4624 -4.0531 -1.9586 1.0000e+38
1.6990 -4.4548 -4.0000 2.0000 0.4624 -6.1628 -1.9586 3.5146e+03
1.6990 -4.0000 -4.0000 1.6040 0.4624 -5.7863 -1.9586 3.6026e+03
1.6990 -7.6626 -8.0000 2.0000 0.4624 -4.8000 -1.9586 1.0000e+38
1.6990 -4.0000 -4.0000 1.5724 0.4624 -5.7541 -1.9586 3.6118e+03
1.6990 -4.0264 -8.0000 -1.2000 0.4624 -4.2951 -1.9586 1.0000e+38
1.6990 -8.0000 -4.0000 -0.4143 0.4624 -6.2269 -1.9586 1.0000e+38
1.6990 -8.0000 -6.3162 1.3421 0.4624 -4.0000 -1.9586 1.0000e+38
1.6990 -5.0767 -7.9147 -0.2107 0.4624 -4.0000 -1.9586 1.0000e+38
1.6990 -8.0000 -4.3228 1.5811 0.4624 -5.4495 -1.9586 1.0000e+38
1.6990 -5.5895 -4.0000 -2.0000 0.4624 -4.2932 -1.9586 1.0000e+38
1.6990 -4.0000 -7.7041 -0.4004 0.4624 -7.1751 -1.9586 1.0000e+38
1.6990 -4.1330 -8.0000 -2.0000 0.4624 -5.6703 -1.9586 1.0000e+38
1.6990 -4.0000 -8.0000 -0.3353 0.4624 -4.0000 -1.9586 1.0000e+38
1.6990 -5.6706 -4.0000 0.1518 0.4624 -4.0000 -1.9586 1.0000e+38
1.6990 -8.0000 -4.0000 1.2000 0.4624 -6.4056 -1.9586 1.0000e+38
1.6990 -5.2155 -8.0000 -2.0000 0.4624 -4.0000 -1.9586 1.0000e+38
1.6990 -8.0000 -5.9130 2.0000 0.4624 -8.0000 -1.9586 1.0000e+38
1.6990 -4.0000 -4.0000 2.0000 0.4624 -5.2158 -1.9586 1.0000e+38
1.6990 -7.7089 -7.8884 2.0000 0.4624 -4.9662 -1.9586 1.0000e+38
1.6990 -6.6601 -4.0000 2.0000 0.4624 -4.0000 -1.9586 1.0000e+38
1.6990 -8.0000 -8.0000 2.0000 0.4624 -6.7820 -1.9586 1.0000e+38
1.6990 -8.0000 -8.0000 -2.0000 0.4624 -7.6418 -1.9586 1.0000e+38
1.6990 -8.0000 -6.5324 2.0000 0.4624 -4.5777 -1.9586 1.0000e+38
1.6990 -4.0000 -8.0000 0.6905 0.4624 -6.6857 -1.9586 1.0000e+38
1.6990 -8.0000 -5.9971 1.3601 0.4624 -8.0000 -1.9586 1.0000e+38
1.6990 -4.3738 -5.3973 1.9938 0.4624 -4.0000 -1.9586 1.0000e+38
1.6990 -8.0000 -4.0000 -2.0000 0.4624 -8.0000 -1.9586 1.0000e+38
1.6990 -5.4451 -7.6035 -0.0882 0.4624 -7.1243 -1.9586 1.0000e+38
1.6990 -4.2714 -4.0000 2.0000 0.4624 -5.3945 -1.9586 1.0000e+38
1.6990 -6.3583 -6.6131 -2.0000 0.4624 -4.0000 -1.9586 1.0000e+38
1.6990 -8.0000 -8.0000 2.0000 0.4624 -8.0000 -1.9586 1.0000e+38
1.6990 -8.0000 -4.0000 0.8402 0.4624 -4.0000 -1.9586 1.0000e+38
1.6990 -8.0000 -7.1167 1.2628 0.4624 -5.6047 -1.9586 1.0000e+38
1.6990 -4.0000 -4.1238 -2.0000 0.4624 -4.0000 -1.9586 1.0000e+38
1.6990 -8.0000 -4.8000 2.0000 0.4624 -6.3739 -1.9586 1.0000e+38
1.6990 -6.9595 -4.6654 1.6712 0.4624 -7.5908 -1.9586 1.0000e+38
1.6990 -4.0000 -4.0000 1.5091 0.4624 -5.6796 -1.9586 3.5954e+03
1.6990 -4.0000 -4.0000 1.7297 0.4624 -8.0000 -1.9586 1.0000e+38
1.6990 -5.8490 -8.0000 0.4271 0.4624 -6.5214 -1.9586 1.0000e+38
1.6990 -4.1861 -4.0000 1.8706 0.4624 -6.1356 -1.9586 3.5295e+03
1.6990 -4.0000 -4.0000 1.6354 0.4624 -5.8365 -1.9586 3.5840e+03
1.6990 -8.0000 -8.0000 1.8745 0.4624 -4.0000 -1.9586 1.0000e+38
1.6990 -4.4592 -7.0030 -2.0000 0.4624 -4.0000 -1.9586 1.0000e+38
1.6990 -4.3517 -4.0000 2.0000 0.4624 -6.2328 -1.9586 3.4718e+03
1.6990 -7.1944 -6.6618 -2.0000 0.4624 -8.0000 -1.9586 1.0000e+38
1.6990 -4.4440 -4.0000 2.0000 0.4624 -6.1532 -1.9586 3.5443e+03
1.6990 -4.0000 -4.0000 0.5325 0.4624 -8.0000 -1.9586 1.0000e+38
1.6990 -4.0000 -8.0000 -2.0000 0.4624 -4.5329 -1.9586 1.0000e+38
1.6990 -4.0000 -5.2683 -0.1682 0.4624 -4.0000 -1.9586 1.0000e+38
1.6990 -6.5950 -5.4429 -2.0000 0.4624 -5.7318 -1.9586 1.0000e+38
1.6990 -4.0000 -8.0000 2.0000 0.4624 -4.2333 -1.9586 1.0000e+38
1.6990 -6.5773 -4.8647 -0.8402 0.4624 -8.0000 -1.9586 1.0000e+38
1.6990 -4.0220 -4.0000 2.0000 0.4624 -8.0000 -1.9586 1.0000e+38
1.6990 -4.2044 -4.0000 1.8080 0.4624 -5.9935 -1.9586 3.5041e+03
1.6990 -6.6459 -8.0000 0.8665 0.4624 -6.0093 -1.9586 1.0000e+38
1.6990 -8.0000 -8.0000 -2.0000 0.4624 -8.0000 -1.9586 1.0000e+38
1.6990 -4.0000 -4.0000 1.6908 0.4624 -5.9732 -1.9586 3.5157e+03
1.6990 -4.4867 -4.0045 2.0000 0.4624 -6.1819 -1.9586 3.4906e+03
1.6990 -7.2340 -7.3316 2.0000 0.4624 -4.9864 -1.9586 1.0000e+38
1.6990 -4.7576 -4.3840 2.0000 0.4624 -4.0000 -1.9586 1.0000e+38
1.6990 -5.4964 -6.5337 1.4165 0.4624 -5.5812 -1.9586 1.0000e+38
1.6990 -7.5008 -6.9230 -2.0000 0.4624 -8.0000 -1.9586 1.0000e+38
1.6990 -6.1071 -8.0000 1.0688 0.4624 -4.8000 -1.9586 1.0000e+38
1.6990 -8.0000 -7.0487 2.0000 0.4624 -4.0000 -1.9586 1.0000e+38
1.6990 -4.0000 -5.4479 2.0000 0.4624 -8.0000 -1.9586 1.0000e+38
1.6990 -4.8000 -4.0000 -1.8440 0.4624 -5.1257 -1.9586 1.0000e+38
1.6990 -4.0000 -4.0000 -0.5547 0.4624 -8.0000 -1.9586 1.0000e+38
1.6990 -4.2894 -5.0044 2.0000 0.4624 -4.4059 -1.9586 1.0000e+38
1.6990 -4.6400 -4.0000 0.2459 0.4624 -4.0667 -1.9586 1.0000e+38
1.6990 -8.0000 -6.8369 -2.0000 0.4624 -4.0000 -1.9586 1.0000e+38
1.6990 -4.8900 -4.0000 2.0000 0.4624 -5.3646 -1.9586 1.0000e+38
1.6990 -4.8984 -8.0000 -2.0000 0.4624 -4.5377 -1.9586 1.0000e+38
1.6990 -4.8276 -4.3121 -0.7619 0.4624 -7.6225 -1.9586 1.0000e+38
1.6990 -8.0000 -5.0554 -0.5788 0.4624 -4.9823 -1.9586 1.0000e+38
1.6990 -4.0000 -4.0000 0.3766 0.4624 -8.0000 -1.9586 1.0000e+38
1.6990 -4.0000 -4.0000 1.5070 0.4624 -5.6576 -1.9586 3.5576e+03
1.6990 -4.4331 -4.0000 2.0000 0.4624 -6.2106 -1.9586 3.5505e+03
1.6990 -8.0000 -4.5891 0.3395 0.4624 -4.0000 -1.9586 1.0000e+38
1.6990 -8.0000 -5.6671 -2.0000 0.4624 -8.0000 -1.9586 1.0000e+38
1.6990 -5.6023 -4.0000 1.4645 0.4624 -4.0000 -1.9586 1.0000e+38
1.6990 -5.3691 -8.0000 -0.5599 0.4624 -8.0000 -1.9586 1.0000e+38
1.6990 -4.0000 -4.0000 1.5289 0.4624 -5.7162 -1.9586 3.5950e+03
1.6990 -5.3980 -8.0000 2.0000 0.4624 -7.4386 -1.9586 1.0000e+38
1.6990 -7.9362 -4.0000 1.9958 0.4624 -4.0000 -1.9586 1.0000e+38
1.6990 -5.0647 -4.4821 -1.8106 0.4624 -4.0000 -1.9586 1.0000e+38
1.6990 -5.1624 -4.0000 -0.0983 0.4624 -7.0538 -1.9586 1.0000e+38
1.6990 -6.1390 -6.7197 -2.0000 0.4624 -4.0000 -1.9586 1.0000e+38
1.6990 -4.4351 -4.0000 2.0000 0.4624 -6.1820 -1.9586 3.4940e+03
1.6990 -4.0000 -4.0000 -1.4662 0.4624 -4.0000 -1.9586 1.0000e+38
1.6990 -4.0000 -5.8642 2.0000 0.4624 -4.0000 -1.9586 1.0000e+38
1.6990 -4.0000 -6.2155 0.1168 0.4624 -8.0000 -1.9586 1.0000e+38
1.6990 -7.4499 -8.0000 2.0000 0.4624 -6.1774 -1.9586 1.0000e+38
1.6990 -7.0467 -4.9897 1.7628 0.4624 -4.0000 -1.9586 1.0000e+38
1.6990 -4.0000 -4.0479 -1.1014 0.4624 -4.3975 -1.9586 1.0000e+38
1.6990 -4.3832 -4.0000 2.0000 0.4624 -6.2029 -1.9586 3.5251e+03
1.6990 -4.0000 -5.5217 0.6833 0.4624 -5.3814 -1.9586 1.0000e+38
1.6990 -8.0000 -8.0000 -2.0000 0.4624 -8.0000 -1.9586 1.0000e+38
1.6990 -6.1788 -6.0080 -2.0000 0.4624 -4.0000 -1.9586 1.0000e+38
1.6990 -4.8000 -7.2000 -2.0000 0.4624 -4.0000 -1.9586 1.0000e+38
1.6990 -4.0000 -4.0000 1.5159 0.4624 -5.7025 -1.9586 3.5860e+03
1.6990 -8.0000 -8.0000 -0.1918 0.4624 -4.5954 -1.9586 1.0000e+38
1.6990 -4.0000 -4.0000 1.5801 0.4624 -5.7566 -1.9586 3.6105e+03
1.6990 -4.0000 -7.6888 1.8714 0.4624 -7.9636 -1.9586 1.0000e+38
1.6990 -4.3200 -4.0000 2.0000 0.4624 -6.2723 -1.9586 3.5258e+03
1.6990 -4.0000 -5.4898 -2.0000 0.4624 -4.6231 -1.9586 1.0000e+38
1.6990 -4.0000 -8.0000 -0.6055 0.4624 -8.0000 -1.9586 1.0000e+38
1.6990 -4.0000 -4.0000 1.7038 0.4624 -5.9814 -1.9586 3.5676e+03
1.6990 -5.3416 -5.0432 0.8837 0.4624 -4.0000 -1.9586 1.0000e+38
1.6990 -4.4740 -4.0000 2.0000 0.4624 -6.1710 -1.9586 3.4967e+03
1.6990 -4.9412 -4.0000 -0.3553 0.4624 -5.8414 -1.9586 1.0000e+38
1.6990 -4.0000 -4.0000 1.6845 0.4624 -5.9453 -1.9586 3.5907e+03
1.6990 -8.0000 -8.0000 -1.2785 0.4624 -5.2867 -1.9586 1.0000e+38
1.6990 -4.0311 -8.0000 -1.4009 0.4624 -4.0000 -1.9586 1.0000e+38
1.6990 -8.0000 -8.0000 2.0000 0.4624 -4.0000 -1.9586 1.0000e+38
1.6990 -4.3315 -4.0000 2.0000 0.4624 -6.2540 -1.9586 3.4792e+03
1.6990 -4.0000 -4.0000 0.6369 0.4624 -6.7642 -1.9586 1.0000e+38
1.6990 -8.0000 -6.8949 2.0000 0.4624 -7.6053 -1.9586 1.0000e+38
1.6990 -4.5303 -6.4167 -0.6892 0.4624 -4.0939 -1.9586 1.0000e+38
1.6990 -4.0000 -4.0000 1.6893 0.4624 -5.9354 -1.9586 3.5639e+03
1.6990 -8.0000 -8.0000 0.0483 0.4624 -8.0000 -1.9586 1.0000e+38
1.6990 -4.0000 -5.5125 2.0000 0.4624 -4.9356 -1.9586 1.0000e+38
1.6990 -6.7479 -5.0302 -2.0000 0.4624 -5.4789 -1.9586 1.0000e+38
1.6990 -7.0162 -4.0000 2.0000 0.4624 -4.0000 -1.9586 1.0000e+38
1.6990 -4.0000 -4.2277 -0.8148 0.4624 -8.0000 -1.9586 1.0000e+38
1.6990 -4.0000 -8.0000 1.4628 0.4624 -6.2563 -1.9586 1.0000e+38
1.6990 -5.3132 -6.6075 0.5395 0.4624 -7.5210 -1.9586 1.0000e+38
1.6990 -8.0000 -6.9613 -2.0000 0.4624 -4.2514 -1.9586 1.0000e+38
1.6990 -6.6180 -8.0000 -0.0437 0.4624 -8.0000 -1.9586 1.0000e+38
1.6990 -4.0000 -6.7437 2.0000 0.4624 -4.0000 -1.9586 1.0000e+38
1.6990 -6.1641 -4.0000 -1.3947 0.4624 -5.4928 -1.9586 1.0000e+38
1.6990 -5.6909 -6.0319 -2.0000 0.4624 -4.0000 -1.9586 1.0000e+38
1.6990 -4.1517 -4.0000 1.7330 0.4624 -5.9392 -1.9586 3.5670e+03
1.6990 -4.0000 -8.0000 1.5581 0.4624 -4.6683 -1.9586 1.0000e+38
1.6990 -4.0000 -4.0000 1.6307 0.4624 -5.8275 -1.9586 3.6334e+03
1.6990 -8.0000 -5.3507 2.0000 0.4624 -5.4442 -1.9586 1.0000e+38
1.6990 -4.0616 -4.0000 1.7446 0.4624 -6.0180 -1.9586 3.5593e+03
1.6990 -6.4625 -7.5624 -0.6588 0.4624 -8.0000 -1.9586 1.0000e+38
1.6990 -6.3492 -4.0000 -2.0000 0.4624 -4.0000 -1.9586 1.0000e+38
1.6990 -4.0000 -5.8790 2.0000 0.4624 -4.8649 -1.9586 1.0000e+38
1.6990 -8.0000 -8.0000 1.8842 0.4624 -7.5066 -1.9586 1.0000e+38
1.6990 -6.0128 -4.0000 2.0000 0.4624 -4.9935 -1.9586 2.5917e+04
1.6990 -7.5465 -4.7246 -2.0000 0.4624 -4.8478 -1.9586 1.0000e+38
1.6990 -4.0000 -6.9605 0.5375 0.4624 -6.5219 -1.9586 1.0000e+38
1.6990 -7.2000 -6.0829 2.0000 0.4624 -4.0000 -1.9586 1.0000e+38
1.6990 -8.0000 -5.9559 1.8815 0.4624 -7.2876 -1.9586 1.0000e+38
1.6990 -5.8145 -5.4076 -2.0000 0.4624 -4.9006 -1.9586 1.0000e+38
1.6990 -4.3364 -4.0000 1.8949 0.4624 -6.0586 -1.9586 3.5415e+03
1.6990 -4.0000 -4.0000 1.6776 0.4624 -5.9453 -1.9586 3.5875e+03
1.6990 -4.0000 -4.0000 1.5230 0.4624 -5.6943 -1.9586 3.5409e+03
1.6990 -5.6602 -4.0000 -2.0000 0.4624 -7.0794 -1.9586 1.0000e+38
1.6990 -8.0000 -8.0000 1.0819 0.4624 -4.0000 -1.9586 1.0000e+38
1.6990 -8.0000 -6.7658 -0.0841 0.4624 -7.2950 -1.9586 1.0000e+38
1.6990 -4.8039 -4.0000 0.8540 0.4624 -4.0000 -1.9586 2.0831e+04
1.6990 -6.3179 -5.4234 0.2341 0.4624 -7.3588 -1.9586 1.0000e+38
1.6990 -4.8996 -4.0000 -0.8536 0.4624 -7.1436 -1.9586 1.0000e+38
1.6990 -4.6511 -4.9560 -0.2793 0.4624 -6.1602 -1.9586 1.0000e+38
1.6990 -6.7269 -6.2074 0.2505 0.4624 -7.7480 -1.9586 1.0000e+38
1.6990 -4.8494 -8.0000 0.2416 0.4624 -6.2866 -1.9586 1.0000e+38
1.6990 -8.0000 -7.5004 -1.7614 0.4624 -5.5508 -1.9586 1.0000e+38
1.6990 -7.6129 -8.0000 0.7150 0.4624 -4.0000 -1.9586 1.0000e+38
1.6990 -8.0000 -7.4620 0.7119 0.4624 -8.0000 -1.9586 1.0000e+38
1.6990 -4.1153 -8.0000 -0.0549 0.4624 -8.0000 -1.9586 1.0000e+38
1.6990 -7.6979 -7.4006 -2.0000 0.4624 -4.9661 -1.9586 1.0000e+38
1.6990 -4.0000 -6.2226 1.7197 0.4624 -7.7587 -1.9586 1.0000e+38
1.6990 -4.3836 -4.0000 2.0000 0.4624 -6.2097 -1.9586 3.5540e+03
1.6990 -8.0000 -8.0000 0.8447 0.4624 -8.0000 -1.9586 1.0000e+38
1.6990 -6.9654 -6.0885 -2.0000 0.4624 -6.5185 -1.9586 1.0000e+38
1.6990 -4.2290 -4.0000 1.9298 0.4624 -6.2121 -1.9586 3.5187e+03
1.6990 -4.0000 -4.8070 0.8013 0.4624 -8.0000 -1.9586 1.0000e+38
1.6990 -6.2906 -6.7118 -2.0000 0.4624 -4.0894 -1.9586 1.0000e+38
1.6990 -4.0000 -8.0000 0.3316 0.4624 -7.3600 -1.9586 1.0000e+38
1.6990 -4.0000 -4.0000 1.5855 0.4624 -5.7856 -1.9586 3.5531e+03
1.6990 -4.0000 -5.8612 -0.9786 0.4624 -4.0000 -1.9586 1.0000e+38
1.6990 -4.0848 -8.0000 -2.0000 0.4624 -5.5451 -1.9586 1.0000e+38
1.6990 -4.0000 -4.0000 1.6633 0.4624 -5.9090 -1.9586 3.5676e+03
1.6990 -8.0000 -5.1561 2.0000 0.4624 -8.0000 -1.9586 1.0000e+38
1.6990 -5.0182 -5.5815 0.1288 0.4624 -4.0000 -1.9586 1.0000e+38
1.6990 -5.1498 -4.8000 0.5746 0.4624 -5.4221 -1.9586 1.0000e+38
1.6990 -4.0000 -8.0000 -2.0000 0.4624 -8.0000 -1.9586 1.0000e+38
1.6990 -7.7688 -5.1812 -2.0000 0.4624 -8.0000 -1.9586 1.0000e+38
1.6990 -4.0000 -4.0000 1.6161 0.4624 -5.8169 -1.9586 3.5951e+03
1.6990 -6.3843 -7.4513 0.1451 0.4624 -4.0000 -1.9586 1.0000e+38
1.6990 -5.5287 -7.9295 -2.0000 0.4624 -7.9836 -1.9586 1.0000e+38
1.6990 -4.0000 -8.0000 -2.0000 0.4624 -7.6059 -1.9586 1.0000e+38
1.6990 -4.0000 -4.0000 -2.0000 0.4624 -6.6080 -1.9586 1.0000e+38
1.6990 -5.3101 -7.7452 1.0327 0.4624 -6.5642 -1.9586 1.0000e+38
1.6990 -8.0000 -8.0000 1.4168 0.4624 -4.7152 -1.9586 1.0000e+38
1.6990 -5.4979 -5.6144 -0.8634 0.4624 -7.3730 -1.9586 1.0000e+38
1.6990 -8.0000 -4.0000 -0.8025 0.4624 -5.9179 -1.9586 1.0000e+38
1.6990 -4.3128 -4.0000 2.0000 0.4624 -6.2689 -1.9586 3.5154e+03
1.6990 -4.9552 -4.0000 1.8390 0.4624 -6.9992 -1.9586 1.0000e+38
1.6990 -4.4822 -4.0000 2.0000 0.4624 -6.1797 -1.9586 3.4838e+03
1.6990 -5.9590 -4.6672 -1.4725 0.4624 -4.0000 -1.9586 1.0000e+38
1.6990 -7.7415 -8.0000 1.1243 0.4624 -4.0000 -1.9586 1.0000e+38
1.6990 -5.5607 -4.0000 -2.0000 0.4624 -8.0000 -1.9586 1.0000e+38
1.6990 -4.0000 -4.0000 -2.0000 0.4624 -4.0000 -1.9586 1.0000e+38
1.6990 -4.4471 -8.0000 -2.0000 0.4624 -4.0000 -1.9586 1.0000e+38
1.6990 -4.2623 -4.0000 1.9815 0.4624 -6.2231 -1.9586 3.4925e+03
1.6990 -4.5531 -4.0000 1.2000 0.4624 -4.0000 -1.9586 1.0000e+38
1.6990 -5.5769 -7.2000 1.2000 0.4624 -7.0583 -1.9586 1.0000e+38
1.6990 -5.8011 -4.0000 0.1042 0.4624 -7.3612 -1.9586 1.0000e+38
1.6990 -4.8000 -4.4453 2.0000 0.4624 -7.4880 -1.9586 1.0000e+38
1.6990 -6.3787 -6.3358 2.0000 0.4624 -4.0298 -1.9586 1.0000e+38
1.6990 -8.0000 -8.0000 2.0000 0.4624 -8.0000 -1.9586 1.0000e+38
1.6990 -6.2400 -4.0000 -2.0000 0.4624 -8.0000 -1.9586 1.0000e+38
1.6990 -4.0000 -5.7432 -2.0000 0.4624 -4.0000 -1.9586 1.0000e+38
1.6990 -7.4438 -6.7353 -2.0000 0.4624 -8.0000 -1.9586 1.0000e+38
1.6990 -7.8684 -7.8473 0.8192 0.4624 -8.0000 -1.9586 1.0000e+38
1.6990 -8.0000 -4.0000 -2.0000 0.4624 -6.3922 -1.9586 1.0000e+38
1.6990 -5.0351 -5.9133 -1.5020 0.4624 -4.0000 -1.9586 1.0000e+38
1.6990 -4.0000 -8.0000 2.0000 0.4624 -4.0000 -1.9586 1.0000e+38
1.6990 -6.2515 -4.0000 2.0000 0.4624 -4.1415 -1.9586 8.9597e+03
1.6990 -4.0000 -6.9200 -2.0000 0.4624 -6.8468 -1.9586 1.0000e+38
1.6990 -6.1347 -7.3509 2.0000 0.4624 -7.7446 -1.9586 1.0000e+38
1.6990 -4.3184 -4.0000 2.0000 0.4624 -6.2387 -1.9586 3.4726e+03
1.6990 -7.4969 -4.0000 0.3131 0.4624 -5.3522 -1.9586 1.0000e+38
1.6990 -5.0451 -4.0000 1.0258 0.4624 -4.0000 -1.9586 2.1603e+04
1.6990 -8.0000 -8.0000 -0.9708 0.4624 -8.0000 -1.9586 1.0000e+38
1.6990 -4.0000 -8.0000 -0.2901 0.4624 -4.0000 -1.9586 1.0000e+38
1.6990 -4.0000 -4.0000 1.6031 0.4624 -5.7783 -1.9586 3.5671e+03
1.6990 -5.6666 -5.4528 -2.0000 0.4624 -4.5759 -1.9586 1.0000e+38
1.6990 -4.0000 -4.0000 -1.5351 0.4624 -6.1652 -1.9586 1.0000e+38
1.6990 -4.0000 -4.0000 1.6797 0.4624 -5.9509 -1.9586 3.5224e+03
1.6990 -4.0000 -5.4851 -2.0000 0.4624 -4.0000 -1.9586 1.0000e+38
1.6990 -4.3252 -5.5851 -2.0000 0.4624 -7.6329 -1.9586 1.0000e+38
1.6990 -4.5222 -4.0000 1.5616 0.4624 -6.6529 -1.9586 1.0000e+38
1.6990 -7.8675 -5.8873 0.5909 0.4624 -7.1381 -1.9586 1.0000e+38
1.6990 -5.1229 -6.1095 -1.6542 0.4624 -5.9801 -1.9586 1.0000e+38
1.6990 -4.0000 -8.0000 -2.0000 0.4624 -4.0000 -1.9586 1.0000e+38
1.6990 -4.0000 -4.8188 -0.4636 0.4624 -8.0000 -1.9586 1.0000e+38
1.6990 -8.0000 -4.0000 -1.3354 0.4624 -4.0000 -1.9586 1.0000e+38
1.6990 -7.3933 -5.7872 2.0000 0.4624 -8.0000 -1.9586 1.0000e+38
1.6990 -4.0000 -4.0000 -2.0000 0.4624 -8.0000 -1.9586 1.0000e+38
1.6990 -4.0000 -4.0000 1.6831 0.4624 -5.9505 -1.9586 3.5269e+03
1.6990 -7.5126 -8.0000 -0.6172 0.4624 -8.0000 -1.9586 1.0000e+38
1.6990 -4.2977 -4.0000 2.0000 0.4624 -6.2730 -1.9586 3.5268e+03
1.6990 -5.0593 -8.0000 1.4027 0.4624 -6.4882 -1.9586 1.0000e+38
1.6990 -4.3766 -4.0199 2.0000 0.4624 -6.2334 -1.9586 3.5292e+03
1.6990 -4.0000 -4.0000 2.0000 0.4624 -4.0000 -1.9586 1.0000e+38
1.6990 -4.0000 -4.0000 1.6183 0.4624 -5.8227 -1.9586 3.6170e+03
1.6990 -8.0000 -7.6609 2.0000 0.4624 -6.2511 -1.9586 1.0000e+38
1.6990 -4.9271 -5.3120 2.0000 0.4624 -5.0469 -1.9586 1.0000e+38
1.6990 -6.6783 -6.8161 2.0000 0.4624 -5.5929 -1.9586 1.0000e+38
1.6990 -8.0000 -5.2280 1.9612 0.4624 -4.0000 -1.9586 1.0000e+38
1.6990 -8.0000 -8.0000 0.0566 0.4624 -4.0000 -1.9586 1.0000e+38
1.6990 -4.0000 -4.0000 1.6209 0.4624 -5.8357 -1.9586 3.5638e+03
1.6990 -4.3358 -4.0000 2.0000 0.4624 -6.2478 -1.9586 3.5251e+03
1.6990 -4.0000 -4.0000 1.6081 0.4624 -5.7931 -1.9586 3.5213e+03
1.6990 -4.0000 -7.4171 -0.7833 0.4624 -4.0000 -1.9586 1.0000e+38
1.6990 -8.0000 -5.4410 -1.6740 0.4624 -8.0000 -1.9586 1.0000e+38
1.6990 -4.3090 -4.0000 2.0000 0.4624 -6.2543 -1.9586 3.5548e+03
1.6990 -4.1997 -6.8015 -0.4978 0.4624 -5.4851 -1.9586 1.0000e+38
1.6990 -6.6445 -4.0000 -2.0000 0.4624 -5.7290 -1.9586 1.0000e+38
1.6990 -8.0000 -5.2436 -0.6016 0.4624 -6.6344 -1.9586 1.0000e+38
1.6990 -4.8096 -5.1371 -2.0000 0.4624 -4.5618 -1.9586 1.0000e+38
1.6990 -4.0000 -4.0000 1.0371 0.4624 -6.6460 -1.9586 1.0000e+38
1.6990 -8.0000 -8.0000 1.2000 0.4624 -4.0000 -1.9586 1.0000e+38
1.6990 -4.6098 -7.2000 0.3466 0.4624 -6.5088 -1.9586 1.0000e+38
1.6990 -4.0000 -4.0000 1.6539 0.4624 -5.8616 -1.9586 3.6155e+03
1.6990 -7.0267 -4.0000 -2.0000 0.4624 -7.2725 -1.9586 1.0000e+38
1.6990 -4.0000 -5.2155 -2.0000 0.4624 -4.0000 -1.9586 1.0000e+38
1.6990 -4.0000 -4.4904 -0.3555 0.4624 -6.8710 -1.9586 1.0000e+38
1.6990 -8.0000 -8.0000 -2.0000 0.4624 -6.5673 -1.9586 1.0000e+38
1.6990 -8.0000 -8.0000 -1.9969 0.4624 -4.8035 -1.9586 1.0000e+38
1.6990 -4.2927 -4.0000 2.0000 0.4624 -6.2716 -1.9586 3.5219e+03
1.6990 -5.8277 -5.8813 -1.5063 0.4624 -4.0000 -1.9586 1.0000e+38
1.6990 -4.5560 -8.0000 0.3449 0.4624 -4.0000 -1.9586 1.0000e+38
1.6990 -4.2991 -4.0000 2.0000 0.4624 -6.2610 -1.9586 3.5210e+03
1.6990 -8.0000 -5.4292 -2.0000 0.4624 -4.0000 -1.9586 1.0000e+38
1.6990 -4.0000 -4.4152 -0.1443 0.4624 -8.0000 -1.9586 1.0000e+38
1.6990 -6.9573 -4.6427 1.5936 0.4624 -4.0000 -1.9586 1.0000e+38
1.6990 -8.0000 -5.2910 0.0880 0.4624 -4.0000 -1.9586 1.0000e+38
1.6990 -4.8508 -6.1869 -1.8621 0.4624 -4.0000 -1.9586 1.0000e+38
1.6990 -5.1890 -4.4873 -2.0000 0.4624 -8.0000 -1.9586 1.0000e+38
1.6990 -4.0000 -4.0000 1.6376 0.4624 -5.8593 -1.9586 3.5127e+03
1.6990 -5.1722 -4.6026 -1.6708 0.4624 -5.4679 -1.9586 1.0000e+38
1.6990 -5.8036 -5.7592 2.0000 0.4624 -5.5072 -1.9586 1.0000e+38
1.6990 -4.0000 -4.0000 1.6541 0.4624 -5.8794 -1.9586 3.6216e+03
1.6990 -4.8000 -6.3347 -2.0000 0.4624 -6.5584 -1.9586 1.0000e+38
1.6990 -8.0000 -8.0000 -1.4280 0.4624 -4.0000 -1.9586 1.0000e+38
1.6990 -7.3775 -7.4666 -2.0000 0.4624 -4.9312 -1.9586 1.0000e+38
1.6990 -4.0000 -7.6347 2.0000 0.4624 -4.0000 -1.9586 1.0000e+38
1.6990 -8.0000 -8.0000 -2.0000 0.4624 -7.6418 -1.9586 1.0000e+38
1.6990 -7.6651 -6.1424 -2.0000 0.4624 -7.2923 -1.9586 1.0000e+38
1.6990 -8.0000 -4.9456 1.5396 0.4624 -4.8350 -1.9586 1.0000e+38
1.6990 -4.1578 -4.9402 -0.9747 0.4624 -7.2000 -1.9586 1.0000e+38
1.6990 -4.0000 -4.0000 -2.0000 0.4624 -5.6431 -1.9586 1.0000e+38
1.6990 -5.9309 -5.9225 -2.0000 0.4624 -8.0000 -1.9586 1.0000e+38
1.6990 -8.0000 -7.8566 2.0000 0.4624 -6.5097 -1.9586 1.0000e+38
1.6990 -7.6596 -4.0000 -1.9937 0.4624 -4.0000 -1.9586 1.0000e+38
1.6990 -8.0000 -6.5847 -2.0000 0.4624 -4.0000 -1.9586 1.0000e+38
1.6990 -4.0000 -7.9294 2.0000 0.4624 -4.6400 -1.9586 1.0000e+38
1.6990 -5.6970 -4.0000 -0.7318 0.4624 -5.6699 -1.9586 1.0000e+38
1.6990 -4.0000 -4.0000 -1.7245 0.4624 -8.0000 -1.9586 1.0000e+38
1.6990 -4.0000 -4.0000 -0.5686 0.4624 -5.6645 -1.9586 1.0000e+38
1.6990 -8.0000 -5.2930 2.0000 0.4624 -4.0000 -1.9586 1.0000e+38
1.6990 -4.0000 -8.0000 -2.0000 0.4624 -4.0000 -1.9586 1.0000e+38
1.6990 -4.3227 -4.0000 1.9898 0.4624 -6.2335 -1.9586 3.4981e+03
1.6990 -4.0000 -8.0000 -1.1888 0.4624 -8.0000 -1.9586 1.0000e+38
1.6990 -8.0000 -8.0000 -2.0000 0.4624 -5.7377 -1.9586 1.0000e+38
1.6990 -8.0000 -6.8485 -2.0000 0.4624 -5.7132 -1.9586 1.0000e+38
1.6990 -7.2920 -4.0000 -1.5995 0.4624 -8.0000 -1.9586 1.0000e+38
1.6990 -5.5459 -5.7945 2.0000 0.4624 -4.0816 -1.9586 1.0000e+38
1.6990 -4.0000 -4.0000 -0.9656 0.4624 -8.0000 -1.9586 1.0000e+38
1.6990 -4.4791 -7.8228 0.7763 0.4624 -4.7752 -1.9586 1.0000e+38
1.6990 -4.0000 -4.4354 2.0000 0.4624 -5.8844 -1.9586 1.0000e+38
1.6990 -7.2000 -7.9014 0.7879 0.4624 -4.0000 -1.9586 1.0000e+38
1.6990 -4.9564 -4.4515 0.1046 0.4624 -4.0000 -1.9586 1.0000e+38
1.6990 -4.0000 -4.0000 1.5695 0.4624 -5.7605 -1.9586 3.5656e+03
1.6990 -4.4462 -6.1869 2.0000 0.4624 -5.4816 -1.9586 1.0000e+38
1.6990 -5.5683 -8.0000 -2.0000 0.4624 -4.0000 -1.9586 1.0000e+38
1.6990 -5.5487 -4.0000 -0.9776 0.4624 -4.5838 -1.9586 1.0000e+38
1.6990 -8.0000 -8.0000 2.0000 0.4624 -4.5081 -1.9586 1.0000e+38
1.6990 -4.0000 -6.7247 0.1122 0.4624 -6.1058 -1.9586 1.0000e+38
1.6990 -4.0000 -4.0000 1.6764 0.4624 -5.9283 -1.9586 3.5541e+03
1.6990 -8.0000 -8.0000 -1.7290 0.4624 -6.2761 -1.9586 1.0000e+38
1.6990 -8.0000 -7.2000 -2.0000 0.4624 -7.6663 -1.9586 1.0000e+38
1.6990 -8.0000 -5.6002 1.1104 0.4624 -4.8000 -1.9586 1.0000e+38
1.6990 -8.0000 -8.0000 -1.2000 0.4624 -5.3324 -1.9586 1.0000e+38
1.6990 -4.3248 -4.8086 -2.0000 0.4624 -5.2595 -1.9586 1.0000e+38
1.6990 -4.0000 -5.4536 2.0000 0.4624 -8.0000 -1.9586 1.0000e+38
1.6990 -5.5752 -5.3625 -2.0000 0.4624 -4.0000 -1.9586 1.0000e+38
1.6990 -8.0000 -4.8000 -1.1921 0.4624 -4.1857 -1.9586 1.0000e+38
1.6990 -8.0000 -4.5913 -2.0000 0.4624 -7.2000 -1.9586 1.0000e+38
1.6990 -4.3640 -4.0000 2.0000 0.4624 -6.2176 -1.9586 3.4839e+03
1.6990 -4.0000 -5.4731 2.0000 0.4624 -4.8000 -1.9586 1.0000e+38
1.6990 -5.3329 -5.9330 -0.4092 0.4624 -8.0000 -1.9586 1.0000e+38
1.6990 -4.3250 -4.0000 2.0000 0.4624 -6.2323 -1.9586 3.5135e+03
1.6990 -4.4464 -4.0000 2.0000 0.4624 -6.1894 -1.9586 3.5150e+03
1.6990 -4.9353 -4.0000 -0.3567 0.4624 -8.0000 -1.9586 1.0000e+38
1.6990 -4.4831 -4.0000 2.0000 0.4624 -6.1579 -1.9586 3.5399e+03
1.6990 -4.0000 -8.0000 0.9251 0.4624 -8.0000 -1.9586 1.0000e+38
1.6990 -4.0000 -4.0000 0.5546 0.4624 -7.9404 -1.9586 1.0000e+38
1.6990 -8.0000 -8.0000 0.4728 0.4624 -4.0000 -1.9586 1.0000e+38
1.6990 -7.2000 -4.0000 1.6682 0.4624 -4.4090 -1.9586 1.0000e+38
1.6990 -4.0000 -4.8268 -2.0000 0.4624 -4.0564 -1.9586 1.0000e+38
1.6990 -7.2082 -5.5329 -1.2000 0.4624 -4.4371 -1.9586 1.0000e+38
1.6990 -4.2898 -4.0000 2.0000 0.4624 -6.2794 -1.9586 3.4886e+03
1.6990 -8.0000 -7.2000 2.0000 0.4624 -6.9862 -1.9586 1.0000e+38
1.6990 -6.1723 -5.4881 2.0000 0.4624 -5.9465 -1.9586 1.0000e+38
1.6990 -4.0000 -8.0000 -0.4419 0.4624 -8.0000 -1.9586 1.0000e+38
1.6990 -4.0000 -4.8262 0.2234 0.4624 -4.0000 -1.9586 1.0000e+38
1.6990 -6.3925 -4.7022 -2.0000 0.4624 -7.5971 -1.9586 1.0000e+38
1.6990 -5.8125 -6.4350 0.3396 0.4624 -4.4090 -1.9586 1.0000e+38
1.6990 -4.0000 -4.0000 1.5585 0.4624 -5.7474 -1.9586 3.6152e+03
1.6990 -7.8921 -8.0000 0.5758 0.4624 -4.8000 -1.9586 1.0000e+38
1.6990 -4.0000 -4.0000 1.5187 0.4624 -5.6869 -1.9586 3.5351e+03
1.6990 -4.0000 -8.0000 -0.1960 0.4624 -5.4917 -1.9586 1.0000e+38
1.6990 -4.0000 -4.9545 0.0381 0.4624 -7.9523 -1.9586 1.0000e+38
1.6990 -4.0000 -5.5125 2.0000 0.4624 -4.9356 -1.9586 1.0000e+38
1.6990 -6.2156 -6.0213 -0.0765 0.4624 -4.0000 -1.9586 1.0000e+38
1.6990 -5.1624 -4.0000 -0.0983 0.4624 -7.0538 -1.9586 1.0000e+38
1.6990 -8.0000 -4.0000 1.6984 0.4624 -4.0000 -1.9586 1.0000e+38
1.6990 -4.8667 -4.3497 -1.5944 0.4624 -8.0000 -1.9586 1.0000e+38
1.6990 -4.0000 -4.0000 1.5475 0.4624 -5.7200 -1.9586 3.5793e+03
1.6990 -8.0000 -7.8672 2.0000 0.4624 -6.8391 -1.9586 1.0000e+38
1.6990 -4.0529 -5.9731 -0.7261 0.4624 -4.7236 -1.9586 1.0000e+38
1.6990 -8.0000 -8.0000 -2.0000 0.4624 -4.0000 -1.9586 1.0000e+38
1.6990 -4.4878 -4.0000 2.0000 0.4624 -6.1612 -1.9586 3.5385e+03
1.6990 -4.3592 -7.1729 2.0000 0.4624 -6.6115 -1.9586 1.0000e+38
1.6990 -8.0000 -8.0000 -1.5964 0.4624 -8.0000 -1.9586 1.0000e+38
1.6990 -4.0000 -4.0000 1.5824 0.4624 -5.7567 -1.9586 3.5136e+03
1.6990 -5.5332 -4.0000 0.5050 0.4624 -7.0512 -1.9586 1.0000e+38
1.6990 -8.0000 -4.7607 2.0000 0.4624 -8.0000 -1.9586 1.0000e+38
1.6990 -7.6259 -4.9409 2.0000 0.4624 -4.0000 -1.9586 1.0000e+38
1.6990 -5.4790 -8.0000 2.0000 0.4624 -7.5408 -1.9586 1.0000e+38
1.6990 -6.7536 -6.3906 -1.2308 0.4624 -4.0000 -1.9586 1.0000e+38
1.6990 -6.2177 -4.8685 -1.3306 0.4624 -6.9385 -1.9586 1.0000e+38
1.6990 -4.6284 -4.0000 0.9597 0.4624 -4.5633 -1.9586 1.0000e+38
1.6990 -6.6405 -8.0000 -2.0000 0.4624 -8.0000 -1.9586 1.0000e+38
1.6990 -8.0000 -4.0000 2.0000 0.4624 -7.9903 -1.9586 1.0000e+38
1.6990 -4.0000 -8.0000 -2.0000 0.4624 -6.2385 -1.9586 1.0000e+38
1.6990 -8.0000 -6.9447 -0.2779 0.4624 -4.0665 -1.9586 1.0000e+38
1.6990 -4.0000 -8.0000 2.0000 0.4624 -4.0000 -1.9586 1.0000e+38
1.6990 -4.0000 -4.0000 1.5121 0.4624 -5.7048 -1.9586 3.6134e+03
1.6990 -4.0000 -4.0000 1.6411 0.4624 -5.8573 -1.9586 3.5886e+03
1.6990 -4.0000 -4.0000 1.6727 0.4624 -5.9272 -1.9586 3.5511e+03
1.6990 -5.0902 -4.0000 0.9668 0.4624 -4.0000 -1.9586 2.0977e+04
1.6990 -6.5602 -4.0000 -0.6246 0.4624 -8.0000 -1.9586 1.0000e+38
1.6990 -8.0000 -4.4717 -1.5593 0.4624 -6.8492 -1.9586 1.0000e+38
1.6990 -8.0000 -7.9846 1.7981 0.4624 -6.5600 -1.9586 1.0000e+38
1.6990 -6.6245 -4.0000 -0.7671 0.4624 -6.0776 -1.9586 1.0000e+38
1.6990 -8.0000 -5.7602 2.0000 0.4624 -8.0000 -1.9586 1.0000e+38
1.6990 -7.0217 -5.9609 -1.7109 0.4624 -4.9132 -1.9586 1.0000e+38
1.6990 -7.3957 -7.8046 1.7888 0.4624 -4.0000 -1.9586 1.0000e+38
1.6990 -6.2519 -6.0028 -2.0000 0.4624 -7.7743 -1.9586 1.0000e+38
1.6990 -4.3598 -4.0000 2.0000 0.4624 -6.2151 -1.9586 3.5223e+03
1.6990 -4.0000 -4.0000 1.6377 0.4624 -5.8504 -1.9586 3.5949e+03
1.6990 -5.4903 -4.0000 2.0000 0.4624 -7.8045 -1.9586 1.0000e+38
1.6990 -5.3498 -4.0000 -0.7583 0.4624 -6.6271 -1.9586 1.0000e+38
1.6990 -8.0000 -5.3315 1.2000 0.4624 -5.8036 -1.9586 1.0000e+38
1.6990 -8.0000 -4.5740 -2.0000 0.4624 -5.1566 -1.9586 1.0000e+38
1.6990 -4.3710 -4.0000 1.9457 0.4624 -6.1207 -1.9586 3.4902e+03
1.6990 -7.2000 -4.0000 -1.4253 0.4624 -4.0000 -1.9586 1.0000e+38
1.6990 -8.0000 -7.0236 2.0000 0.4624 -6.5427 -1.9586 1.0000e+38
1.6990 -4.0000 -4.9223 -2.0000 0.4624 -4.5732 -1.9586 1.0000e+38
1.6990 -4.6385 -7.6927 0.1129 0.4624 -4.0000 -1.9586 1.0000e+38
1.6990 -4.0000 -4.0023 1.5449 0.4624 -5.7184 -1.9586 3.5474e+03
1.6990 -8.0000 -4.0000 1.8452 0.4624 -4.0000 -1.9586 1.0000e+38
1.6990 -4.6455 -8.0000 -1.3687 0.4624 -4.1158 -1.9586 1.0000e+38
1.6990 -8.0000 -8.0000 0.8029 0.4624 -8.0000 -1.9586 1.0000e+38
1.6990 -7.2639 -6.5851 2.0000 0.4624 -7.3452 -1.9586 1.0000e+38
1.6990 -8.0000 -8.0000 0.0884 0.4624 -8.0000 -1.9586 1.0000e+38
1.6990 -4.0000 -4.0000 -2.0000 0.4624 -7.4958 -1.9586 1.0000e+38
1.6990 -4.0000 -7.1502 2.0000 0.4624 -5.6159 -1.9586 1.0000e+38
1.6990 -4.0000 -4.2076 2.0000 0.4624 -6.0609 -1.9586 1.0000e+38
1.6990 -8.0000 -5.9064 -1.3643 0.4624 -6.0048 -1.9586 1.0000e+38
1.6990 -4.9490 -4.9699 -2.0000 0.4624 -8.0000 -1.9586 1.0000e+38
1.6990 -5.1018 -8.0000 -1.9982 0.4624 -4.0000 -1.9586 1.0000e+38
1.6990 -4.0698 -6.5403 -0.9201 0.4624 -4.0000 -1.9586 1.0000e+38
1.6990 -4.0000 -5.9087 -1.2686 0.4624 -6.1058 -1.9586 1.0000e+38
1.6990 -8.0000 -4.1297 -2.0000 0.4624 -7.8953 -1.9586 1.0000e+38
1.6990 -4.8989 -5.9564 -2.0000 0.4624 -5.6504 -1.9586 1.0000e+38
1.6990 -6.5402 -4.0000 -2.0000 0.4624 -4.0000 -1.9586 1.0000e+38
1.6990 -4.4177 -4.0000 2.0000 0.4624 -6.1741 -1.9586 3.5595e+03
1.6990 -8.0000 -8.0000 -2.0000 0.4624 -7.5986 -1.9586 1.0000e+38
1.6990 -4.8000 -4.0000 0.0553 0.4624 -6.2379 -1.9586 1.0000e+38
1.6990 -7.5853 -7.4434 -0.0793 0.4624 -4.0000 -1.9586 1.0000e+38
1.6990 -5.4026 -4.0000 -0.6507 0.4624 -4.0000 -1.9586 1.0000e+38
1.6990 -7.7008 -8.0000 -0.4544 0.4624 -6.6967 -1.9586 1.0000e+38
1.6990 -5.2992 -7.2000 -2.0000 0.4624 -6.9131 -1.9586 1.0000e+38
1.6990 -8.0000 -7.1679 2.0000 0.4624 -7.0129 -1.9586 1.0000e+38
1.6990 -7.9397 -6.7533 -0.5460 0.4624 -5.3608 -1.9586 1.0000e+38
1.6990 -8.0000 -7.9830 -2.0000 0.4624 -4.0000 -1.9586 1.0000e+38
1.6990 -5.5453 -7.9169 2.0000 0.4624 -4.0000 -1.9586 1.0000e+38
1.6990 -8.0000 -5.2892 -1.1994 0.4624 -4.9219 -1.9586 1.0000e+38
1.6990 -8.0000 -7.7059 2.0000 0.4624 -5.0839 -1.9586 1.0000e+38
1.6990 -4.0000 -4.0000 1.6183 0.4624 -5.8227 -1.9586 3.6170e+03
1.6990 -6.5125 -4.6569 -1.8219 0.4624 -4.9369 -1.9586 1.0000e+38
1.6990 -5.3372 -6.7498 -2.0000 0.4624 -7.4173 -1.9586 1.0000e+38
1.6990 -7.7751 -6.2068 2.0000 0.4624 -4.8000 -1.9586 1.0000e+38
1.6990 -5.6955 -6.0267 0.3786 0.4624 -4.0000 -1.9586 1.0000e+38
1.6990 -4.6597 -8.0000 0.7825 0.4624 -5.9886 -1.9586 1.0000e+38
1.6990 -8.0000 -5.6238 -2.0000 0.4624 -4.4416 -1.9586 1.0000e+38
1.6990 -4.0000 -4.0000 1.2088 0.4624 -8.0000 -1.9586 1.0000e+38
1.6990 -4.0000 -4.0000 -2.0000 0.4624 -4.0000 -1.9586 1.0000e+38
1.6990 -5.5768 -6.5600 2.0000 0.4624 -8.0000 -1.9586 1.0000e+38
1.6990 -5.4521 -4.0000 -0.4402 0.4624 -6.7334 -1.9586 1.0000e+38
1.6990 -4.2668 -6.0574 1.2209 0.4624 -5.1360 -1.9586 1.0000e+38
1.6990 -8.0000 -5.5955 -0.4955 0.4624 -8.0000 -1.9586 1.0000e+38
1.6990 -5.6024 -6.2437 2.0000 0.4624 -7.2000 -1.9586 1.0000e+38
1.6990 -4.0000 -6.9202 1.7456 0.4624 -8.0000 -1.9586 1.0000e+38
1.6990 -4.9842 -8.0000 -2.0000 0.4624 -4.0000 -1.9586 1.0000e+38
1.6990 -6.7451 -5.3121 1.8216 0.4624 -7.0393 -1.9586 1.0000e+38
1.6990 -8.0000 -4.0000 0.2584 0.4624 -7.0075 -1.9586 1.0000e+38
1.6990 -6.5851 -7.4708 -0.7281 0.4624 -7.7529 -1.9586 1.0000e+38
1.6990 -7.5577 -5.3490 -2.0000 0.4624 -8.0000 -1.9586 1.0000e+38
1.6990 -4.0000 -4.8025 -1.6353 0.4624 -8.0000 -1.9586 1.0000e+38
1.6990 -4.2204 -5.9520 0.7645 0.4624 -8.0000 -1.9586 1.0000e+38
1.6990 -4.0000 -5.8896 1.7746 0.4624 -7.8981 -1.9586 1.0000e+38
1.6990 -4.0000 -4.0000 -1.9979 0.4624 -5.6132 -1.9586 1.0000e+38
1.6990 -4.0000 -4.0000 1.6027 0.4624 -5.7669 -1.9586 3.6165e+03
1.6990 -5.1582 -8.0000 1.0229 0.4624 -6.4483 -1.9586 1.0000e+38
1.6990 -8.0000 -7.3627 0.5808 0.4624 -5.3231 -1.9586 1.0000e+38
1.6990 -6.4277 -4.5318 -0.4548 0.4624 -8.0000 -1.9586 1.0000e+38
1.6990 -4.0000 -4.1786 0.5634 0.4624 -4.0000 -1.9586 1.0000e+38
1.6990 -4.0000 -4.0000 1.6008 0.4624 -5.8002 -1.9586 3.5580e+03
1.6990 -6.9911 -4.4676 -2.0000 0.4624 -4.6522 -1.9586 1.0000e+38
1.6990 -5.9952 -4.0000 2.0000 0.4624 -4.0000 -1.9586 1.0000e+38
1.6990 -5.9991 -4.0000 -2.0000 0.4624 -4.8360 -1.9586 1.0000e+38
1.6990 -4.0000 -6.0007 1.3600 0.4624 -5.3626 -1.9586 1.0000e+38
1.6990 -4.0000 -4.5177 -2.0000 0.4624 -4.9182 -1.9586 1.0000e+38
1.6990 -8.0000 -4.0000 2.0000 0.4624 -5.3180 -1.9586 1.0000e+38
1.6990 -6.0931 -4.0000 -2.0000 0.4624 -8.0000 -1.9586 1.0000e+38
1.6990 -7.3143 -7.3524 -0.5271 0.4624 -4.0127 -1.9586 1.0000e+38
1.6990 -4.4873 -4.0000 2.0000 0.4624 -6.1703 -1.9586 3.5344e+03
1.6990 -5.5646 -5.7468 1.7532 0.4624 -4.8452 -1.9586 1.0000e+38
1.6990 -6.0057 -4.0000 -0.9031 0.4624 -5.2970 -1.9586 1.0000e+38
1.6990 -4.0000 -6.7743 -1.1155 0.4624 -7.1370 -1.9586 1.0000e+38
1.6990 -4.0000 -4.0000 1.5335 0.4624 -5.7219 -1.9586 3.6299e+03
1.6990 -8.0000 -5.2778 0.4162 0.4624 -8.0000 -1.9586 1.0000e+38
1.6990 -5.2345 -4.0000 -2.0000 0.4624 -7.8292 -1.9586 1.0000e+38
1.6990 -4.0000 -4.9147 -2.0000 0.4624 -7.1414 -1.9586 1.0000e+38
1.6990 -4.0000 -4.0000 1.6465 0.4624 -5.8748 -1.9586 3.5681e+03
1.6990 -4.0000 -5.5489 -2.0000 0.4624 -6.6189 -1.9586 1.0000e+38
1.6990 -4.0000 -4.0000 1.5211 0.4624 -5.7089 -1.9586 3.6082e+03
1.6990 -8.0000 -7.7910 1.2823 0.4624 -8.0000 -1.9586 1.0000e+38
1.6990 -4.0000 -6.8678 -0.5731 0.4624 -4.8705 -1.9586 1.0000e+38
1.6990 -4.0000 -4.8795 2.0000 0.4624 -4.0000 -1.9586 1.0000e+38
1.6990 -4.0000 -4.6472 2.0000 0.4624 -8.0000 -1.9586 1.0000e+38
1.6990 -4.1774 -4.0000 1.8551 0.4624 -6.1077 -1.9586 3.5335e+03
1.6990 -6.6008 -4.2847 1.7650 0.4624 -6.2175 -1.9586 1.0000e+38
1.6990 -4.0000 -4.0000 1.6580 0.4624 -5.9068 -1.9586 3.4876e+03
1.6990 -4.0000 -6.7477 -2.0000 0.4624 -8.0000 -1.9586 1.0000e+38
1.6990 -8.0000 -8.0000 0.7303 0.4624 -4.0000 -1.9586 1.0000e+38
1.6990 -4.0000 -4.0000 1.6636 0.4624 -5.8808 -1.9586 3.6342e+03
1.6990 -6.1296 -4.0000 2.0000 0.4624 -7.5448 -1.9586 1.0000e+38
1.6990 -7.6446 -4.0000 0.3619 0.4624 -4.9957 -1.9586 1.0000e+38
1.6990 -4.0000 -4.5262 -0.0951 0.4624 -8.0000 -1.9586 1.0000e+38
1.6990 -8.0000 -7.1579 -2.0000 0.4624 -4.0000 -1.9586 1.0000e+38
1.6990 -4.4815 -6.7119 -0.0646 0.4624 -6.6157 -1.9586 1.0000e+38
1.6990 -6.0257 -4.4839 2.0000 0.4624 -4.0000 -1.9586 1.0000e+38
1.6990 -5.1149 -7.4910 2.0000 0.4624 -8.0000 -1.9586 1.0000e+38
1.6990 -4.4386 -4.0000 2.0000 0.4624 -6.1900 -1.9586 3.5116e+03
1.6990 -8.0000 -6.5687 1.1847 0.4624 -6.2281 -1.9586 1.0000e+38
1.6990 -4.4569 -4.0000 2.0000 0.4624 -6.1809 -1.9586 3.5544e+03
1.6990 -8.0000 -4.0000 1.7857 0.4624 -5.8530 -1.9586 1.0000e+38
1.6990 -5.6562 -8.0000 2.0000 0.4624 -7.2915 -1.9586 1.0000e+38
1.6990 -5.0494 -4.0000 1.0367 0.4624 -4.0000 -1.9586 2.1599e+04
1.6990 -8.0000 -7.1556 2.0000 0.4624 -8.0000 -1.9586 1.0000e+38
1.6990 -8.0000 -8.0000 0.0576 0.4624 -4.0000 -1.9586 1.0000e+38
1.6990 -8.0000 -4.4387 -0.6336 0.4624 -7.5257 -1.9586 1.0000e+38
1.6990 -4.0000 -5.5255 -2.0000 0.4624 -8.0000 -1.9586 1.0000e+38
1.6990 -4.3033 -4.0048 2.0000 0.4624 -6.2796 -1.9586 3.5287e+03
1.6990 -7.2000 -7.6262 2.0000 0.4624 -4.4232 -1.9586 1.0000e+38
1.6990 -4.1062 -5.0267 -2.0000 0.4624 -5.8475 -1.9586 1.0000e+38
1.6990 -4.0000 -6.7420 2.0000 0.4624 -7.1420 -1.9586 1.0000e+38
1.6990 -5.3594 -4.0000 -2.0000 0.4624 -4.8428 -1.9586 1.0000e+38
1.6990 -7.7197 -4.4544 -1.7929 0.4624 -4.0538 -1.9586 1.0000e+38
1.6990 -4.4408 -4.0000 2.0000 0.4624 -6.1801 -1.9586 3.5528e+03
1.6990 -4.0000 -6.1065 1.0698 0.4624 -4.0000 -1.9586 1.0000e+38
1.6990 -7.3962 -8.0000 -0.0996 0.4624 -5.1150 -1.9586 1.0000e+38
1.6990 -8.0000 -7.0285 1.1206 0.4624 -8.0000 -1.9586 1.0000e+38
1.6990 -4.1767 -8.0000 -0.8167 0.4624 -4.1308 -1.9586 1.0000e+38
1.6990 -4.2932 -4.6776 2.0000 0.4624 -6.1265 -1.9586 1.0000e+38
1.6990 -4.3070 -4.0000 2.0000 0.4624 -6.2616 -1.9586 3.5140e+03
1.6990 -4.1022 -4.4416 0.2993 0.4624 -6.2886 -1.9586 1.0000e+38
1.6990 -6.2433 -4.0000 2.0000 0.4624 -4.5081 -1.9586 8.8576e+03
1.6990 -7.2000 -6.2642 -0.1558 0.4624 -7.5497 -1.9586 1.0000e+38
1.6990 -6.7745 -8.0000 -2.0000 0.4624 -6.9682 -1.9586 1.0000e+38
1.6990 -8.0000 -7.6609 2.0000 0.4624 -6.2511 -1.9586 1.0000e+38
1.6990 -4.0000 -4.0000 1.7115 0.4624 -6.0117 -1.9586 3.5105e+03
1.6990 -7.7970 -4.0000 -0.2711 0.4624 -8.0000 -1.9586 1.0000e+38
1.6990 -8.0000 -4.0000 -2.0000 0.4624 -6.8824 -1.9586 1.0000e+38
1.6990 -4.0000 -4.0000 2.0000 0.4624 -6.9481 -1.9586 1.0000e+38
1.6990 -4.0000 -4.0000 -1.4662 0.4624 -4.0000 -1.9586 1.0000e+38
1.6990 -4.4202 -4.0000 2.0000 0.4624 -6.1764 -1.9586 3.4811e+03
1.6990 -7.1992 -5.2492 -1.0840 0.4624 -4.0000 -1.9586 1.0000e+38
1.6990 -7.0981 -4.0000 2.0000 0.4624 -6.4918 -1.9586 1.0000e+38
1.6990 -6.1980 -4.0000 1.9167 0.4624 -4.9766 -1.9586 1.0000e+38
1.6990 -5.1837 -4.0000 1.3192 0.4624 -4.2110 -1.9586 2.0786e+04
1.6990 -4.0000 -8.0000 1.4997 0.4624 -5.0741 -1.9586 1.0000e+38
1.6990 -4.0000 -5.2977 -1.8269 0.4624 -6.5882 -1.9586 1.0000e+38
1.6990 -4.0000 -4.0000 2.0000 0.4624 -4.8045 -1.9586 1.0000e+38
1.6990 -4.0000 -7.3450 2.0000 0.4624 -5.1369 -1.9586 1.0000e+38
1.6990 -8.0000 -5.3698 -0.8387 0.4624 -8.0000 -1.9586 1.0000e+38
1.6990 -8.0000 -4.6713 -2.0000 0.4624 -6.4734 -1.9586 1.0000e+38
1.6990 -7.4859 -4.8000 0.8636 0.4624 -6.9920 -1.9586 1.0000e+38
1.6990 -5.4506 -7.3480 0.0487 0.4624 -4.0000 -1.9586 1.0000e+38
1.6990 -7.7917 -7.8441 -2.0000 0.4624 -4.0000 -1.9586 1.0000e+38
1.6990 -4.0000 -4.0000 -0.9294 0.4624 -8.0000 -1.9586 1.0000e+38
1.6990 -6.2295 -7.0487 -0.1524 0.4624 -8.0000 -1.9586 1.0000e+38
1.6990 -6.4139 -7.1892 -1.3600 0.4624 -4.0000 -1.9586 1.0000e+38
1.6990 -4.0000 -6.6068 2.0000 0.4624 -7.2000 -1.9586 1.0000e+38
1.6990 -5.1660 -6.5055 -1.3861 0.4624 -4.0000 -1.9586 1.0000e+38
1.6990 -8.0000 -8.0000 -2.0000 0.4624 -4.8000 -1.9586 1.0000e+38
1.6990 -6.1126 -5.2822 -0.3492 0.4624 -5.7844 -1.9586 1.0000e+38
1.6990 -7.6505 -8.0000 -1.6824 0.4624 -4.0000 -1.9586 1.0000e+38
1.6990 -5.3342 -7.2000 2.0000 0.4624 -8.0000 -1.9586 1.0000e+38
1.6990 -8.0000 -5.8841 0.7335 0.4624 -7.4282 -1.9586 1.0000e+38
1.6990 -4.0000 -4.0000 1.5428 0.4624 -5.7232 -1.9586 3.5858e+03
1.6990 -4.3466 -4.0000 2.0000 0.4624 -6.2454 -1.9586 3.4474e+03
1.6990 -8.0000 -4.7457 0.8060 0.4624 -8.0000 -1.9586 1.0000e+38
1.6990 -5.0989 -8.0000 -2.0000 0.4624 -8.0000 -1.9586 1.0000e+38
1.6990 -4.4659 -4.0000 2.0000 0.4624 -6.1718 -1.9586 3.5308e+03
1.6990 -7.3600 -7.6698 0.3421 0.4624 -7.3035 -1.9586 1.0000e+38
1.6990 -4.8807 -7.1312 0.4508 0.4624 -7.2772 -1.9586 1.0000e+38
1.6990 -4.7090 -7.4295 1.9900 0.4624 -4.0000 -1.9586 1.0000e+38
1.6990 -7.2732 -8.0000 1.2325 0.4624 -6.7434 -1.9586 1.0000e+38
1.6990 -4.4040 -4.0000 2.0000 0.4624 -6.1867 -1.9586 3.5417e+03
1.6990 -4.0000 -4.0000 1.7098 0.4624 -6.0044 -1.9586 3.4947e+03
1.6990 -4.0000 -4.8000 0.1202 0.4624 -5.6415 -1.9586 1.0000e+38
1.6990 -5.0880 -4.0000 2.0000 0.4624 -5.1406 -1.9586 1.0000e+38
1.6990 -4.0000 -4.0000 1.5513 0.4624 -5.7405 -1.9586 3.5817e+03
1.6990 -7.4373 -8.0000 1.5205 0.4624 -4.0000 -1.9586 1.0000e+38
1.6990 -7.2000 -5.8168 1.4778 0.4624 -4.0000 -1.9586 1.0000e+38
1.6990 -4.0000 -6.9248 2.0000 0.4624 -4.8958 -1.9586 1.0000e+38
1.6990 -4.8000 -8.0000 -2.0000 0.4624 -8.0000 -1.9586 1.0000e+38
1.6990 -4.0000 -7.8882 -2.0000 0.4624 -8.0000 -1.9586 1.0000e+38
1.6990 -4.7548 -5.0863 1.3752 0.4624 -4.7828 -1.9586 1.0000e+38
1.6990 -4.5604 -4.0000 -1.5655 0.4624 -4.0000 -1.9586 1.0000e+38
1.6990 -4.0000 -4.0000 1.6447 0.4624 -5.8731 -1.9586 3.5941e+03
1.6990 -7.7076 -4.5649 -0.0331 0.4624 -5.8925 -1.9586 1.0000e+38
1.6990 -8.0000 -8.0000 -0.7940 0.4624 -8.0000 -1.9586 1.0000e+38
1.6990 -4.2797 -7.1880 2.0000 0.4624 -4.0000 -1.9586 1.0000e+38
1.6990 -4.0000 -4.0000 1.6074 0.4624 -8.0000 -1.9586 1.0000e+38
1.6990 -4.0000 -4.0000 1.6338 0.4624 -5.8936 -1.9586 3.5801e+03
1.6990 -4.0000 -6.3296 -2.0000 0.4624 -4.6894 -1.9586 1.0000e+38
1.6990 -5.2836 -4.0000 -1.3036 0.4624 -6.0484 -1.9586 1.0000e+38
1.6990 -4.1380 -5.6478 -2.0000 0.4624 -4.0000 -1.9586 1.0000e+38
1.6990 -4.2951 -4.0000 1.9795 0.4624 -6.2482 -1.9586 3.5248e+03
1.6990 -4.0000 -4.0000 1.5702 0.4624 -5.7534 -1.9586 3.5375e+03
1.6990 -5.5888 -4.9272 2.0000 0.4624 -7.1336 -1.9586 1.0000e+38
1.6990 -8.0000 -5.3719 1.7238 0.4624 -8.0000 -1.9586 1.0000e+38
1.6990 -4.0000 -7.9500 -0.5116 0.4624 -8.0000 -1.9586 1.0000e+38
1.6990 -8.0000 -8.0000 -1.2000 0.4624 -4.0000 -1.9586 1.0000e+38
1.6990 -4.3509 -4.0000 2.0000 0.4624 -6.2245 -1.9586 3.5837e+03
1.6990 -4.0000 -4.0000 1.5848 0.4624 -5.7597 -1.9586 3.5960e+03
1.6990 -4.0000 -7.1973 2.0000 0.4624 -4.0000 -1.9586 1.0000e+38
1.6990 -4.0000 -4.0000 1.7316 0.4624 -6.0244 -1.9586 3.5751e+03
1.6990 -5.4999 -6.4843 1.8756 0.4624 -4.0000 -1.9586 1.0000e+38
1.6990 -4.5999 -4.0000 -2.0000 0.4624 -4.0000 -1.9586 1.0000e+38
1.6990 -7.8876 -8.0000 0.5614 0.4624 -5.4439 -1.9586 1.0000e+38
1.6990 -4.0000 -4.0000 2.0000 0.4624 -4.7789 -1.9586 1.0000e+38
1.6990 -4.7171 -7.9914 -0.6248 0.4624 -4.9405 -1.9586 1.0000e+38
1.6990 -4.0000 -8.0000 -0.1827 0.4624 -8.0000 -1.9586 1.0000e+38
1.6990 -4.8199 -8.0000 2.0000 0.4624 -4.0361 -1.9586 1.0000e+38
1.6990 -8.0000 -4.0000 0.5090 0.4624 -5.0626 -1.9586 1.0000e+38
1.6990 -4.2161 -4.0000 1.8367 0.4624 -6.0423 -1.9586 3.5721e+03
1.6990 -4.0000 -4.0000 1.6782 0.4624 -5.9477 -1.9586 3.5621e+03
1.6990 -4.0000 -4.0000 1.7668 0.4624 -6.7056 -1.9586 1.0000e+38
1.6990 -7.2000 -5.0077 0.3667 0.4624 -4.0000 -1.9586 1.0000e+38
1.6990 -4.0000 -4.0000 1.5444 0.4624 -5.7166 -1.9586 3.5871e+03
1.6990 -8.0000 -8.0000 -2.0000 0.4624 -8.0000 -1.9586 1.0000e+38
1.6990 -4.0000 -7.6347 2.0000 0.4624 -4.0000 -1.9586 1.0000e+38
1.6990 -5.0125 -7.1569 -2.0000 0.4624 -5.8630 -1.9586 1.0000e+38
1.6990 -4.7997 -4.9762 -0.7432 0.4624 -4.0000 -1.9586 1.0000e+38
1.6990 -6.5680 -7.1052 -0.4145 0.4624 -6.6662 -1.9586 1.0000e+38
1.6990 -8.0000 -8.0000 1.2000 0.4624 -4.0000 -1.9586 1.0000e+38
1.6990 -4.9686 -5.1740 -2.0000 0.4624 -8.0000 -1.9586 1.0000e+38
1.6990 -4.4645 -4.0000 2.0000 0.4624 -6.1885 -1.9586 3.5060e+03
1.6990 -4.0000 -4.0000 1.6679 0.4624 -5.9264 -1.9586 3.5714e+03
1.6990 -4.0000 -4.0000 1.5567 0.4624 -5.7455 -1.9586 3.6153e+03
1.6990 -5.8506 -5.3252 1.2270 0.4624 -4.9465 -1.9586 1.0000e+38
1.6990 -5.9404 -4.0000 -0.8523 0.4624 -4.0000 -1.9586 1.0000e+38
1.6990 -4.6197 -4.0000 2.0000 0.4624 -6.0877 -1.9586 1.0000e+38
1.6990 -6.7658 -4.0000 -2.0000 0.4624 -4.0000 -1.9586 1.0000e+38
1.6990 -4.0000 -4.0000 -2.0000 0.4624 -8.0000 -1.9586 1.0000e+38
1.6990 -6.5057 -5.7559 -2.0000 0.4624 -7.2019 -1.9586 1.0000e+38
1.6990 -5.3781 -4.3445 -1.2937 0.4624 -5.0232 -1.9586 1.0000e+38
1.6990 -4.0000 -4.0000 1.5912 0.4624 -5.7710 -1.9586 3.6182e+03
1.6990 -8.0000 -6.0514 -1.3515 0.4624 -5.8680 -1.9586 1.0000e+38
1.6990 -7.7122 -4.0000 2.0000 0.4624 -8.0000 -1.9586 1.0000e+38
1.6990 -4.0000 -4.0000 -2.0000 0.4624 -4.4390 -1.9586 1.0000e+38
1.6990 -8.0000 -5.7291 -0.1056 0.4624 -8.0000 -1.9586 1.0000e+38
1.6990 -4.5419 -7.3893 1.0174 0.4624 -4.7419 -1.9586 1.0000e+38
1.6990 -8.0000 -5.4400 2.0000 0.4624 -6.7295 -1.9586 1.0000e+38
1.6990 -4.0000 -4.0000 1.6242 0.4624 -5.8417 -1.9586 3.5863e+03
1.6990 -4.0976 -4.0000 1.6165 0.4624 -5.8032 -1.9586 3.5235e+03
1.6990 -4.0000 -5.5145 1.3715 0.4624 -4.0000 -1.9586 1.0000e+38
1.6990 -7.8229 -6.8047 0.9248 0.4624 -5.7344 -1.9586 1.0000e+38
1.6990 -4.0000 -4.3348 2.0000 0.4624 -6.7787 -1.9586 1.0000e+38
1.6990 -8.0000 -4.2037 2.0000 0.4624 -4.0000 -1.9586 1.0000e+38
1.6990 -4.0453 -5.3661 -0.1272 0.4624 -7.1382 -1.9586 1.0000e+38
1.6990 -4.1460 -8.0000 -0.9301 0.4624 -7.2000 -1.9586 1.0000e+38
1.6990 -4.7200 -6.5125 1.7073 0.4624 -8.0000 -1.9586 1.0000e+38
1.6990 -5.8524 -5.1570 1.3713 0.4624 -4.0000 -1.9586 1.0000e+38
1.6990 -8.0000 -4.0000 -2.0000 0.4624 -4.0000 -1.9586 1.0000e+38
1.6990 -6.7773 -4.2431 -0.3963 0.4624 -4.0000 -1.9586 1.0000e+38
1.6990 -4.4964 -4.8854 -1.9136 0.4624 -8.0000 -1.9586 1.0000e+38
1.6990 -6.8567 -4.0000 2.0000 0.4624 -6.2220 -1.9586 1.0000e+38
1.6990 -4.0000 -4.0000 1.6738 0.4624 -5.9030 -1.9586 3.5552e+03
1.6990 -4.1316 -4.4675 -1.0581 0.4624 -4.0000 -1.9586 1.0000e+38
1.6990 -7.3749 -7.4505 -0.5847 0.4624 -7.2056 -1.9586 1.0000e+38
1.6990 -4.4096 -4.0000 2.0000 0.4624 -6.1791 -1.9586 3.4932e+03
1.6990 -5.6731 -4.6375 1.3199 0.4624 -4.5778 -1.9586 1.0000e+38
1.6990 -4.0000 -8.0000 2.0000 0.4624 -4.0000 -1.9586 1.0000e+38
1.6990 -8.0000 -6.6404 2.0000 0.4624 -4.0000 -1.9586 1.0000e+38
1.6990 -7.6617 -4.0000 0.6860 0.4624 -7.3625 -1.9586 1.0000e+38
1.6990 -7.1506 -4.0000 0.7736 0.4624 -8.0000 -1.9586 1.0000e+38
1.6990 -5.8552 -7.5021 2.0000 0.4624 -7.4932 -1.9586 1.0000e+38
1.6990 -4.6478 -4.0000 -2.0000 0.4624 -4.0000 -1.9586 1.0000e+38
1.6990 -4.6457 -7.2000 2.0000 0.4624 -5.6254 -1.9586 1.0000e+38
1.6990 -8.0000 -4.0000 -0.9853 0.4624 -6.5838 -1.9586 1.0000e+38
1.6990 -7.4420 -5.4251 0.7031 0.4624 -5.3286 -1.9586 1.0000e+38
1.6990 -8.0000 -8.0000 2.0000 0.4624 -4.0000 -1.9586 1.0000e+38
1.6990 -4.0000 -5.3974 2.0000 0.4624 -4.0000 -1.9586 1.0000e+38
1.6990 -8.0000 -6.4142 -2.0000 0.4624 -5.4822 -1.9586 1.0000e+38
1.6990 -4.4153 -4.0000 2.0000 0.4624 -6.1842 -1.9586 3.5159e+03
1.6990 -8.0000 -4.2137 1.4392 0.4624 -5.3896 -1.9586 1.0000e+38
1.6990 -8.0000 -5.5182 -2.0000 0.4624 -4.0000 -1.9586 1.0000e+38
1.6990 -4.0000 -8.0000 2.0000 0.4624 -8.0000 -1.9586 1.0000e+38
1.6990 -5.4264 -7.1264 0.5906 0.4624 -8.0000 -1.9586 1.0000e+38
1.6990 -6.8355 -5.3346 0.6621 0.4624 -4.5475 -1.9586 1.0000e+38
1.6990 -8.0000 -8.0000 -1.2713 0.4624 -7.2178 -1.9586 1.0000e+38
1.6990 -4.0000 -7.4294 2.0000 0.4624 -4.0000 -1.9586 1.0000e+38
1.6990 -5.0890 -6.6009 -1.2766 0.4624 -6.6200 -1.9586 1.0000e+38
1.6990 -5.7648 -4.7683 2.0000 0.4624 -8.0000 -1.9586 1.0000e+38
1.6990 -5.6240 -8.0000 1.0421 0.4624 -4.6640 -1.9586 1.0000e+38
1.6990 -8.0000 -7.4014 -1.0172 0.4624 -8.0000 -1.9586 1.0000e+38
1.6990 -5.5827 -4.0000 -0.0055 0.4624 -4.0000 -1.9586 1.0000e+38
1.6990 -4.8159 -6.2054 -2.0000 0.4624 -5.1335 -1.9586 1.0000e+38
1.6990 -6.0325 -4.9414 -1.0913 0.4624 -4.8000 -1.9586 1.0000e+38
1.6990 -7.3957 -7.8046 1.7888 0.4624 -4.0000 -1.9586 1.0000e+38
1.6990 -4.2389 -5.3720 -0.6503 0.4624 -6.2655 -1.9586 1.0000e+38
1.6990 -4.0539 -4.0000 1.6028 0.4624 -5.7754 -1.9586 3.5829e+03
1.6990 -6.1818 -4.0000 -1.4706 0.4624 -8.0000 -1.9586 1.0000e+38
1.6990 -4.0000 -4.1067 -2.0000 0.4624 -5.0908 -1.9586 1.0000e+38
1.6990 -4.0000 -4.0000 1.6768 0.4624 -5.9457 -1.9586 3.5472e+03
1.6990 -4.3437 -4.0000 1.8381 0.4624 -5.6181 -1.9586 1.0000e+38
1.6990 -8.0000 -4.0000 1.6061 0.4624 -7.4096 -1.9586 1.0000e+38
1.6990 -5.6384 -8.0000 -1.1380 0.4624 -6.1626 -1.9586 1.0000e+38
1.6990 -4.0000 -7.7777 -1.0172 0.4624 -4.0000 -1.9586 1.0000e+38
1.6990 -4.0000 -4.0000 0.9221 0.4624 -5.1554 -1.9586 1.0000e+38
1.6990 -7.0356 -4.0000 2.0000 0.4624 -4.1603 -1.9586 1.0000e+38
1.6990 -4.0000 -4.0000 1.5290 0.4624 -5.6911 -1.9586 3.6291e+03
1.6990 -4.1767 -8.0000 -0.8167 0.4624 -4.1308 -1.9586 1.0000e+38
1.6990 -4.0000 -5.5400 -0.3304 0.4624 -4.9019 -1.9586 1.0000e+38
1.6990 -8.0000 -8.0000 -0.4677 0.4624 -4.6286 -1.9586 1.0000e+38
1.6990 -8.0000 -6.1301 -0.9876 0.4624 -8.0000 -1.9586 1.0000e+38
1.6990 -4.4078 -4.0000 2.0000 0.4624 -6.1770 -1.9586 3.5153e+03
1.6990 -6.6792 -4.0000 1.4818 0.4624 -8.0000 -1.9586 1.0000e+38
1.6990 -4.0000 -4.0000 1.8169 0.4624 -4.0000 -1.9586 1.0000e+38
1.6990 -4.0000 -4.0000 2.0000 0.4624 -8.0000 -1.9586 1.0000e+38
1.6990 -4.2963 -4.0068 2.0000 0.4624 -6.2968 -1.9586 3.5547e+03
1.6990 -7.2000 -7.9988 1.6454 0.4624 -5.5234 -1.9586 1.0000e+38
1.6990 -8.0000 -4.7253 -1.2000 0.4624 -7.4939 -1.9586 1.0000e+38
1.6990 -5.1149 -7.4910 2.0000 0.4624 -8.0000 -1.9586 1.0000e+38
1.6990 -6.3778 -6.5600 -1.6042 0.4624 -6.3905 -1.9586 1.0000e+38
1.6990 -4.0000 -4.0000 -1.0944 0.4624 -7.1600 -1.9586 1.0000e+38
1.6990 -7.7803 -7.3250 2.0000 0.4624 -4.0000 -1.9586 1.0000e+38
1.6990 -6.8880 -4.0000 1.4089 0.4624 -7.6272 -1.9586 1.0000e+38
1.6990 -8.0000 -4.0000 0.8215 0.4624 -4.8993 -1.9586 1.0000e+38
1.6990 -5.8249 -5.4407 -0.5245 0.4624 -6.7867 -1.9586 1.0000e+38
1.6990 -5.4361 -5.7733 -0.7213 0.4624 -4.0000 -1.9586 1.0000e+38
1.6990 -6.5037 -4.3979 -0.1660 0.4624 -6.0926 -1.9586 1.0000e+38
1.6990 -4.4139 -4.0000 2.0000 0.4624 -6.1683 -1.9586 3.5097e+03
1.6990 -8.0000 -4.0000 -2.0000 0.4624 -8.0000 -1.9586 1.0000e+38
1.6990 -4.0321 -7.6848 0.7018 0.4624 -5.8934 -1.9586 1.0000e+38
1.6990 -7.5020 -4.0000 -2.0000 0.4624 -8.0000 -1.9586 1.0000e+38
1.6990 -6.1841 -4.0915 -0.1764 0.4624 -4.3268 -1.9586 1.0000e+38
1.6990 -4.0000 -4.0000 -1.3429 0.4624 -8.0000 -1.9586 1.0000e+38
1.6990 -6.1872 -4.4695 0.7088 0.4624 -8.0000 -1.9586 1.0000e+38
1.6990 -8.0000 -8.0000 -2.0000 0.4624 -4.9875 -1.9586 1.0000e+38
1.6990 -4.2159 -4.0000 1.7688 0.4624 -5.9503 -1.9586 3.5598e+03
1.6990 -6.8125 -4.1151 -0.3383 0.4624 -8.0000 -1.9586 1.0000e+38
1.6990 -4.0000 -7.3715 -0.9705 0.4624 -4.0000 -1.9586 1.0000e+38
1.6990 -4.0000 -4.0000 2.0000 0.4624 -4.0000 -1.9586 1.0000e+38
1.6990 -5.1692 -4.1674 -2.0000 0.4624 -4.0000 -1.9586 1.0000e+38
1.6990 -8.0000 -8.0000 -0.6329 0.4624 -4.0000 -1.9586 1.0000e+38
1.6990 -4.0000 -4.0000 -2.0000 0.4624 -7.9091 -1.9586 1.0000e+38
1.6990 -4.0000 -4.0000 -0.0619 0.4624 -8.0000 -1.9586 1.0000e+38
1.6990 -8.0000 -8.0000 -2.0000 0.4624 -4.0000 -1.9586 1.0000e+38
1.6990 -4.2584 -4.0000 1.8020 0.4624 -5.9611 -1.9586 3.5784e+03
1.6990 -6.7740 -7.5446 -2.0000 0.4624 -5.9708 -1.9586 1.0000e+38
1.6990 -5.8341 -8.0000 -2.0000 0.4624 -4.0000 -1.9586 1.0000e+38
1.6990 -7.4252 -4.7044 2.0000 0.4624 -8.0000 -1.9586 1.0000e+38
1.6990 -4.0000 -8.0000 0.3316 0.4624 -7.3600 -1.9586 1.0000e+38
1.6990 -5.4393 -8.0000 -1.5458 0.4624 -4.0000 -1.9586 1.0000e+38
1.6990 -8.0000 -6.4752 -2.0000 0.4624 -4.0000 -1.9586 1.0000e+38
1.6990 -8.0000 -7.7015 0.7577 0.4624 -8.0000 -1.9586 1.0000e+38
1.6990 -8.0000 -4.0000 -2.0000 0.4624 -8.0000 -1.9586 1.0000e+38
1.6990 -4.0000 -5.5400 -0.3304 0.4624 -4.9019 -1.9586 1.0000e+38
1.6990 -5.3460 -7.1641 2.0000 0.4624 -7.2054 -1.9586 1.0000e+38
1.6990 -5.9987 -7.9178 2.0000 0.4624 -4.0000 -1.9586 1.0000e+38
1.6990 -4.0000 -4.0000 1.5405 0.4624 -5.7292 -1.9586 3.5760e+03
1.6990 -4.0000 -4.0000 1.6244 0.4624 -5.8336 -1.9586 3.5800e+03
1.6990 -8.0000 -7.3167 2.0000 0.4624 -7.7855 -1.9586 1.0000e+38
1.6990 -7.3600 -6.2307 1.5272 0.4624 -7.6442 -1.9586 1.0000e+38
1.6990 -7.4037 -8.0000 2.0000 0.4624 -5.3221 -1.9586 1.0000e+38
1.6990 -6.6603 -8.0000 -1.5047 0.4624 -8.0000 -1.9586 1.0000e+38
1.6990 -8.0000 -5.5118 -2.0000 0.4624 -6.7392 -1.9586 1.0000e+38
1.6990 -6.9399 -8.0000 -0.8290 0.4624 -8.0000 -1.9586 1.0000e+38
1.6990 -4.8344 -4.0000 2.0000 0.4624 -6.6739 -1.9586 1.0000e+38
1.6990 -7.6898 -5.7172 1.2271 0.4624 -5.2321 -1.9586 1.0000e+38
1.6990 -7.5322 -7.3292 -0.3548 0.4624 -7.9765 -1.9586 1.0000e+38
1.6990 -4.0000 -4.0000 -2.0000 0.4624 -8.0000 -1.9586 1.0000e+38
1.6990 -7.6558 -4.0000 1.1132 0.4624 -7.5089 -1.9586 1.0000e+38
1.6990 -4.0000 -4.0000 1.6531 0.4624 -5.8974 -1.9586 3.5442e+03
1.6990 -8.0000 -8.0000 -2.0000 0.4624 -4.8737 -1.9586 1.0000e+38
1.6990 -8.0000 -5.3289 -1.7252 0.4624 -4.0000 -1.9586 1.0000e+38
1.6990 -4.3023 -4.0000 2.0000 0.4624 -6.2816 -1.9586 3.4638e+03
1.6990 -7.9133 -4.0000 0.6821 0.4624 -4.0000 -1.9586 1.0000e+38
1.6990 -4.4047 -4.0000 2.0000 0.4624 -6.1900 -1.9586 3.5076e+03
1.6990 -6.9813 -6.9158 2.0000 0.4624 -4.0000 -1.9586 1.0000e+38
1.6990 -8.0000 -4.0000 -1.2213 0.4624 -7.9509 -1.9586 1.0000e+38
1.6990 -8.0000 -4.0000 -1.3406 0.4624 -7.2956 -1.9586 1.0000e+38
1.6990 -4.0000 -4.0000 1.8413 0.4624 -5.9148 -1.9586 1.0000e+38
1.6990 -6.0775 -8.0000 2.0000 0.4624 -4.0000 -1.9586 1.0000e+38
1.6990 -4.0000 -5.3698 -0.4313 0.4624 -8.0000 -1.9586 1.0000e+38
1.6990 -6.0657 -6.0179 1.1634 0.4624 -4.0000 -1.9586 1.0000e+38
1.6990 -6.0967 -6.8019 -1.1903 0.4624 -8.0000 -1.9586 1.0000e+38
1.6990 -7.2000 -6.9400 2.0000 0.4624 -7.9140 -1.9586 1.0000e+38
1.6990 -5.2783 -5.4098 -1.3026 0.4624 -5.3738 -1.9586 1.0000e+38
1.6990 -7.4782 -7.5040 -0.9019 0.4624 -5.7996 -1.9586 1.0000e+38
1.6990 -8.0000 -4.8000 1.5228 0.4624 -7.2818 -1.9586 1.0000e+38
1.6990 -8.0000 -4.6112 2.0000 0.4624 -7.6481 -1.9586 1.0000e+38
1.6990 -4.0000 -8.0000 2.0000 0.4624 -7.5909 -1.9586 1.0000e+38
1.6990 -4.4436 -4.0000 2.0000 0.4624 -6.1636 -1.9586 3.5081e+03
1.6990 -6.9182 -4.6525 0.7014 0.4624 -6.4942 -1.9586 1.0000e+38
1.6990 -4.7576 -4.3840 2.0000 0.4624 -4.0000 -1.9586 1.0000e+38
1.6990 -6.8775 -8.0000 0.9987 0.4624 -6.9780 -1.9586 1.0000e+38
1.6990 -4.0000 -6.7818 -0.5600 0.4624 -4.8000 -1.9586 1.0000e+38
1.6990 -7.7566 -4.0000 -1.2000 0.4624 -6.2770 -1.9586 1.0000e+38
1.6990 -6.9123 -8.0000 2.0000 0.4624 -4.4648 -1.9586 1.0000e+38
1.6990 -5.2070 -4.0000 0.1943 0.4624 -8.0000 -1.9586 1.0000e+38
1.6990 -8.0000 -7.3600 -0.8341 0.4624 -7.3017 -1.9586 1.0000e+38
1.6990 -6.8657 -6.1807 -0.3526 0.4624 -8.0000 -1.9586 1.0000e+38
1.6990 -6.6797 -5.1843 -2.0000 0.4624 -6.7325 -1.9586 1.0000e+38
1.6990 -4.0000 -8.0000 -0.4419 0.4624 -8.0000 -1.9586 1.0000e+38
1.6990 -4.0000 -8.0000 1.0654 0.4624 -4.0000 -1.9586 1.0000e+38
1.6990 -4.0000 -5.2863 2.0000 0.4624 -4.0000 -1.9586 1.0000e+38
1.6990 -5.5391 -4.0000 -2.0000 0.4624 -7.6627 -1.9586 1.0000e+38
1.6990 -6.8424 -5.0649 -2.0000 0.4624 -5.4900 -1.9586 1.0000e+38
1.6990 -4.0000 -6.2661 -2.0000 0.4624 -8.0000 -1.9586 1.0000e+38
1.6990 -8.0000 -7.8039 -0.2865 0.4624 -4.0000 -1.9586 1.0000e+38
1.6990 -4.3158 -4.0000 2.0000 0.4624 -6.2405 -1.9586 3.5388e+03
1.6990 -4.0000 -4.0000 -0.3685 0.4624 -5.7429 -1.9586 1.0000e+38
1.6990 -4.3048 -6.3160 2.0000 0.4624 -4.0000 -1.9586 1.0000e+38
1.6990 -7.4518 -4.4551 0.7891 0.4624 -4.0000 -1.9586 1.0000e+38
1.6990 -4.0000 -4.0000 1.5187 0.4624 -5.6700 -1.9586 3.5732e+03
1.6990 -4.0000 -4.0000 1.5745 0.4624 -5.7404 -1.9586 3.5675e+03
1.6990 -8.0000 -4.0000 1.6172 0.4624 -5.1154 -1.9586 1.0000e+38
1.6990 -4.3059 -4.0410 1.9075 0.4624 -6.2271 -1.9586 3.5124e+03
1.6990 -6.4971 -5.6948 0.0265 0.4624 -4.0000 -1.9586 1.0000e+38
1.6990 -7.4182 -8.0000 -2.0000 0.4624 -4.0000 -1.9586 1.0000e+38
1.6990 -5.7593 -4.8000 2.0000 0.4624 -4.2204 -1.9586 1.0000e+38
1.6990 -4.0000 -4.9827 -2.0000 0.4624 -4.0000 -1.9586 1.0000e+38
1.6990 -4.0000 -8.0000 0.7680 0.4624 -7.9064 -1.9586 1.0000e+38
1.6990 -8.0000 -6.5600 0.8921 0.4624 -4.0000 -1.9586 1.0000e+38
1.6990 -4.3406 -4.0000 2.0000 0.4624 -6.2517 -1.9586 3.5023e+03
1.6990 -8.0000 -4.0000 -2.0000 0.4624 -8.0000 -1.9586 1.0000e+38
1.6990 -5.9729 -4.0000 1.5053 0.4624 -4.0000 -1.9586 1.0000e+38
1.6990 -4.0000 -7.2000 -2.0000 0.4624 -7.3497 -1.9586 1.0000e+38
1.6990 -4.0000 -8.0000 -1.0166 0.4624 -8.0000 -1.9586 1.0000e+38
1.6990 -4.0000 -7.2000 -2.0000 0.4624 -4.0000 -1.9586 1.0000e+38
1.6990 -4.3210 -4.0000 2.0000 0.4624 -6.2715 -1.9586 3.5294e+03
1.6990 -5.3214 -7.9551 -1.4414 0.4624 -4.0000 -1.9586 1.0000e+38
1.6990 -7.3714 -5.7346 2.0000 0.4624 -5.6154 -1.9586 1.0000e+38
1.6990 -7.2661 -4.0000 -0.6004 0.4624 -8.0000 -1.9586 1.0000e+38
1.6990 -4.3822 -6.7377 -2.0000 0.4624 -7.5234 -1.9586 1.0000e+38
1.6990 -4.0000 -6.5576 -2.0000 0.4624 -4.0000 -1.9586 1.0000e+38
1.6990 -5.8540 -8.0000 2.0000 0.4624 -4.4943 -1.9586 1.0000e+38
1.6990 -8.0000 -4.0000 -2.0000 0.4624 -5.6264 -1.9586 1.0000e+38
1.6990 -8.0000 -4.1454 0.7112 0.4624 -6.2622 -1.9586 1.0000e+38
1.6990 -8.0000 -4.0000 -2.0000 0.4624 -6.1901 -1.9586 1.0000e+38
1.6990 -4.0000 -8.0000 2.0000 0.4624 -6.2385 -1.9586 1.0000e+38
1.6990 -4.0000 -5.9293 0.8086 0.4624 -7.0352 -1.9586 1.0000e+38
1.6990 -5.8195 -4.0000 0.3225 0.4624 -8.0000 -1.9586 1.0000e+38
1.6990 -8.0000 -8.0000 2.0000 0.4624 -8.0000 -1.9586 1.0000e+38
1.6990 -6.3924 -4.6113 1.8733 0.4624 -5.6097 -1.9586 1.0000e+38
1.6990 -4.0000 -5.6916 2.0000 0.4624 -5.1466 -1.9586 1.0000e+38
1.6990 -8.0000 -4.0000 -2.0000 0.4624 -8.0000 -1.9586 1.0000e+38
1.6990 -8.0000 -5.9660 1.0178 0.4624 -4.0000 -1.9586 1.0000e+38
1.6990 -8.0000 -6.3870 -1.2000 0.4624 -4.0000 -1.9586 1.0000e+38
1.6990 -4.1594 -6.8249 2.0000 0.4624 -8.0000 -1.9586 1.0000e+38
1.6990 -4.3633 -4.0000 2.0000 0.4624 -6.1912 -1.9586 3.4890e+03
1.6990 -8.0000 -4.8000 2.0000 0.4624 -6.3739 -1.9586 1.0000e+38
1.6990 -6.3074 -6.3504 2.0000 0.4624 -6.3075 -1.9586 1.0000e+38
1.6990 -7.0758 -6.0613 0.8076 0.4624 -4.1993 -1.9586 1.0000e+38
1.6990 -4.0000 -4.7629 0.4385 0.4624 -7.9961 -1.9586 1.0000e+38
1.6990 -5.5112 -8.0000 1.7191 0.4624 -8.0000 -1.9586 1.0000e+38
1.6990 -4.0000 -8.0000 1.9572 0.4624 -5.3653 -1.9586 1.0000e+38
1.6990 -4.0000 -4.0000 2.0000 0.4624 -7.0339 -1.9586 1.0000e+38
1.6990 -7.7714 -6.5777 -0.6289 0.4624 -6.6386 -1.9586 1.0000e+38
1.6990 -6.6880 -8.0000 -2.0000 0.4624 -4.0000 -1.9586 1.0000e+38
1.6990 -8.0000 -5.0672 0.7405 0.4624 -5.2650 -1.9586 1.0000e+38
1.6990 -4.4054 -4.0000 2.0000 0.4624 -6.1967 -1.9586 3.5072e+03
1.6990 -4.1122 -4.0000 1.7024 0.4624 -5.8907 -1.9586 3.5576e+03
1.6990 -4.0000 -4.3734 -1.3019 0.4624 -4.0000 -1.9586 1.0000e+38
1.6990 -4.0000 -4.9894 -2.0000 0.4624 -5.1747 -1.9586 1.0000e+38
1.6990 -7.2301 -5.4876 1.8185 0.4624 -7.2248 -1.9586 1.0000e+38
1.6990 -8.0000 -6.1136 -1.6778 0.4624 -4.0000 -1.9586 1.0000e+38
1.6990 -4.0000 -5.2324 -1.5929 0.4624 -4.1721 -1.9586 1.0000e+38
1.6990 -8.0000 -6.6275 0.4472 0.4624 -4.0000 -1.9586 1.0000e+38
1.6990 -4.0000 -4.0000 1.5607 0.4624 -5.7507 -1.9586 3.5844e+03
1.6990 -8.0000 -6.0559 1.9347 0.4624 -8.0000 -1.9586 1.0000e+38
1.6990 -7.9729 -7.3906 -0.6586 0.4624 -8.0000 -1.9586 1.0000e+38
1.6990 -8.0000 -7.8215 -1.4819 0.4624 -8.0000 -1.9586 1.0000e+38
1.6990 -6.8954 -4.3071 0.8139 0.4624 -6.1632 -1.9586 1.0000e+38
1.6990 -4.6465 -5.1892 -2.0000 0.4624 -5.5405 -1.9586 1.0000e+38
1.6990 -6.9927 -6.0626 1.5114 0.4624 -4.0000 -1.9586 1.0000e+38
1.6990 -6.7061 -6.9531 2.0000 0.4624 -6.3069 -1.9586 1.0000e+38
1.6990 -4.4558 -4.0000 2.0000 0.4624 -6.1628 -1.9586 3.5589e+03
1.6990 -6.9500 -8.0000 -2.0000 0.4624 -4.5810 -1.9586 1.0000e+38
1.6990 -4.0000 -8.0000 -0.5888 0.4624 -8.0000 -1.9586 1.0000e+38
1.6990 -8.0000 -4.0000 2.0000 0.4624 -4.0984 -1.9586 1.0000e+38
1.6990 -4.0000 -6.9082 2.0000 0.4624 -4.0000 -1.9586 1.0000e+38
1.6990 -5.4887 -4.8000 -0.9927 0.4624 -5.7948 -1.9586 1.0000e+38
1.6990 -8.0000 -4.0000 0.7154 0.4624 -4.0000 -1.9586 1.0000e+38
1.6990 -8.0000 -4.1022 2.0000 0.4624 -8.0000 -1.9586 1.0000e+38
1.6990 -4.2575 -4.0000 2.0000 0.4624 -4.0000 -1.9586 1.0000e+38
1.6990 -8.0000 -7.1556 2.0000 0.4624 -8.0000 -1.9586 1.0000e+38
1.6990 -4.0000 -5.3013 -0.9609 0.4624 -8.0000 -1.9586 1.0000e+38
1.6990 -4.0000 -7.0034 -0.5627 0.4624 -4.5088 -1.9586 1.0000e+38
1.6990 -4.4012 -4.0000 2.0000 0.4624 -6.1698 -1.9586 3.5605e+03
1.6990 -6.2806 -6.8101 1.9069 0.4624 -7.8434 -1.9586 1.0000e+38
1.6990 -8.0000 -8.0000 -0.6698 0.4624 -7.7510 -1.9586 1.0000e+38
1.6990 -5.0028 -4.0000 0.0916 0.4624 -5.4400 -1.9586 1.0000e+38
1.6990 -4.3105 -4.0000 2.0000 0.4624 -6.2699 -1.9586 3.5210e+03
1.6990 -6.2898 -6.7083 -1.0731 0.4624 -4.0000 -1.9586 1.0000e+38
1.6990 -8.0000 -7.5220 0.1349 0.4624 -4.0000 -1.9586 1.0000e+38
1.6990 -4.3894 -4.0000 2.0000 0.4624 -6.1698 -1.9586 3.5118e+03
1.6990 -4.3642 -4.0000 2.0000 0.4624 -6.1899 -1.9586 3.5379e+03
1.6990 -7.8505 -8.0000 -0.3863 0.4624 -5.0535 -1.9586 1.0000e+38
1.6990 -4.0000 -4.0000 1.5368 0.4624 -5.7087 -1.9586 3.6114e+03
1.6990 -4.4608 -4.0000 2.0000 0.4624 -6.1877 -1.9586 3.5358e+03
1.6990 -4.0000 -4.0000 1.5907 0.4624 -5.7605 -1.9586 3.6185e+03
1.6990 -7.7220 -4.5548 -1.3134 0.4624 -5.1776 -1.9586 1.0000e+38
1.6990 -4.0000 -4.0000 1.6628 0.4624 -5.9079 -1.9586 3.5596e+03
1.6990 -4.1712 -7.4493 2.0000 0.4624 -6.1838 -1.9586 1.0000e+38
1.6990 -4.3433 -4.0000 1.9515 0.4624 -6.1556 -1.9586 3.4928e+03
1.6990 -4.5493 -5.6147 -0.9795 0.4624 -5.6060 -1.9586 1.0000e+38
1.6990 -8.0000 -6.2520 2.0000 0.4624 -4.8000 -1.9586 1.0000e+38
1.6990 -7.5593 -4.0000 1.7291 0.4624 -4.0000 -1.9586 1.0000e+38
1.6990 -8.0000 -7.1898 0.4020 0.4624 -4.0000 -1.9586 1.0000e+38
1.6990 -5.8833 -4.8000 -0.2720 0.4624 -5.4400 -1.9586 1.0000e+38
1.6990 -5.1053 -7.0291 1.7906 0.4624 -7.3785 -1.9586 1.0000e+38
1.6990 -4.2917 -4.0000 2.0000 0.4624 -6.2610 -1.9586 3.5019e+03
1.6990 -6.6309 -8.0000 1.7174 0.4624 -8.0000 -1.9586 1.0000e+38
1.6990 -7.9626 -8.0000 -0.4730 0.4624 -4.0000 -1.9586 1.0000e+38
1.6990 -5.8296 -8.0000 -2.0000 0.4624 -5.7609 -1.9586 1.0000e+38
1.6990 -7.8168 -8.0000 1.0942 0.4624 -6.4252 -1.9586 1.0000e+38
1.6990 -4.0000 -7.1987 0.9268 0.4624 -4.3233 -1.9586 1.0000e+38
1.6990 -4.0000 -8.0000 1.6639 0.4624 -4.0000 -1.9586 1.0000e+38
1.6990 -4.0000 -4.0000 0.9221 0.4624 -5.1554 -1.9586 1.0000e+38
1.6990 -4.0847 -4.8000 -2.0000 0.4624 -4.0000 -1.9586 1.0000e+38
1.6990 -5.5174 -5.7721 0.8283 0.4624 -7.5722 -1.9586 1.0000e+38
1.6990 -4.0000 -4.0000 1.5400 0.4624 -5.6989 -1.9586 3.6264e+03
1.6990 -6.5943 -8.0000 -1.1520 0.4624 -7.9802 -1.9586 1.0000e+38
1.6990 -5.3714 -4.0000 1.8350 0.4624 -4.0000 -1.9586 1.0000e+38
1.6990 -4.0000 -4.0000 1.6018 0.4624 -5.7946 -1.9586 3.5903e+03
1.6990 -4.0000 -4.0000 1.5251 0.4624 -5.7047 -1.9586 3.6060e+03
1.6990 -4.8807 -4.0000 2.0000 0.4624 -7.6741 -1.9586 1.0000e+38
1.6990 -4.3123 -4.0000 2.0000 0.4624 -6.2788 -1.9586 3.4708e+03
1.6990 -5.2381 -7.2000 -0.4395 0.4624 -4.0000 -1.9586 1.0000e+38
1.6990 -7.8104 -6.2588 -2.0000 0.4624 -8.0000 -1.9586 1.0000e+38
1.6990 -5.5170 -4.0000 -1.5448 0.4624 -7.4548 -1.9586 1.0000e+38
1.6990 -5.9108 -7.1666 0.8807 0.4624 -7.5926 -1.9586 1.0000e+38
1.6990 -4.0000 -8.0000 -1.2000 0.4624 -4.0000 -1.9586 1.0000e+38
1.6990 -7.1400 -4.0000 0.0800 0.4624 -4.0000 -1.9586 1.0000e+38
