4.5676e+04 1.0000e-04 1.0000e-08 1.6740e-01 2.1446e+00 1.7304e-06 1.0000e-02 4.9367e+00
1.6660e+04 6.6557e-07 1.2543e-07 1.8900e+00 2.1966e+00 1.4214e-06 1.0883e+00 1.3230e+01
2.4559e+04 9.6554e-07 7.4083e-07 1.4490e+00 1.4923e+00 7.2773e-07 3.1870e-01 1.1967e+01
5.5066e+03 1.1975e-06 2.4243e-06 2.2178e+00 1.6473e+00 1.0913e-08 1.6691e-02 1.1100e+01
2.6004e+04 3.4776e-07 8.3328e-07 3.9224e+00 2.3327e+00 8.2116e-07 4.2555e-01 1.1013e+01
1.0000e+06 4.3550e-05 2.1443e-08 2.1921e-01 1.8648e+00 1.0192e-06 1.0000e-02 5.9095e+00
2.6681e+03 6.6672e-07 1.8740e-06 3.6764e+00 1.9953e+00 7.3961e-07 5.7281e-01 7.6834e+00
3.4422e+02 9.9544e-07 6.5299e-06 6.1586e+00 1.5679e+00 3.9634e-07 5.2603e-01 8.0272e+00
7.1434e+03 5.6927e-07 1.5786e-06 3.6007e+00 2.0528e+00 6.6410e-07 4.9314e-01 4.2528e+00
1.0000e+06 4.2832e-05 3.9112e-08 2.2405e-01 1.7660e+00 8.9320e-07 1.0000e-02 4.1670e+00
8.4046e+02 3.9797e-07 1.3564e-06 8.1556e+00 2.5333e+00 4.3997e-07 1.0373e+00 5.5443e+00
1.0000e+02 1.5177e-05 1.0000e-08 3.2500e-01 2.5349e+00 1.2525e-06 1.0000e-02 5.1546e+00
6.3805e+02 1.6092e-06 1.9514e-06 2.4053e+00 1.5888e+00 5.1854e-08 1.0000e-02 6.1262e+00
2.7971e+03 5.2888e-07 3.5418e-06 6.3958e+00 1.7922e+00 4.4925e-07 3.3090e-01 1.0322e+01
1.3389e+03 1.8447e-06 2.1089e-06 1.4994e+00 1.6377e+00 5.0149e-08 2.9089e-01 1.1878e+01
2.8607e+03 1.2063e-06 2.5305e-06 2.4643e+00 1.5802e+00 5.1769e-07 8.6106e-01 1.0274e+01
1.1355e+04 1.6645e-06 3.5875e-06 1.5796e+00 1.5465e+00 1.9478e-07 4.2766e-01 9.0740e+00
2.3108e+05 1.0000e-04 1.0000e-08 1.6098e-01 2.0301e+00 1.6215e-06 1.0000e-02 5.5371e+00
8.9759e+03 1.0622e-06 3.3733e-06 2.6292e+00 1.7991e+00 3.8280e-07 8.3734e-01 9.1855e+00
6.1026e+02 7.3892e-07 8.0983e-06 9.4100e+00 1.6066e+00 2.7907e-07 2.7238e-01 1.0666e+01
1.5407e+04 3.3464e-07 7.3593e-07 4.3251e+00 2.2736e+00 1.2383e-06 5.3120e-01 5.7220e+00
2.0698e+05 1.3043e-06 5.9830e-08 4.6510e-01 1.9630e+00 7.1274e-07 1.4071e-02 5.3219e+00
5.8955e+04 2.1165e-07 2.8519e-07 5.0849e+00 2.0789e+00 7.5480e-07 6.2955e-01 8.9658e+00
3.1817e+04 2.1154e-07 3.6820e-07 5.5461e+00 2.0036e+00 8.7323e-07 6.4668e-01 1.0133e+01
2.3563e+04 1.9657e-07 9.3052e-07 8.0647e+00 2.1808e+00 5.1701e-07 4.5537e-01 1.2745e+01
7.0822e+02 8.8962e-06 1.1079e-08 3.2733e-01 2.7515e+00 3.7012e-06 9.3953e-01 7.9098e+00
2.9576e+03 5.3717e-07 7.5252e-06 1.0160e+01 1.9630e+00 4.9538e-07 2.7491e-01 1.3840e+01
4.9089e+03 1.3024e-06 4.5047e-07 1.3899e+00 2.0462e+00 1.1464e-06 1.1558e+00 6.5934e+00
4.8715e+02 1.0280e-06 3.5469e-07 2.5779e+00 1.7453e+00 1.0134e-06 1.9553e+00 9.8483e+00
3.5856e+05 7.4150e-08 2.7733e-08 6.0502e+00 2.3151e+00 1.1590e-06 7.0694e-01 8.7542e+00
1.3157e+03 6.9649e-07 7.0361e-06 7.5516e+00 1.7485e+00 1.3539e-07 1.9009e-01 5.3756e+00
1.0000e+02 1.0000e-04 1.0000e-08 2.3460e-01 2.2353e+00 1.4382e-06 1.0000e-02 7.2628e+00
1.7424e+03 2.8583e-07 2.2313e-06 1.2130e+01 2.3943e+00 5.0025e-07 6.2449e-01 9.9393e+00
3.7380e+03 6.0987e-06 8.8553e-08 3.7720e-01 1.6200e+00 1.4816e-06 6.8266e-01 1.3393e+01
1.8929e+04 2.8287e-07 2.7163e-07 4.5604e+00 2.6629e+00 8.9200e-07 7.0589e-01 8.5384e+00
4.9934e+05 1.0000e-08 6.4213e-08 3.3930e+01 1.9469e+00 1.0901e-06 3.6992e-01 1.0643e+01
1.0000e+06 1.8201e-05 1.4542e-08 1.5177e-01 1.8414e+00 1.4683e-06 1.0000e-02 9.4665e+00
1.0941e+04 5.5662e-07 9.8207e-07 4.7875e+00 4.5880e+00 2.6557e-07 3.5240e-01 7.8657e+00
1.5896e+05 7.6163e-07 8.4925e-08 8.6559e-01 1.9517e+00 8.6693e-07 5.2735e-01 1.0409e+01
1.8563e+03 5.9684e-07 1.8370e-06 4.7407e+00 1.5979e+00 4.2063e-07 2.9084e-01 1.0147e+01
3.0842e+04 4.3074e-07 9.4126e-07 3.3901e+00 2.3246e+00 6.4197e-07 4.3293e-01 8.6934e+00
9.0032e+05 1.8497e-07 8.2087e-08 2.4524e+00 3.1797e+00 8.2413e-07 2.8810e-01 7.4590e+00
7.6250e+03 5.8967e-07 7.7727e-07 3.2209e+00 2.2563e+00 6.5080e-07 7.6448e-01 1.3493e+01
9.3787e+04 2.3063e-06 1.4670e-08 4.8174e-01 1.5842e+00 1.6491e-06 1.2787e+00 1.0266e+01
1.6410e+05 3.0842e-07 7.2423e-08 2.2393e+00 2.1108e+00 1.2218e-06 7.7747e-01 1.1769e+01
1.0000e+06 4.5537e-05 1.0000e-08 1.5391e-01 1.8931e+00 1.4827e-06 1.0000e-02 4.9334e+00
1.8255e+04 6.0056e-07 9.6783e-07 2.6245e+00 2.1848e+00 6.6374e-07 5.2892e-01 7.9811e+00
3.5963e+02 1.2771e-05 4.8222e-08 2.2868e-01 1.6328e+00 1.5599e-06 4.5026e-02 1.0478e+01
1.0000e+02 8.0377e-05 1.0000e-08 2.7320e-01 2.2733e+00 1.2572e-06 1.0945e-02 4.7741e+00
3.9916e+02 3.5206e-07 3.8791e-06 1.3105e+01 1.9537e+00 6.9047e-07 5.0992e-01 9.6543e+00
5.3764e+03 9.6935e-07 2.2865e-07 1.6999e+00 1.9621e+00 1.0525e-06 1.2632e+00 9.3894e+00
3.1881e+03 3.1005e-07 7.5966e-08 7.7127e+00 3.3207e+00 6.4745e-07 1.5321e+00 6.0279e+00
1.0000e+06 3.2345e-07 2.6139e-08 7.6244e-01 1.6696e+00 1.5521e-06 4.0307e-01 5.3971e+00
1.0000e+06 4.3158e-05 4.2645e-08 2.1446e-01 1.7040e+00 8.6216e-07 1.0000e-02 4.6129e+00
1.4265e+03 6.2114e-07 2.3447e-07 3.7236e+00 2.3289e+00 8.2126e-07 1.4356e+00 9.7091e+00
2.5648e+03 9.2935e-07 1.9021e-06 2.8102e+00 2.3580e+00 5.4489e-07 9.8769e-01 1.3783e+01
8.5280e+03 1.0900e-06 6.4305e-07 1.5564e+00 2.2075e+00 8.3256e-07 8.0441e-01 1.0805e+01
3.5951e+02 3.6984e-07 6.0557e-06 1.7893e+01 2.1306e+00 4.0538e-07 6.7738e-01 1.4729e+01
1.0450e+03 1.4173e-05 3.0102e-08 2.3950e-01 1.5005e+00 1.7354e-06 3.9802e-02 1.0360e+01
1.8551e+03 1.5359e-06 9.7566e-07 1.6057e+00 1.8086e+00 1.1576e-06 1.6606e+00 6.6586e+00
6.8168e+03 1.2340e-05 1.4751e-08 2.6355e-01 1.8014e+00 1.1991e-06 1.0000e-02 6.1794e+00
7.3774e+02 7.7759e-07 2.4362e-06 4.6670e+00 1.9730e+00 8.4196e-07 9.5668e-01 6.4925e+00
1.6532e+03 1.0102e-06 7.3286e-06 5.7440e+00 1.5856e+00 1.8356e-07 8.6817e-01 6.7550e+00
5.4797e+04 1.2575e-06 2.1259e-06 1.4770e+00 1.6524e+00 1.0000e-08 2.8386e-01 5.2489e+00
1.0000e+06 5.6450e-05 1.0272e-08 2.6031e-01 2.0482e+00 1.0343e-06 1.0000e-02 5.8236e+00
1.0002e+02 4.3771e-05 1.0000e-08 2.0973e-01 2.4235e+00 1.7115e-06 1.0000e-02 6.5874e+00
1.5481e+03 3.3418e-06 2.2001e-06 1.1018e+00 1.4339e+00 1.0000e-08 2.1021e-01 8.1126e+00
9.5306e+04 6.3563e-05 1.0000e-08 2.7276e-01 2.1490e+00 1.0915e-06 1.0034e-02 6.1971e+00
2.4020e+05 3.7212e-06 7.2441e-08 3.7015e-01 1.9983e+00 7.0814e-07 2.7290e-02 1.1456e+01
3.6775e+04 1.2355e-06 6.1208e-08 8.6385e-01 1.6649e+00 1.4345e-06 1.4065e+00 8.8738e+00
1.0193e+05 4.6886e-07 6.7564e-08 1.9124e+00 2.6368e+00 1.2318e-06 8.6053e-01 7.5492e+00
4.9668e+02 5.9399e-06 6.0257e-07 6.2990e-01 1.7632e+00 2.8389e-07 1.0772e-02 5.2431e+00
6.4651e+02 1.3394e-05 1.6865e-08 2.4060e-01 1.8759e+00 1.4364e-06 2.0810e-02 5.4746e+00
5.9993e+04 2.3583e-07 2.8074e-08 3.7024e+00 2.9080e+00 2.0627e-06 1.0760e+00 7.8872e+00
5.4752e+04 2.9649e-07 6.0226e-08 3.4763e+00 2.5943e+00 1.0425e-06 1.0045e+00 1.2043e+01
1.6337e+04 6.8389e-07 1.0234e-06 2.4563e+00 1.9311e+00 6.6888e-07 5.9084e-01 4.5075e+00
2.8212e+05 2.1165e-08 6.9273e-08 1.9779e+01 1.9158e+00 1.1842e-06 4.7400e-01 6.4303e+00
1.0000e+06 4.4038e-05 1.1769e-08 1.8679e-01 1.9522e+00 1.3091e-06 1.0000e-02 5.9482e+00
1.8706e+04 8.8871e-07 7.6191e-07 1.7394e+00 2.1406e+00 9.1555e-07 6.6901e-01 1.3438e+01
2.0786e+04 7.5124e-07 1.3484e-07 1.4169e+00 1.7357e+00 1.4903e-06 9.7599e-01 7.9228e+00
5.1767e+03 3.3303e-07 2.0382e-06 8.1195e+00 1.9539e+00 3.2987e-07 5.1001e-01 9.5696e+00
1.0000e+06 4.4319e-05 1.8333e-08 1.8167e-01 1.8604e+00 1.2212e-06 1.0000e-02 1.0716e+01
5.9703e+05 4.4388e-07 1.9039e-08 7.5678e-01 2.0300e+00 7.3939e-07 2.0176e-02 5.5387e+00
1.0766e+04 7.7939e-07 1.6846e-07 1.8400e+00 2.0644e+00 1.3059e-06 1.1448e+00 1.1543e+01
3.3429e+05 8.4862e-05 1.0716e-08 1.9038e-01 2.0632e+00 1.4303e-06 1.0000e-02 9.9842e+00
7.2332e+03 6.4712e-07 2.2712e-06 3.8032e+00 2.1824e+00 6.2918e-07 4.9647e-01 7.0318e+00
4.6491e+03 3.2799e-07 8.7674e-07 6.0567e+00 2.1247e+00 6.9096e-07 6.6262e-01 6.5995e+00
2.0969e+04 4.3290e-07 1.3259e-06 4.2699e+00 2.0729e+00 4.2177e-07 4.8402e-01 8.7452e+00
1.6958e+04 1.5648e-06 5.6191e-08 6.8440e-01 1.5861e+00 1.9229e-06 1.2940e+00 1.1596e+01
2.7710e+04 6.6713e-07 2.6053e-07 1.9102e+00 2.2328e+00 8.3619e-07 7.9124e-01 5.0058e+00
9.6185e+02 9.4740e-07 3.5318e-06 4.5257e+00 1.6750e+00 8.0720e-07 1.0346e+00 1.1594e+01
1.6616e+03 7.5865e-07 7.7024e-07 2.6933e+00 1.7666e+00 7.1350e-07 8.0877e-01 6.3759e+00
1.5181e+03 4.2671e-06 1.9467e-07 4.7009e-01 2.0745e+00 6.1871e-07 1.0000e-02 7.6652e+00
2.7140e+04 1.8983e-06 1.8625e-08 1.1803e+00 3.9967e+00 1.1736e-06 4.8113e-01 6.1936e+00
3.3358e+03 1.4829e-06 1.1901e-07 1.1577e+00 2.2969e+00 2.1528e-06 1.5739e+00 8.0568e+00
6.7905e+02 9.7546e-05 1.1291e-08 2.4420e-01 2.2585e+00 1.3703e-06 1.3922e-02 7.1205e+00
3.6120e+02 3.1034e-05 2.1494e-07 3.0098e-01 1.7403e+00 6.5681e-07 1.3061e-02 4.2755e+00
1.0000e+02 1.5388e-05 1.0000e-08 2.8777e-01 2.5396e+00 1.4297e-06 1.0000e-02 4.6586e+00
3.3628e+03 2.8772e-06 1.8272e-06 1.1236e+00 1.5057e+00 1.9409e-08 7.6270e-02 1.5748e+01
3.7773e+02 3.7749e-07 9.0896e-06 2.1194e+01 1.9375e+00 3.7459e-07 4.1867e-01 8.8202e+00
1.1425e+04 1.8034e-06 2.2580e-06 1.1091e+00 1.7107e+00 4.0218e-08 1.4160e+01 3.2502e+00
3.5084e+04 3.9222e-07 8.9904e-07 7.3641e+00 6.4609e+00 3.1167e-07 2.7717e-01 8.1332e+00
4.1875e+02 2.0806e-05 1.8617e-08 1.9621e-01 1.7693e+00 1.6335e-06 1.0000e-02 1.0295e+01
1.4824e+04 1.3421e-06 1.4438e-06 1.6253e+00 1.7691e+00 4.3187e-08 1.0000e-02 4.2933e+00
2.2696e+03 2.8247e-05 1.8371e-08 1.4718e-01 1.8383e+00 1.9319e-06 2.8190e-02 4.6777e+00
1.0512e+02 1.0000e-04 1.0000e-08 2.2927e-01 2.1709e+00 1.4066e-06 1.0137e-02 5.5215e+00
8.1154e+04 1.7534e-06 1.4443e-08 6.6166e-01 1.5611e+00 1.0165e-06 2.2403e-02 9.9825e+00
3.8178e+03 8.6337e-07 1.9355e-06 2.9710e+00 1.6387e+00 5.3632e-07 5.8989e-01 1.0168e+01
1.9198e+03 1.3701e-06 2.5637e-06 2.1933e+00 1.5567e+00 5.6221e-07 7.1661e-01 4.3310e+00
2.6907e+04 3.6422e-07 7.9659e-07 4.0494e+00 2.1553e+00 6.6568e-07 5.1463e-01 1.0921e+01
2.6631e+03 4.5509e-06 2.2024e-07 3.7827e-01 1.5970e+00 8.7134e-07 1.0000e-02 5.8576e+00
1.0000e+06 4.5124e-05 1.5323e-08 1.7001e-01 1.8667e+00 1.3114e-06 1.0000e-02 8.6624e+00
5.7309e+02 1.5390e-06 8.2937e-06 4.3855e+00 1.4711e+00 1.0000e-08 5.0723e-01 8.4689e+00
3.5458e+02 6.2530e-07 6.6500e-06 1.0217e+01 1.6831e+00 4.5923e-08 1.5888e+00 1.1047e+01
2.3499e+05 6.5381e-07 1.5108e-08 3.6691e+00 1.2175e+01 1.2227e-06 2.9933e-01 7.5770e+00
5.4067e+03 1.5276e-06 9.6979e-08 1.0331e+00 2.4474e+00 2.4472e-06 1.4959e+00 5.4872e+00
1.1733e+03 8.3398e-06 1.5347e-08 3.6647e-01 1.6630e+00 1.2225e-06 1.0000e-02 4.4091e+00
1.1968e+03 4.7941e-07 2.9917e-06 7.4542e+00 2.0356e+00 5.8810e-07 5.5777e-01 9.8213e+00
4.1417e+02 2.2931e-06 8.1431e-06 2.9105e+00 1.4005e+00 1.3807e-08 2.7340e-02 7.5511e+00
6.0994e+04 1.7975e-06 2.0009e-06 9.8297e-01 1.4177e+00 4.2778e-07 2.7737e-01 5.4153e+00
7.1254e+04 1.2625e-07 5.3446e-07 6.9720e+00 2.2192e+00 7.7863e-07 3.0082e-01 1.0197e+01
1.0000e+06 1.1697e-07 3.7278e-08 3.5045e+00 2.5195e+00 7.5979e-07 5.0064e-01 1.2415e+01
3.9504e+04 7.2242e-07 1.4358e-07 1.7003e+00 2.9546e+00 1.0434e-06 7.7040e-01 1.0751e+01
2.9302e+02 1.3688e-06 6.8814e-06 4.7780e+00 1.5016e+00 1.0454e-08 1.0000e-02 1.6492e+01
8.2652e+05 1.9002e-08 9.9201e-08 2.3862e+01 3.5349e+00 1.1180e-06 3.0189e-01 6.3637e+00
1.4383e+02 4.6197e-06 1.9255e-06 8.8423e-01 1.5439e+00 1.0000e-08 5.6597e-01 1.0425e+01
1.3313e+03 9.8898e-07 4.2147e-07 2.5118e+00 2.2704e+00 1.2059e-06 1.4134e+00 9.6371e+00
4.2692e+04 2.2301e-06 9.0816e-08 4.0725e-01 1.7523e+00 8.3023e-07 1.0566e-02 1.2594e+01
9.9692e+03 8.1935e-07 3.7463e-06 3.4956e+00 1.7948e+00 1.1030e-08 2.4090e+00 9.8111e+00
1.5438e+04 5.3362e-07 2.0058e-06 4.3097e+00 2.5336e+00 4.5856e-07 4.6669e-01 1.2312e+01
2.0789e+04 7.2969e-06 2.4600e-08 3.2410e-01 1.5981e+00 1.1774e-06 2.1650e-01 5.6068e+00
6.7923e+03 2.4264e-07 1.7082e-06 9.7878e+00 2.7166e+00 6.0556e-07 4.1470e-01 9.3859e+00
1.0000e+06 1.6759e-08 4.3424e-08 2.4987e+01 4.1824e+00 1.8116e-06 3.7395e-01 7.3020e+00
1.0000e+06 9.1429e-08 1.0763e-07 8.1232e+00 5.2443e+00 7.9077e-07 2.8894e-01 1.1303e+01
9.5922e+04 1.8158e-07 1.9865e-06 1.2021e+01 3.6820e+00 2.4527e-07 1.8958e-01 1.1945e+01
1.6314e+03 2.6484e-06 2.4593e-06 1.3350e+00 1.4395e+00 3.3946e-08 7.5411e-02 4.4856e+00
6.9650e+02 1.6635e-06 8.7008e-08 1.8195e+00 1.9429e+00 9.8463e-07 2.5512e+00 1.4069e+01
7.5735e+04 5.3316e-07 8.2068e-08 1.1704e+00 1.8176e+00 1.6768e-06 6.9106e-01 1.4089e+01
1.9225e+04 3.4211e-07 7.1398e-07 4.9690e+00 3.0811e+00 6.9136e-07 5.2449e-01 6.8486e+00
1.0000e+06 5.4946e-05 1.5914e-08 1.9697e-01 1.7009e+00 1.1506e-06 2.4399e-02 8.9940e+00
4.7923e+02 7.9585e-07 2.8846e-06 5.3045e+00 1.5254e+00 7.6652e-07 6.3037e-01 1.1253e+01
1.9149e+03 9.9577e-05 1.0000e-08 1.8345e-01 2.1888e+00 1.6721e-06 1.0000e-02 4.6685e+00
2.5632e+02 7.2743e-06 5.5803e-08 5.8836e-01 1.5173e+00 1.0438e-06 1.0000e-02 9.7995e+00
6.7773e+05 1.5243e-07 2.6638e-08 2.1510e+00 2.0858e+00 1.5357e-06 5.6229e-01 1.4765e+01
2.5835e+05 3.3669e-07 5.6080e-07 2.2285e+00 2.3659e+00 5.6423e-07 1.8695e-01 3.8375e+00
4.6239e+05 3.3429e-07 1.0000e-08 1.2128e+00 2.7274e+00 2.1278e-06 7.7540e-01 9.5536e+00
8.1516e+02 9.3835e-07 3.7025e-06 4.5058e+00 1.5803e+00 5.0202e-07 5.8390e-01 1.0042e+01
2.1613e+02 3.4441e-05 1.0061e-08 2.1231e-01 1.5728e+00 1.8342e-06 7.3801e-02 2.5446e+00
2.2087e+05 1.9922e-07 2.7496e-07 7.7562e+00 6.4016e+00 5.5365e-07 2.8633e-01 9.1972e+00
4.4371e+02 1.6275e-05 1.4203e-08 6.6348e-01 1.8193e+00 8.7701e-07 6.2784e-01 6.6186e+00
2.3038e+03 1.4046e-05 2.0073e-08 2.0330e-01 1.7077e+00 1.6547e-06 7.4335e-02 1.4658e+01
1.8887e+04 7.3702e-07 8.3194e-08 1.2959e+00 1.8386e+00 1.3369e-06 9.6705e-01 9.6914e+00
4.4631e+04 9.0049e-07 4.3672e-07 1.3261e+00 2.3228e+00 9.3387e-07 5.7790e-01 9.1034e+00
2.6038e+04 1.4962e-05 2.2484e-08 1.4991e-01 1.6097e+00 1.8253e-06 2.0199e-02 9.9040e+00
2.9415e+05 5.0288e-05 1.0000e-08 3.4098e-01 2.1601e+00 8.7989e-07 1.0000e-02 1.1810e+01
1.0000e+06 5.3584e-08 3.4074e-08 4.5495e+00 1.9631e+00 1.6015e-06 4.0874e-01 5.8743e+00
9.9998e+05 4.2893e-05 1.0115e-08 2.2613e-01 2.0131e+00 1.1481e-06 1.0000e-02 4.3812e+00
1.0000e+06 3.5856e-05 4.7854e-08 3.3683e-01 1.8225e+00 6.3232e-07 1.0000e-02 4.6209e+00
1.7014e+03 2.5473e-05 2.9492e-07 3.2146e-01 1.6660e+00 5.3506e-07 1.0393e-02 2.9202e+00
1.0000e+02 5.2108e-05 1.6129e-08 2.6095e-01 2.0071e+00 1.1572e-06 1.5372e-02 8.2117e+00
1.2868e+04 4.9598e-07 3.1818e-07 3.7429e+00 2.8964e+00 3.9757e-07 7.1945e-01 8.4307e+00
1.5645e+02 3.7073e-05 1.1651e-08 1.3088e-01 1.6337e+00 2.6153e-06 1.8923e-02 1.0220e+01
1.0000e+06 4.0383e-05 1.2853e-08 3.8695e-01 2.0542e+00 7.1194e-07 1.0035e-02 6.1112e+00
3.9401e+03 1.9768e-05 1.7181e-08 1.9430e-01 1.7503e+00 1.5277e-06 2.4389e-02 1.1030e+01
1.2833e+04 7.7579e-07 1.6404e-07 1.9923e+00 2.0266e+00 1.1849e-06 1.2730e+00 1.0509e+01
1.4134e+04 1.2073e-07 1.3609e-06 1.6769e+01 3.0916e+00 5.8282e-07 3.5069e-01 8.6788e+00
4.9158e+02 9.4238e-07 9.7056e-07 3.3010e+00 1.8687e+00 1.0068e-06 1.5732e+00 1.2138e+01
4.7121e+03 4.7945e-07 1.0014e-06 4.0314e+00 2.2817e+00 1.3190e-06 6.1352e-01 7.4712e+00
2.8197e+02 5.1487e-07 9.0902e-07 7.5204e+00 2.2100e+00 6.7332e-07 1.6542e+00 5.7569e+00
6.9975e+03 5.5117e-07 2.9396e-06 5.1325e+00 1.7964e+00 5.4927e-07 3.3714e-01 2.3482e+00
1.4179e+04 7.6829e-07 8.9739e-07 2.1497e+00 1.5708e+00 3.9025e-07 9.1755e-02 9.2648e+00
5.4072e+03 2.0965e-06 2.0106e-06 1.2204e+00 1.5637e+00 1.0000e-08 1.0000e-02 2.8170e+00
5.4052e+03 1.3017e-06 7.4318e-07 1.6725e+00 2.1671e+00 7.1816e-07 1.0873e+00 1.1157e+01
1.0000e+06 4.6158e-07 1.0000e-08 1.2044e+00 5.2196e+00 2.4558e-06 4.2597e-01 6.3961e+00
9.0171e+05 4.0241e-08 3.0831e-08 5.1984e+00 2.2512e+00 9.1171e-07 1.0000e-02 5.8305e+00
1.0000e+02 5.1645e-05 2.5144e-08 1.5288e-01 1.5976e+00 1.8895e-06 1.0000e-02 6.2131e+00
2.3738e+03 1.2721e-06 1.3967e-06 1.8645e+00 1.7064e+00 1.0246e-06 8.7028e-01 7.7279e+00
5.6711e+02 9.1859e-05 1.4849e-08 1.4888e-01 1.6055e+00 1.8833e-06 3.2099e-02 1.1280e+01
3.8856e+03 6.4349e-07 2.4872e-06 4.2951e+00 2.2162e+00 5.5052e-07 6.4693e-01 6.5572e+00
1.8152e+02 2.3232e-05 1.3316e-08 1.8961e-01 1.9168e+00 1.8410e-06 6.5684e-02 1.1060e+01
3.6792e+03 2.1924e-06 5.1652e-07 8.7924e-01 2.5213e+00 9.5913e-07 5.8918e-01 5.0292e+00
1.0726e+04 4.2014e-07 3.0711e-06 6.8257e+00 2.7104e+00 4.5548e-07 3.4053e-01 1.3238e+01
1.0514e+05 4.5990e-07 2.4483e-07 1.9339e+00 2.2456e+00 1.1610e-06 6.0323e-01 1.2770e+01
2.6692e+03 5.4249e-07 2.2272e-06 5.2070e+00 1.8709e+00 8.1545e-07 5.4251e-01 8.6251e+00
3.6416e+02 5.6347e-07 2.1529e-06 7.5877e+00 1.6654e+00 6.1692e-07 9.0308e-01 8.5577e+00
7.9960e+03 6.2590e-07 5.2648e-07 2.8890e+00 1.6382e+00 1.0467e-06 9.1974e-01 1.1138e+01
4.7859e+04 6.0420e-07 1.3075e-06 2.8462e+00 2.6005e+00 4.2414e-07 4.0155e-01 7.7523e+00
7.0071e+02 3.2177e-06 2.2696e-07 9.5024e-01 1.9149e+00 1.3454e-06 1.5999e+00 1.2429e+01
1.4146e+04 1.1416e-06 3.8533e-06 2.2791e+00 1.7401e+00 1.7278e-08 1.0000e-02 3.5464e+00
3.0122e+05 8.3454e-07 5.1737e-08 9.2671e-01 2.3443e+00 8.3624e-07 5.0051e-01 9.4766e+00
2.1670e+04 3.5749e-06 2.9528e-07 5.4452e-01 1.7877e+00 4.0487e-07 1.0000e-02 1.2593e+01
5.9170e+04 9.8897e-07 3.2540e-08 7.9102e-01 1.7090e+00 1.7060e-06 1.1229e+00 1.0662e+01
8.8904e+05 4.1219e-05 1.0000e-08 2.1280e-01 2.0245e+00 1.2344e-06 1.0000e-02 1.1187e+01
1.2741e+03 7.1536e-07 6.6600e-06 7.3308e+00 1.7648e+00 3.0899e-07 3.4834e-01 9.2663e+00
2.3572e+04 4.2799e-07 8.3618e-07 3.5118e+00 3.2953e+00 1.0174e-06 3.7715e-01 7.8692e+00
2.9077e+05 2.9721e-06 1.0000e-08 2.0302e-01 1.7438e+00 1.5646e-06 1.0000e-02 8.5297e+00
3.4113e+03 1.4928e-06 7.5156e-07 1.1888e+00 1.9072e+00 1.0199e-06 9.0391e-01 9.3075e+00
9.9988e+05 5.4472e-05 2.2577e-08 2.5452e-01 1.8730e+00 8.8606e-07 1.0001e-02 5.6355e+00
3.4055e+04 1.0412e-06 6.2427e-07 1.2499e+00 2.5483e+00 2.3309e-07 1.0000e-02 9.3881e+00
1.0000e+06 4.8388e-08 1.6116e-08 5.8597e+00 2.8323e+00 2.1567e-06 5.2030e-01 5.9003e+00
7.0705e+03 4.8595e-07 8.9774e-07 3.9149e+00 2.2662e+00 1.0631e-06 6.5894e-01 1.4298e+01
1.4134e+05 7.3884e-05 1.0024e-08 2.3046e-01 2.1218e+00 1.2536e-06 1.0000e-02 9.0030e+00
9.0119e+04 7.8883e-07 1.0122e-07 9.4429e-01 1.8103e+00 1.0751e-06 7.0347e-01 1.1315e+01
1.8105e+04 5.0690e-06 1.9300e-08 2.7122e-01 2.2298e+00 1.3095e-06 1.0000e-02 5.2486e+00
6.5957e+02 7.5984e-07 6.5642e-06 7.6061e+00 1.7534e+00 3.4611e-07 8.8712e-01 7.6509e+00
1.0000e+06 2.0515e-07 1.2133e-08 1.6236e+00 2.5353e+00 1.6111e-06 6.2464e-01 6.9417e+00
2.1626e+03 8.5983e-07 5.5669e-06 5.1052e+00 1.7558e+00 2.0566e-07 4.7067e-01 7.1322e+00
8.9367e+02 1.0761e-05 2.5727e-08 2.6665e-01 2.0708e+00 2.2311e-06 5.2004e-01 9.2472e+00
1.0000e+02 1.0000e-04 1.0000e-08 2.3943e-01 2.2785e+00 1.4199e-06 1.0000e-02 4.3347e+00
1.5176e+03 7.3859e-07 3.0395e-06 4.6458e+00 1.8726e+00 4.3994e-07 9.5076e-01 8.5095e+00
4.5506e+03 8.2880e-07 2.5867e-06 3.2091e+00 1.6756e+00 3.3282e-07 4.3215e-01 7.8259e+00
1.0000e+06 8.6636e-06 1.0722e-08 2.9331e-01 1.6678e+00 8.8496e-07 1.1639e-02 4.0610e+00
1.0000e+06 3.1572e-07 2.0404e-08 8.4268e-01 1.5645e+00 1.3229e-06 3.1619e-01 1.2136e+01
3.5331e+02 2.3363e-06 4.8415e-06 2.4040e+00 1.4057e+00 3.6551e-08 2.5942e-01 8.9735e+00
8.9464e+04 1.6423e-06 2.7688e-08 3.6148e-01 1.7264e+00 1.2845e-06 1.0000e-02 5.7006e+00
2.4141e+03 6.2298e-07 7.2783e-07 3.9137e+00 2.6835e+00 1.0455e-06 9.6404e-01 8.5459e+00
1.0000e+06 4.6132e-05 1.8476e-08 2.3555e-01 1.9027e+00 9.8872e-07 1.0000e-02 6.0526e+00
3.9921e+02 6.6779e-07 1.0688e-06 5.4236e+00 2.5482e+00 4.9137e-07 1.9828e+00 1.2146e+01
6.6942e+02 1.0417e-07 5.2114e-06 5.7829e+01 3.0734e+00 3.2361e-07 3.7376e-01 1.1745e+01
8.7349e+03 1.0768e-06 1.8594e-06 2.0115e+00 1.8486e+00 4.6196e-08 2.4364e-01 1.1153e+01
2.4312e+05 1.7171e-05 1.1400e-08 2.5971e-01 1.8419e+00 1.0682e-06 3.3745e-02 7.5316e+00
1.8338e+04 2.4713e-07 9.4862e-07 6.4471e+00 2.1905e+00 6.4088e-07 4.5991e-01 1.5953e+01
7.5745e+04 1.7592e-06 1.1519e-07 4.3202e-01 1.5489e+00 1.6838e-06 7.8831e-01 1.0402e+01
1.2514e+02 1.0000e-04 1.0227e-08 2.3472e-01 2.2349e+00 1.4334e-06 1.0136e-02 7.2643e+00
3.3700e+03 5.7907e-07 1.3124e-07 2.8995e+00 2.1656e+00 6.6635e-07 1.2750e+00 5.1583e+00
2.7865e+02 9.9974e-05 1.0000e-08 1.4846e-01 2.2852e+00 2.1545e-06 1.0000e-02 3.2522e+00
2.2163e+05 1.3752e-06 1.0000e-08 3.7596e-01 1.6599e+00 2.8142e-06 1.1447e+00 8.8650e+00
8.3026e+04 1.0094e-07 5.0646e-07 8.1706e+00 1.8580e+00 1.0430e-06 3.2059e-01 9.8671e+00
9.3175e+02 9.1339e-07 5.2352e-07 2.8589e+00 2.1528e+00 8.3991e-07 1.5580e+00 1.0465e+01
1.0642e+03 3.3143e-07 1.3600e-06 9.3633e+00 2.6950e+00 3.1643e-07 9.2317e-01 1.1568e+01
4.4460e+03 6.0569e-06 1.0000e-08 2.6392e-01 1.4880e+00 3.4178e-06 9.3199e-01 1.0786e+01
4.3543e+04 5.4244e-07 1.2548e-07 1.6746e+00 1.8697e+00 8.3246e-07 7.5713e-01 9.5564e+00
1.0000e+06 4.5313e-05 2.5489e-08 3.1781e-01 1.8731e+00 7.1089e-07 1.0000e-02 7.9283e+00
1.0000e+06 5.0065e-06 1.9711e-08 2.9867e-01 1.9325e+00 9.4378e-07 7.8042e-02 1.2142e+01
1.0000e+06 1.1697e-07 3.7278e-08 3.5045e+00 2.5195e+00 7.5979e-07 5.0064e-01 1.2415e+01
3.2170e+04 4.8072e-07 1.1411e-06 2.9148e+00 2.5237e+00 7.0785e-07 3.0619e-01 8.7469e+00
1.9146e+05 9.9017e-07 4.2956e-08 1.0735e+00 4.3842e+00 1.3544e-06 3.5997e-01 7.5282e+00
6.5286e+02 1.2571e-05 1.3260e-08 2.2609e-01 1.7337e+00 1.7359e-06 1.7587e-02 1.2256e+01
4.4672e+02 1.7490e-05 1.3559e-08 2.7094e-01 2.1409e+00 1.2870e-06 2.6001e-02 7.0511e+00
2.5104e+04 1.1241e-06 1.1496e-06 1.4978e+00 2.0951e+00 4.3716e-07 5.7600e-01 8.5599e+00
1.0000e+06 3.0921e-05 3.6113e-08 2.4039e-01 1.7882e+00 8.5697e-07 1.0003e-02 4.5437e+00
1.0000e+06 3.1083e-05 2.0363e-08 1.6028e-01 1.8137e+00 1.3228e-06 1.0237e-02 9.4511e+00
1.9885e+04 3.0790e-06 4.4777e-07 3.9065e-01 1.7796e+00 5.4105e-07 1.0000e-02 6.1075e+00
4.6302e+03 3.8696e-07 1.8620e-06 6.6628e+00 2.6013e+00 5.3516e-07 5.2339e-01 4.6963e+00
1.0000e+06 6.4656e-06 1.0000e-08 4.1681e-01 3.1351e+00 1.0180e-06 1.0000e-02 5.5604e+00
1.0001e+02 8.3681e-05 1.0000e-08 1.1564e-01 2.3115e+00 2.7618e-06 1.0000e-02 4.9042e+00
3.5965e+03 5.1046e-07 2.5725e-06 6.1482e+00 2.5034e+00 6.2164e-07 5.7161e-01 1.0249e+01
1.0106e+03 9.5483e-07 1.0613e-06 2.7104e+00 1.7710e+00 6.2532e-07 1.3333e+00 9.9444e+00
1.2455e+04 1.0210e-06 8.5814e-07 1.5590e+00 2.4567e+00 5.3838e-07 4.6503e-01 1.3692e+01
1.0000e+06 4.4595e-05 2.3837e-08 2.4414e-01 1.8682e+00 9.1991e-07 1.0000e-02 7.1125e+00
1.0000e+06 3.9607e-05 1.1606e-07 3.0174e-01 1.6246e+00 5.4816e-07 1.0000e-02 1.0678e+01
4.0679e+02 1.4758e-05 1.8576e-07 2.5961e-01 1.7841e+00 8.7396e-07 1.0000e-02 9.0176e+00
4.0983e+04 1.2696e-06 2.8787e-07 9.5896e-01 2.1943e+00 8.9927e-07 6.1499e-01 1.0972e+01
4.4063e+03 6.6065e-07 4.7839e-07 2.8941e+00 2.5635e+00 5.2795e-07 8.1020e-01 5.0859e+00
1.6887e+02 9.9820e-05 1.0001e-08 2.2040e-01 2.2156e+00 1.4759e-06 1.0103e-02 6.7824e+00
1.0000e+02 1.5773e-05 1.0000e-08 3.9371e-01 2.5788e+00 1.0572e-06 1.0010e-02 5.5053e+00
4.1716e+02 1.5025e-06 4.6223e-06 3.3292e+00 1.4957e+00 6.8919e-08 3.2765e-02 1.0389e+01
9.8897e+02 1.3162e-06 5.1095e-06 3.2407e+00 1.6723e+00 1.0109e-06 5.1125e-01 7.1718e+00
7.3835e+03 4.2233e-07 2.1947e-06 6.1681e+00 2.5858e+00 3.6346e-07 4.7763e-01 8.5953e+00
4.0096e+03 2.1242e-06 2.3029e-06 1.4255e+00 1.4759e+00 2.9615e-08 1.3067e-01 5.9476e+00
4.0319e+02 7.8229e-07 3.6991e-07 3.6449e+00 1.9618e+00 9.9363e-07 1.6883e+00 1.2183e+01
1.0000e+06 4.5367e-07 1.0000e-08 9.7576e-01 3.0815e+00 1.6650e-06 6.0125e-01 6.1844e+00
5.2563e+05 6.5571e-07 1.3177e-08 5.2797e-01 2.1519e+00 9.1992e-07 2.6847e-02 5.6639e+00
1.0000e+02 6.0157e-05 1.5499e-07 3.0329e-01 1.7396e+00 6.7451e-07 1.0000e-02 4.9576e+00
1.7171e+04 3.8414e-07 1.8898e-06 5.2067e+00 2.4369e+00 4.4284e-07 3.0356e-01 1.1940e+01
2.2245e+02 3.1070e-07 5.7740e-07 1.2287e+01 2.7113e+00 3.9996e-07 1.5443e+00 1.1952e+01
3.3229e+05 9.1202e-07 3.2968e-08 5.0697e-01 2.0935e+00 1.6615e-06 5.6392e-01 9.1800e+00
1.0000e+06 5.3584e-08 3.4074e-08 4.5495e+00 1.9631e+00 1.6015e-06 4.0874e-01 5.8743e+00
1.5273e+03 1.4291e-05 2.3001e-08 1.8461e-01 1.7703e+00 1.7071e-06 1.0000e-02 1.0459e+01
8.9290e+05 5.3355e-08 4.1671e-08 9.3961e+00 3.3294e+00 8.9137e-07 5.3679e-01 1.3524e+01
1.4412e+05 1.1986e-06 1.3012e-08 7.8667e-01 1.9095e+00 1.5214e-06 1.6564e+00 1.3994e+01
8.1586e+04 2.7234e-07 7.6021e-07 7.0053e+00 4.1149e+00 2.9412e-07 3.6827e-01 1.0806e+01
1.0000e+06 1.9521e-05 1.3605e-07 5.6434e-01 1.6852e+00 3.2342e-07 1.0000e-02 6.2538e+00
2.7834e+02 1.4972e-06 1.4182e-07 1.8662e+00 1.8224e+00 1.8170e-06 4.2958e+00 1.5404e+01
9.2747e+04 1.0000e-04 1.0000e-08 1.6868e-01 2.0904e+00 1.6534e-06 1.0000e-02 7.7371e+00
1.1487e+03 8.3009e-07 1.0561e-06 3.7917e+00 3.3818e+00 6.5481e-07 1.1065e+00 1.1504e+01
1.0000e+02 3.0111e-05 1.0000e-08 2.5898e-01 2.4555e+00 1.4250e-06 1.0000e-02 6.5656e+00
1.0510e+03 9.8845e-06 2.2409e-08 3.2996e-01 1.9702e+00 1.0297e-06 2.4336e-02 4.3597e+00
3.5995e+04 2.5692e-07 1.0303e-06 5.8697e+00 2.9886e+00 5.0644e-07 3.1186e-01 6.4707e+00
7.3132e+03 1.4157e-06 2.1938e-06 1.5727e+00 1.7382e+00 1.0000e-08 1.0000e-02 1.0683e+01
6.9428e+04 7.3416e-07 1.0238e-06 1.6980e+00 1.7639e+00 6.3567e-07 3.5435e-01 7.3565e+00
1.1316e+02 9.8727e-05 1.0032e-08 2.4001e-01 2.2611e+00 1.4216e-06 1.0140e-02 6.4827e+00
2.0718e+04 5.6820e-07 1.2781e-06 3.0291e+00 2.1447e+00 5.6542e-07 4.7527e-01 1.3295e+01
4.3798e+02 8.6997e-06 1.2150e-07 4.0110e-01 2.1586e+00 7.5272e-07 3.4229e-02 3.5514e+00
2.0601e+05 5.4472e-07 1.3850e-07 1.0377e+00 2.7236e+00 1.3713e-06 3.5189e-01 6.8854e+00
5.3793e+03 3.3517e-06 8.0351e-07 6.2725e-01 1.7514e+00 2.3620e-07 1.0000e-02 5.0741e+00
7.3924e+03 3.0559e-07 1.9310e-06 9.5860e+00 3.6588e+00 2.8306e-07 4.6870e-01 7.0426e+00
1.7287e+03 5.7091e-07 1.6492e-06 5.1082e+00 2.0527e+00 1.0241e-06 7.4096e-01 9.5505e+00
7.5625e+02 3.8407e-07 2.5309e-07 8.5509e+00 2.3372e+00 3.7877e-07 1.9193e+00 5.3703e+00
1.6289e+04 1.2768e-06 5.6865e-07 1.0006e+00 1.8314e+00 1.2105e-06 6.7554e-01 5.3471e+00
9.8521e+05 2.5262e-05 1.5667e-07 6.3676e-01 1.6707e+00 2.8114e-07 1.0000e-02 6.9090e+00
9.9692e+02 7.5021e-06 1.0168e-08 4.2876e-01 2.6208e+00 1.0228e-06 1.0947e-02 2.8125e+00
5.1654e+04 2.5848e-05 2.0618e-08 2.0011e-01 1.6797e+00 1.2554e-06 1.0000e-02 9.7299e+00
1.1881e+02 1.1491e-06 7.9095e-07 3.3442e+00 1.7445e+00 5.2534e-07 2.4047e+00 1.2878e+01
4.3547e+02 2.3724e-06 3.8571e-06 2.0191e+00 1.3997e+00 1.8814e-07 5.7734e-02 5.0453e+00
3.4318e+02 3.7771e-07 3.0059e-06 1.1665e+01 2.1515e+00 4.1697e-07 8.0387e-01 9.6916e+00
3.6338e+03 1.1768e-06 1.8435e-06 1.9084e+00 1.6277e+00 6.4535e-07 4.5478e-01 9.6577e+00
1.5565e+04 4.6487e-06 2.4430e-08 2.7273e-01 1.7084e+00 1.4437e-06 8.2802e-02 1.2869e+01
6.7016e+03 1.1503e-06 2.0920e-06 2.1653e+00 1.6016e+00 6.2850e-07 7.9253e-01 7.5992e+00
1.0000e+06 4.9705e-05 1.0995e-08 1.6973e-01 1.9122e+00 1.4010e-06 1.0000e-02 4.9599e+00
8.0508e+04 9.9744e-07 8.2344e-08 3.8595e+00 1.2018e+01 8.7701e-07 2.2954e-01 1.1100e+01
8.7717e+04 1.0000e-04 1.0000e-08 1.7072e-01 2.1216e+00 1.6709e-06 1.0000e-02 2.4897e+00
9.5899e+04 1.6454e-06 2.5476e-07 6.3028e-01 2.0745e+00 1.1951e-06 5.7486e-01 7.3045e+00
6.5606e+03 6.8715e-07 6.5875e-06 6.3285e+00 1.7820e+00 2.7099e-07 1.6274e-01 4.5681e+00
1.1146e+04 1.0939e-06 1.0728e-06 1.5156e+00 1.7104e+00 1.1067e-06 6.0124e-01 6.3943e+00
1.0101e+03 1.6650e-05 1.9482e-08 2.8478e-01 1.6299e+00 1.2416e-06 2.6581e-02 1.0288e+01
9.6708e+02 7.7874e-07 1.9810e-06 4.3471e+00 1.7766e+00 9.1538e-07 9.4132e-01 9.7765e+00
5.6450e+02 2.9842e-05 1.7000e-08 2.6562e-01 1.6591e+00 1.1976e-06 1.0000e-02 7.0258e+00
1.9349e+05 6.2479e-07 2.6261e-07 1.1042e+00 1.6826e+00 8.0241e-07 3.6604e-01 1.0786e+01
6.2012e+03 2.0284e-06 2.3751e-08 7.8358e-01 1.5814e+00 1.4051e-06 1.6691e-01 8.4478e+00
1.3057e+03 1.8664e-06 1.0274e-07 1.0414e+00 1.8023e+00 2.2359e-06 2.9213e+00 1.3102e+01
1.0338e+04 7.1508e-07 1.0279e-06 2.8619e+00 2.0141e+00 4.5071e-07 8.6883e-01 1.4667e+01
8.1223e+02 8.9609e-07 2.3826e-06 3.8103e+00 2.1612e+00 7.9812e-07 1.4383e+00 8.8703e+00
4.6468e+03 8.8932e-07 3.3085e-06 3.3428e+00 1.8221e+00 3.6356e-07 5.9095e-01 8.7099e+00
1.4445e+04 1.4144e-06 2.1868e-07 1.0587e+00 1.8735e+00 6.5553e-07 6.5238e-01 8.0447e+00
2.7347e+03 1.2071e-06 2.8213e-06 2.4587e+00 1.6903e+00 6.2032e-07 7.3418e-01 1.2007e+01
2.3130e+04 1.4765e-06 4.4761e-08 7.9364e-01 2.2843e+00 2.8750e-06 1.4490e+00 5.6650e+00
1.0000e+02 3.1528e-05 1.0000e-08 1.8030e-01 2.4344e+00 2.0293e-06 1.0000e-02 3.2929e+00
2.8505e+03 1.2973e-05 2.7932e-08 2.2451e-01 1.7451e+00 1.3862e-06 5.9762e-02 6.4277e+00
9.1739e+05 1.7001e-05 1.7325e-08 1.8898e-01 1.6617e+00 1.1620e-06 1.0000e-02 1.1213e+01
3.3069e+04 2.8964e-06 2.6061e-08 6.3099e-01 2.7372e+00 1.1626e-06 3.7680e-01 1.3538e+01
1.9325e+02 1.8270e-06 1.0565e-06 1.9762e+00 1.9189e+00 9.9340e-07 2.9216e+00 8.0874e+00
4.6690e+02 9.3476e-07 6.3136e-06 6.5341e+00 1.5462e+00 1.8676e-07 3.7255e-01 1.0302e+01
6.2879e+02 1.1295e-06 2.3429e-07 2.1376e+00 1.9941e+00 7.7939e-07 1.8729e+00 1.0085e+01
1.9678e+02 4.3609e-05 1.2472e-08 2.9928e-01 1.9409e+00 1.0471e-06 2.4060e-02 1.2690e+01
1.1164e+05 1.4874e-06 3.3841e-08 5.6401e-01 2.4921e+00 1.4770e-06 5.2561e-01 8.6736e+00
6.1669e+02 4.0486e-07 1.3342e-06 8.4939e+00 2.1489e+00 5.9400e-07 1.0391e+00 1.1755e+01
5.5214e+03 2.6739e-06 2.3120e-06 9.7316e-01 1.4543e+00 1.7522e-08 1.0224e+01 1.0289e+01
2.8449e+05 6.7732e-08 1.2997e-07 9.3652e+00 3.1207e+00 1.1660e-06 4.5933e-01 1.2354e+01
1.0000e+02 3.7781e-05 1.3801e-08 1.7923e-01 1.8110e+00 1.7915e-06 4.5649e-02 4.9590e+00
2.7390e+03 1.3124e-05 3.2148e-08 3.4188e-01 1.6989e+00 8.8594e-07 1.0000e-02 7.6961e+00
7.5758e+05 5.8816e-07 1.4310e-08 6.9137e-01 2.2629e+00 1.4542e-06 6.1359e-01 1.2550e+01
5.5458e+02 2.3305e-06 7.4778e-07 1.4695e+00 2.2852e+00 6.2909e-07 9.4775e-01 1.0230e+01
4.3938e+03 1.7114e-06 2.8003e-06 1.4860e+00 1.6010e+00 1.0000e-08 1.6993e-02 1.0322e+01
2.2994e+02 7.7414e-05 1.0175e-08 3.1037e-01 2.2972e+00 1.1139e-06 1.0109e-02 8.4490e+00
7.6752e+03 8.3514e-07 7.8975e-07 2.6763e+00 3.0520e+00 5.2599e-07 6.8922e-01 9.1387e+00
8.7013e+03 9.5094e-06 2.0440e-07 4.4250e-01 1.6829e+00 4.6788e-07 1.0000e-02 4.0457e+00
6.9084e+05 1.3735e-07 1.0254e-07 4.1748e+00 4.0335e+00 1.1746e-06 3.2018e-01 9.8068e+00
5.2136e+03 4.4486e-07 2.2204e-06 6.0779e+00 2.0632e+00 2.1272e-07 6.9744e-01 9.2290e+00
2.8223e+03 9.0442e-07 6.6287e-07 2.9173e+00 2.9468e+00 2.5338e-07 4.0025e-01 9.8397e+00
1.0002e+02 7.7252e-05 1.0000e-08 1.2483e-01 2.3522e+00 2.6783e-06 1.0000e-02 8.7150e+00
6.2897e+04 8.5451e-07 1.4724e-07 1.0827e+00 2.5828e+00 1.0903e-06 5.8265e-01 6.6337e+00
7.6340e+05 5.3260e-07 8.5546e-08 9.0803e-01 2.6617e+00 9.2022e-07 2.6470e-01 8.9082e+00
1.4987e+05 1.7169e-07 1.6246e-07 4.6124e+00 2.9587e+00 1.0388e-06 5.3347e-01 1.0789e+01
1.0000e+02 9.9975e-05 1.0000e-08 1.4146e-01 2.3148e+00 2.2992e-06 1.0000e-02 6.3071e+00
9.0964e+03 3.8785e-07 3.0569e-06 7.0291e+00 1.9935e+00 4.4467e-07 2.9926e-01 9.9142e+00
3.6214e+03 4.7351e-06 2.0402e-08 1.3634e+00 1.1333e+01 1.3564e-06 1.3304e-02 8.0418e+00
2.2242e+03 3.2271e-07 1.7674e-06 9.1982e+00 2.5926e+00 2.6427e-07 7.6559e-01 3.3266e+00
1.8922e+02 1.0000e-04 1.0000e-08 1.4475e-01 2.2886e+00 2.1989e-06 1.0000e-02 5.0507e+00
7.8616e+03 5.0495e-07 1.0543e-05 1.2425e+01 2.0048e+00 2.8185e-07 1.3680e-01 9.4007e+00
5.0672e+03 5.3189e-07 6.6095e-07 7.9823e+00 7.5280e+00 2.1933e-07 2.5893e-01 7.7337e+00
1.5164e+04 1.5614e-05 1.4449e-08 2.3551e-01 1.6270e+00 1.3336e-06 2.5940e-02 4.0468e+00
1.1700e+04 3.1625e-06 1.4810e-06 6.3871e-01 1.5873e+00 5.3837e-08 1.0000e-02 1.3904e+01
1.0000e+02 2.2142e-05 1.0000e-08 2.1486e-01 2.4550e+00 1.7657e-06 1.0000e-02 5.6974e+00
4.9096e+02 2.7951e-06 1.6181e-06 1.1777e+00 1.8542e+00 1.5533e-08 1.0000e-02 4.7523e+00
2.9736e+03 1.7332e-06 4.5911e-07 1.1551e+00 1.9765e+00 1.5904e-06 1.4277e+00 7.4392e+00
1.7454e+03 1.8297e-06 4.0143e-07 1.1194e+00 1.5108e+00 2.2897e-06 1.3639e+00 8.2502e+00
3.9496e+04 1.8794e-07 5.3416e-07 7.0521e+00 2.0754e+00 5.2094e-07 5.4290e-01 1.4579e+01
2.1276e+03 9.9795e-07 1.9546e-07 2.0766e+00 1.8135e+00 9.1989e-07 1.8208e+00 8.2502e+00
1.9075e+03 1.3714e-05 1.7923e-07 3.6331e-01 1.8237e+00 6.0261e-07 1.0000e-02 1.2134e+01
9.9977e+02 2.7063e-05 1.4232e-08 1.4555e-01 1.4709e+00 2.6433e-06 2.7218e-02 1.2457e+01
8.9862e+04 4.8054e-07 4.5015e-07 1.6704e+00 2.0953e+00 1.2882e-06 3.9343e-01 5.4823e+00
2.2845e+03 5.8312e-07 2.5279e-06 5.0055e+00 1.7490e+00 2.3869e-07 3.3564e-01 8.5809e+00
3.8183e+05 8.9682e-07 3.2839e-08 3.9801e-01 2.2604e+00 1.1008e-06 2.1772e-02 6.1757e+00
3.8092e+03 6.4505e-07 9.4311e-07 3.1800e+00 1.9633e+00 6.6596e-07 7.7726e-01 1.5239e+01
1.9341e+05 4.4379e-08 1.1300e-07 1.3314e+01 2.1232e+00 9.6187e-07 5.4732e-01 2.3744e+00
2.0309e+05 1.1372e-06 1.9894e-07 5.5183e-01 1.6414e+00 1.9981e-06 5.5785e-01 4.6331e+00
6.6573e+02 1.6694e-06 2.8708e-06 2.4145e+00 1.5319e+00 7.0005e-08 2.2021e+00 8.3173e+00
3.2475e+03 2.8175e-05 1.3396e-08 1.6481e-01 1.6705e+00 1.8122e-06 2.0406e-02 7.3146e+00
1.0906e+04 1.5066e-06 1.0000e-08 7.7088e-01 1.6407e+00 2.8511e-06 2.3200e+00 8.5047e+00
1.5804e+05 4.2617e-07 3.2650e-07 1.9614e+00 2.0859e+00 6.8298e-07 4.5207e-01 1.3563e+01
1.0000e+02 1.9207e-05 1.0000e-08 3.4206e-01 2.5408e+00 1.1739e-06 1.0000e-02 5.3360e+00
3.4418e+03 6.4717e-07 1.8343e-06 3.9170e+00 2.7801e+00 5.9473e-07 5.4519e-01 1.2893e+01
6.8552e+03 3.6366e-07 3.6489e-07 4.8400e+00 2.2819e+00 9.1207e-07 9.1420e-01 1.3677e+01
5.6132e+03 4.3084e-07 6.5539e-07 5.3878e+00 2.3052e+00 6.2329e-07 9.8432e-01 7.4834e+00
2.5345e+03 9.2297e-07 1.7920e-06 2.8724e+00 2.0593e+00 7.7680e-07 8.9752e-01 1.2548e+01
1.0000e+06 4.3029e-05 1.8570e-08 2.2116e-01 1.8943e+00 1.0419e-06 1.0000e-02 9.9360e+00
4.2466e+05 1.6018e-05 1.4638e-08 3.1213e-01 1.9822e+00 9.0803e-07 3.9765e-02 5.7743e+00
5.3195e+02 1.7359e-05 1.7409e-08 1.7834e-01 1.6060e+00 2.1465e-06 1.8206e-02 9.3384e+00
3.7807e+03 6.6132e-07 7.7837e-07 3.2439e+00 2.0031e+00 6.0643e-07 9.3369e-01 7.3049e+00
2.1656e+05 1.0000e-04 1.0000e-08 1.3160e-01 2.0356e+00 1.9779e-06 1.0000e-02 6.5042e+00
1.7066e+04 1.4115e-05 7.0720e-08 2.9714e-01 1.9067e+00 8.1376e-07 1.0000e-02 5.8680e+00
1.0529e+02 3.1668e-05 1.0000e-08 1.9122e-01 2.4235e+00 1.9482e-06 1.0000e-02 7.3529e+00
6.9306e+05 9.3773e-08 3.8611e-08 2.6278e+00 2.0398e+00 8.5372e-07 1.1483e-02 3.8835e+00
1.4921e+03 1.6583e-05 1.0000e-08 3.5297e-01 2.4139e+00 2.2775e-06 6.5290e-01 9.5820e+00
1.0000e+06 5.1770e-05 2.2439e-08 1.7268e-01 1.8084e+00 1.2040e-06 1.0000e-02 4.9564e+00
8.5237e+03 2.4145e-06 1.8572e-07 6.5554e-01 1.8983e+00 1.7108e-06 1.2867e+00 1.3911e+01
1.2884e+03 6.3361e-06 1.2723e-07 3.3519e-01 1.7432e+00 9.4355e-07 9.1048e-02 8.5894e+00
1.6314e+03 1.5997e-06 1.3948e-06 1.5424e+00 1.5895e+00 9.2056e-07 1.1569e+00 7.9905e+00
4.2491e+02 8.8778e-07 5.0786e-06 5.7080e+00 1.6390e+00 1.8135e-07 9.1943e-01 5.6962e+00
2.1471e+04 3.4639e-07 9.1207e-07 4.7415e+00 2.7832e+00 6.3338e-07 4.5250e-01 1.2503e+01
1.1806e+04 1.0892e-06 1.2729e-06 1.5468e+00 1.7697e+00 8.5631e-07 5.8003e-01 9.4202e+00
3.7315e+05 1.5408e-08 7.0198e-08 3.3172e+01 2.8402e+00 1.1757e-06 5.2771e-01 1.4353e+01
1.5394e+03 8.7200e-07 4.1292e-06 4.6776e+00 1.6963e+00 5.1574e-07 6.9263e-01 8.9269e+00
4.0438e+03 3.1649e-07 8.1653e-07 6.8978e+00 2.2728e+00 4.7580e-07 7.6145e-01 7.3063e+00
1.0000e+02 6.4201e-05 1.0000e-08 3.6394e-01 2.1925e+00 9.3587e-07 1.0000e-02 6.7240e+00
1.0000e+02 9.5242e-05 1.0000e-08 2.0094e-01 2.2006e+00 1.6140e-06 1.0000e-02 5.5741e+00
4.7656e+04 8.4036e-07 3.5729e-07 1.1252e+00 2.0481e+00 1.5264e-06 5.7195e-01 1.5947e+01
5.5004e+03 1.8431e-06 1.6802e-06 1.3450e+00 1.7919e+00 1.0000e-08 1.0000e-02 1.0400e+01
5.3063e+04 9.1381e-07 5.5323e-07 8.9243e-01 1.7063e+00 1.0889e-06 2.6240e-01 4.9734e+00
6.8440e+03 8.0089e-07 5.6034e-07 2.1595e+00 2.0314e+00 9.4831e-07 8.1269e-01 4.4644e+00
6.0573e+03 8.6488e-07 2.8622e-07 1.9963e+00 2.2334e+00 8.1653e-07 1.0421e+00 1.1013e+01
6.2115e+05 4.6674e-07 2.1411e-08 3.7211e+00 1.0163e+01 1.3968e-06 4.0306e-01 9.7248e+00
1.8160e+03 1.0000e-04 1.0000e-08 1.8415e-01 2.2167e+00 1.6877e-06 1.0000e-02 6.9243e+00
1.3506e+05 5.3557e-07 7.5223e-07 1.8263e+00 1.7811e+00 5.8404e-07 2.6012e-01 9.2170e+00
3.9708e+03 1.0000e-04 2.9178e-08 1.6880e-01 1.8687e+00 1.4734e-06 1.5526e-02 3.8216e+00
6.5091e+02 4.8316e-07 2.4040e-06 7.5235e+00 1.7730e+00 1.3909e-07 5.9866e-01 8.3440e+00
9.0847e+03 5.0991e-07 4.1699e-07 3.0172e+00 2.0222e+00 6.6347e-07 8.0231e-01 9.1077e+00
4.3006e+03 2.2402e-06 1.7230e-06 1.3684e+00 1.5929e+00 1.8738e-08 2.7689e-02 8.5733e+00
8.5399e+02 6.1939e-07 1.3888e-06 5.1721e+00 2.0575e+00 6.2821e-07 1.3068e+00 1.1404e+01
1.0950e+02 9.0113e-05 1.0069e-08 2.5815e-01 2.1850e+00 1.2726e-06 1.0000e-02 5.6262e+00
9.5650e+02 1.0344e-06 5.6134e-06 4.9696e+00 1.5421e+00 1.2501e-07 2.6696e-01 1.0632e+01
1.6318e+04 6.1974e-07 1.5399e-07 1.7966e+00 1.8367e+00 1.1488e-06 8.9138e-01 8.6031e+00
1.8466e+05 1.1451e-05 1.1141e-08 2.7049e-01 2.0126e+00 1.0720e-06 1.0000e-02 4.6540e+00
1.0000e+02 2.2246e-06 9.9415e-07 1.7095e+00 1.9660e+00 5.1975e-07 1.2772e+00 6.0839e+00
4.8558e+02 6.2263e-07 2.4595e-06 5.8024e+00 1.8705e+00 9.4557e-07 6.8214e-01 1.4077e+01
9.5809e+04 5.5960e-07 4.5557e-07 1.8151e+00 2.2839e+00 6.1114e-07 4.1689e-01 8.8710e+00
5.0937e+03 1.3015e-06 1.0474e-07 1.1645e+00 2.0929e+00 2.0862e-06 1.5027e+00 9.1374e+00
1.3374e+04 1.1640e-06 1.4279e-07 9.9237e-01 1.6246e+00 1.7177e-06 1.0717e+00 9.5138e+00
7.9256e+03 1.1483e-06 6.0584e-08 1.7227e+00 2.1715e+00 1.5013e-06 2.3639e+00 1.1362e+01
8.6938e+02 1.7158e-05 2.8093e-08 1.5079e-01 1.8247e+00 1.9964e-06 1.0000e-02 3.5281e+00
1.5438e+04 5.3362e-07 2.0058e-06 4.3097e+00 2.5336e+00 4.5856e-07 4.6669e-01 1.2312e+01
5.2200e+04 2.2605e-07 1.1679e-07 4.3544e+00 2.6513e+00 1.1482e-06 8.0732e-01 1.1759e+01
2.7097e+03 1.5963e-07 2.2545e-06 2.0186e+01 2.3122e+00 4.0402e-07 4.9751e-01 9.9126e+00
7.0569e+03 4.8932e-07 2.0283e-06 4.9144e+00 2.6418e+00 4.4225e-07 4.4233e-01 9.6571e+00
2.2660e+02 3.7188e-05 3.1616e-08 2.0575e-01 1.6001e+00 1.4127e-06 1.2547e-02 5.7167e+00
1.3522e+05 3.2032e-07 8.0769e-07 4.7154e+00 3.0563e+00 3.8418e-07 3.8655e-01 9.3672e+00
3.0953e+02 2.9730e-06 3.2964e-07 1.5090e+00 2.6012e+00 6.3304e-07 6.6572e-01 5.3386e+00
6.6309e+02 1.0000e-04 1.1778e-08 2.2914e-01 2.1708e+00 1.3839e-06 1.0202e-02 5.8814e+00
1.9845e+03 4.7802e-06 6.3935e-07 5.3980e-01 1.7634e+00 3.1466e-07 1.0000e-02 1.1489e+01
9.0601e+04 3.7569e-05 1.1716e-07 4.4725e-01 1.7977e+00 4.5967e-07 1.0000e-02 4.6600e+00
1.9942e+02 7.5732e-05 1.0011e-08 3.2322e-01 2.3407e+00 1.0960e-06 1.0862e-02 6.7202e+00
2.0464e+02 7.1375e-07 5.0988e-07 4.7727e+00 2.3255e+00 7.4867e-07 1.8247e+00 9.2649e+00
1.1650e+02 4.9668e-05 1.0009e-08 2.6333e-01 2.3889e+00 1.3428e-06 1.0000e-02 6.8689e+00
1.9501e+03 8.9984e-07 1.0712e-05 7.2974e+00 1.7444e+00 8.8117e-08 1.0000e-02 1.0856e+01
1.0000e+02 5.6541e-05 1.0000e-08 1.4038e-01 2.3975e+00 2.4861e-06 1.0000e-02 6.6863e+00
1.2401e+03 8.7838e-07 7.5106e-07 4.6276e+00 4.9030e+00 2.0035e-07 2.7515e-01 8.7251e+00
2.4153e+04 9.9917e-06 3.0509e-08 2.5440e-01 1.6631e+00 1.1054e-06 1.1160e-02 9.7154e+00
1.4610e+04 3.1300e-07 5.4662e-07 4.6160e+00 2.0608e+00 7.3838e-07 6.3405e-01 6.7864e+00
5.8318e+05 1.0126e-06 1.0908e-08 1.0808e+00 6.7672e+00 2.3492e-06 3.8923e-01 8.1574e+00
3.9754e+04 5.7809e-06 9.4868e-08 2.7506e-01 1.6718e+00 9.1879e-07 4.2790e-02 7.9016e+00
4.2799e+04 1.8195e-05 2.0561e-08 2.9593e-01 1.5982e+00 9.6189e-07 1.6548e-02 1.0890e+01
1.3341e+04 6.7112e-07 5.4722e-06 5.5728e+00 2.0659e+00 1.7668e-07 4.0897e-01 9.4662e+00
9.3006e+02 1.0104e-05 4.6428e-08 2.7370e-01 2.0550e+00 1.1715e-06 3.6239e-02 7.9926e+00
1.0000e+02 5.9718e-07 8.4282e-07 8.2090e+00 3.4439e+00 2.4997e-07 1.2465e+00 1.0120e+01
1.0000e+06 2.2470e-05 2.2444e-08 2.3144e-01 1.9239e+00 1.0113e-06 1.0000e-02 9.3466e+00
1.7997e+04 6.5207e-07 8.9441e-07 3.3035e+00 3.5330e+00 2.6963e-07 3.6031e-01 8.2273e+00
2.1781e+02 4.4503e-07 1.0599e-05 1.9709e+01 1.7235e+00 1.4185e-07 5.9470e-02 7.4467e+00
9.7372e+03 7.2914e-07 6.1863e-07 2.3465e+00 2.4896e+00 1.0630e-06 7.3768e-01 4.6858e+00
2.5212e+03 1.0750e-06 3.4286e-06 3.2310e+00 1.6005e+00 4.0752e-07 6.1368e-01 3.3231e+00
1.3099e+05 5.9624e-07 5.6065e-07 1.8347e+00 2.2748e+00 5.3650e-07 4.0808e-01 1.0269e+01
2.6101e+05 1.7044e-07 5.1971e-07 4.2258e+00 2.1672e+00 6.4701e-07 2.2033e-01 1.4557e+01
6.3132e+05 7.5983e-07 2.7163e-08 8.9672e-01 4.1720e+00 1.7525e-06 3.7716e-01 6.7301e+00
2.0692e+05 3.8024e-07 1.5056e-08 1.8300e+00 2.7551e+00 1.8586e-06 1.0546e+00 1.2391e+01
1.0961e+05 3.2084e-07 6.9508e-08 2.1355e+00 2.2124e+00 1.3413e-06 7.9160e-01 7.5833e+00
4.9536e+04 3.9878e-07 2.6684e-07 3.1759e+00 2.6025e+00 7.3442e-07 6.9524e-01 7.8484e+00
1.9029e+02 1.3418e-06 4.2020e-06 3.9731e+00 1.5443e+00 5.2065e-08 1.0000e-02 1.1968e+01
1.2385e+02 7.4819e-07 3.7296e-07 4.6597e+00 1.9944e+00 7.3471e-07 2.6387e+00 7.5771e+00
1.7399e+05 7.9800e-07 1.0335e-08 8.4203e-01 1.8037e+00 1.7293e-06 1.2292e+00 9.8196e+00
6.6849e+03 3.7954e-07 3.3993e-06 8.3204e+00 2.4696e+00 3.2755e-07 3.8259e-01 1.0429e+01
1.0038e+02 2.6958e-05 1.0000e-08 2.0402e-01 2.4952e+00 1.9019e-06 1.0000e-02 5.6616e+00
3.7598e+05 5.8790e-08 1.1028e-07 1.1265e+01 3.0596e+00 7.2287e-07 4.9744e-01 8.9018e+00
5.1372e+02 5.8929e-07 2.5309e-06 6.7831e+00 2.1574e+00 6.7867e-07 1.0152e+00 1.1676e+01
1.1676e+04 1.1073e-06 3.3628e-06 2.2287e+00 1.8129e+00 4.0689e-07 2.9856e-01 1.1533e+01
1.3038e+03 1.0685e-06 2.2489e-06 3.1824e+00 1.5943e+00 7.6633e-07 9.6875e-01 8.2467e+00
1.4739e+02 2.6804e-05 1.0000e-08 3.4085e-01 2.5093e+00 1.1276e-06 1.0000e-02 4.9301e+00
1.0000e+06 1.0000e-08 1.0000e-08 2.5981e+01 2.6755e+00 1.9390e-06 5.6693e-01 1.1674e+01
2.0908e+03 2.9803e-06 2.2147e-06 1.1760e+00 1.4500e+00 3.8679e-08 8.6356e+00 9.9791e+00
2.1814e+04 8.4023e-08 2.0351e-06 2.5896e+01 2.6631e+00 4.8168e-07 2.5090e-01 2.9547e+00
1.2042e+04 5.8694e-07 1.2093e-06 3.2370e+00 2.3405e+00 5.3271e-07 5.7479e-01 1.2427e+01
3.5639e+02 1.9964e-05 6.2299e-08 3.3782e-01 1.6278e+00 8.3713e-07 1.1341e-02 6.3713e+00
1.9658e+04 8.2918e-06 1.3225e-08 2.4529e-01 1.7315e+00 1.3629e-06 2.5397e-02 7.3978e+00
1.8488e+04 1.2152e-06 6.5376e-08 8.7873e-01 1.7304e+00 1.6128e-06 1.3292e+00 1.3899e+01
8.4678e+04 4.4225e-07 2.1971e-07 2.1432e+00 3.5163e+00 1.1558e-06 4.4070e-01 7.9913e+00
3.0642e+03 1.9311e-06 1.8053e-06 1.3860e+00 1.7648e+00 1.5033e-08 5.1736e+00 1.2349e+01
1.0152e+04 1.3939e-06 1.7376e-06 1.3876e+00 1.7655e+00 5.3419e-08 1.0000e-02 9.2990e+00
4.1609e+05 5.7083e-07 5.3369e-08 8.3809e-01 1.7699e+00 1.1042e-06 5.4527e-01 3.2153e+00
1.0000e+02 6.7798e-05 1.0000e-08 1.4763e-01 2.3549e+00 2.2696e-06 1.0000e-02 6.1427e+00
9.8434e+03 6.6062e-05 1.0000e-08 2.8085e-01 2.2774e+00 1.1488e-06 1.0339e-02 8.1600e+00
2.3766e+03 1.9093e-06 2.5332e-06 1.5813e+00 1.5390e+00 1.0000e-08 3.4166e+00 4.9282e+00
4.7204e+04 6.5489e-07 2.7126e-06 3.3343e+00 2.3794e+00 1.9450e-07 3.9772e-01 9.6453e+00
7.4978e+03 1.1474e-05 1.1821e-08 2.9561e-01 1.9211e+00 1.1345e-06 4.5505e-02 1.0999e+01
1.6596e+04 3.0268e-06 2.6849e-07 4.7376e-01 1.5101e+00 1.3271e-06 8.1137e-01 9.3767e+00
6.7677e+03 1.3394e-05 1.2903e-08 2.6594e-01 1.6465e+00 1.3236e-06 4.4179e-02 1.0391e+01
9.9828e+05 2.2311e-05 1.6592e-07 7.2617e-01 1.6571e+00 2.4167e-07 1.0000e-02 4.9241e+00
9.0444e+03 1.6916e-07 5.3061e-06 2.6518e+01 2.9579e+00 3.8626e-07 2.3642e-01 1.2275e+01
1.1431e+05 1.1225e-06 2.0277e-08 4.4376e-01 1.7328e+00 2.8443e-06 9.1956e-01 1.3632e+01
8.6592e+03 1.2822e-06 1.5702e-06 1.5753e+00 1.5669e+00 7.9907e-07 5.3771e-01 9.3729e+00
2.7716e+04 3.8062e-06 6.9724e-07 5.9393e-01 1.3757e+00 1.1102e-06 1.1347e+00 5.2321e+00
1.1172e+04 2.0412e-07 1.2247e-06 1.0963e+01 3.0299e+00 4.6764e-07 4.8178e-01 9.2567e+00
1.0000e+06 1.8917e-05 1.4921e-08 3.3592e-01 2.0105e+00 7.8773e-07 1.0000e-02 6.1163e+00
1.0000e+02 3.0026e-06 5.2152e-07 1.3292e+00 2.0041e+00 9.7572e-07 1.5893e+00 6.4692e+00
2.8626e+03 3.5613e-07 3.4038e-06 1.0383e+01 2.0596e+00 5.0000e-07 4.7513e-01 9.2632e+00
2.1240e+03 1.3076e-06 5.5796e-07 1.8828e+00 2.2393e+00 3.8054e-07 5.8616e-01 1.2737e+01
1.6661e+03 1.0262e-06 4.6631e-06 4.1326e+00 1.5687e+00 1.4954e-07 3.3150e-01 4.8873e+00
1.5776e+03 8.2621e-06 1.6110e-08 3.0733e-01 1.6342e+00 1.4995e-06 5.1933e-02 1.0558e+01
2.6033e+02 2.8670e-06 6.1316e-07 1.2851e+00 1.8454e+00 1.5830e-06 2.7778e+00 9.4232e+00
1.0000e+06 9.6591e-07 1.9477e-07 6.6237e-01 1.9704e+00 3.6407e-07 1.0000e-02 5.9059e+00
1.1048e+02 3.8640e-06 8.3869e-07 1.0628e+00 1.5455e+00 7.1720e-07 1.1846e+00 1.0076e+01
4.8704e+04 5.4174e-07 1.5444e-06 3.1616e+00 1.7630e+00 3.4258e-07 3.8186e-01 8.8955e+00
