1.6990 -4.7191 -8.0000 -0.5067 0.4624 -5.8332 -1.9586 6.2676e+00
1.6990 -4.9800 -7.0332 -0.3303 0.4624 -6.0709 -1.9586 9.9461e+00
1.6990 -4.8705 -6.9512 -0.4049 0.4624 -6.0206 -1.9586 5.6049e+00
1.6990 -5.6722 -5.7321 0.4130 0.4624 -8.0000 -1.9586 1.2524e+01
1.6990 -6.0671 -5.8243 0.8663 0.4624 -8.0000 -1.9586 5.6863e+00
1.6990 -4.8678 -7.2447 -0.3412 0.4624 -6.0509 -1.9586 7.4094e+00
1.6990 -5.6683 -5.7656 0.4213 0.4624 -8.0000 -1.9586 1.0474e+01
1.6990 -4.1471 -7.4129 -0.6778 0.4624 -5.7587 -1.9586 4.7967e+00
1.6990 -5.6957 -5.8208 0.5043 0.4624 -8.0000 -1.9586 1.1031e+01
1.6990 -5.6020 -5.8115 0.3705 0.4624 -8.0000 -1.9586 1.5844e+01
1.6990 -5.6871 -5.7760 0.4799 0.4624 -8.0000 -1.9586 1.2197e+01
1.6990 -5.4853 -5.8181 0.2461 0.4624 -8.0000 -1.9586 8.6071e+00
1.6990 -5.7131 -5.8119 0.5031 0.4624 -8.0000 -1.9586 6.9648e+00
1.6990 -5.7999 -5.7731 0.6223 0.4624 -8.0000 -1.9586 1.3331e+01
1.6990 -5.2940 -6.6936 -0.0029 0.4624 -6.4177 -1.9586 4.6369e+00
1.6990 -5.7531 -5.7875 0.5403 0.4624 -8.0000 -1.9586 8.1493e+00
1.6990 -5.6366 -5.8013 0.4766 0.4624 -8.0000 -1.9586 9.9281e+00
1.6990 -5.5360 -6.1598 0.2675 0.4624 -6.8608 -1.9586 7.2909e+00
1.6990 -5.7596 -5.8004 0.5453 0.4624 -8.0000 -1.9586 3.7748e+00
1.6990 -5.3981 -5.8348 0.2143 0.4624 -8.0000 -1.9586 1.2442e+01
1.6990 -4.0004 -7.4958 -0.5210 0.4624 -5.9081 -1.9586 5.3457e+00
1.6990 -4.4224 -8.0000 -0.6871 0.4624 -5.6870 -1.9586 5.4366e+00
1.6990 -5.2615 -5.8519 0.0252 0.4624 -8.0000 -1.9586 7.0636e+00
1.6990 -5.5994 -5.8224 0.3790 0.4624 -8.0000 -1.9586 8.2819e+00
1.6990 -5.0546 -7.1760 -0.2535 0.4624 -6.1237 -1.9586 1.2409e+01
1.6990 -5.4602 -5.8468 0.2499 0.4624 -8.0000 -1.9586 1.0061e+01
1.6990 -5.5141 -5.8165 0.3021 0.4624 -8.0000 -1.9586 1.2978e+01
1.6990 -5.4112 -5.8005 0.1827 0.4624 -8.0000 -1.9586 1.4246e+01
1.6990 -4.8786 -7.6721 -0.4228 0.4624 -5.9226 -1.9586 6.3518e+00
1.6990 -5.5112 -5.8034 0.2881 0.4624 -8.0000 -1.9586 1.3270e+01
1.6990 -5.5429 -5.7965 0.3318 0.4624 -8.0000 -1.9586 1.2087e+01
1.6990 -5.6531 -5.8130 0.4194 0.4624 -8.0000 -1.9586 4.7936e+00
1.6990 -5.4075 -5.8436 0.1344 0.4624 -8.0000 -1.9586 1.1530e+01
1.6990 -5.2533 -5.8360 0.0264 0.4624 -8.0000 -1.9586 9.4826e+00
1.6990 -5.1787 -6.6630 -0.1190 0.4624 -6.3207 -1.9586 2.9794e+00
1.6990 -5.4881 -5.8198 0.2772 0.4624 -8.0000 -1.9586 1.1099e+01
1.6990 -5.2374 -6.4616 -0.0885 0.4624 -6.3936 -1.9586 1.1505e+01
1.6990 -5.0074 -7.2873 -0.2981 0.4624 -6.0719 -1.9586 5.2600e+00
1.6990 -5.5608 -5.8105 0.3032 0.4624 -8.0000 -1.9586 1.1273e+01
1.6990 -5.2070 -6.4679 -0.0459 0.4624 -6.4443 -1.9586 1.1413e+01
1.6990 -5.7138 -5.8079 0.5106 0.4624 -8.0000 -1.9586 1.0804e+01
1.6990 -5.5232 -5.8250 0.3308 0.4624 -8.0000 -1.9586 1.4644e+01
1.6990 -5.3239 -5.8551 0.1374 0.4624 -7.9999 -1.9586 6.0215e+00
1.6990 -5.7225 -5.8225 0.4987 0.4624 -8.0000 -1.9586 4.9340e+00
1.6990 -5.0126 -6.6441 -0.2688 0.4624 -6.1961 -1.9586 8.8623e+00
1.6990 -5.2098 -6.4726 -0.1148 0.4624 -6.3676 -1.9586 6.8252e+00
1.6990 -5.5554 -5.8423 0.3350 0.4624 -8.0000 -1.9586 5.2786e+00
1.6990 -4.7918 -7.7095 -0.4925 0.4624 -5.8582 -1.9586 7.5432e+00
1.6990 -4.7284 -8.0000 -0.4708 0.4624 -5.8771 -1.9586 5.0629e+00
1.6990 -5.4760 -5.8297 0.2487 0.4624 -8.0000 -1.9586 7.1382e+00
1.6990 -4.3077 -8.0000 -0.6002 0.4624 -5.7746 -1.9586 6.1239e+00
1.6990 -4.7393 -7.5184 -0.5767 0.4624 -5.7948 -1.9586 5.5982e+00
1.6990 -5.0407 -7.4684 -0.2681 0.4624 -6.0810 -1.9586 4.8667e+00
1.6990 -5.8323 -5.8169 0.6241 0.4624 -8.0000 -1.9586 1.3448e+01
1.6990 -4.2105 -8.0000 -0.5807 0.4624 -5.7994 -1.9586 5.8136e+00
1.6990 -4.5030 -8.0000 -0.4903 0.4624 -5.8696 -1.9586 5.3303e+00
1.6990 -5.3471 -5.8104 0.1115 0.4624 -8.0000 -1.9586 9.8051e+00
1.6990 -5.4656 -5.7841 0.2746 0.4624 -8.0000 -1.9586 1.2016e+01
1.6990 -5.4068 -5.8395 0.1844 0.4624 -8.0000 -1.9586 7.2208e+00
1.6990 -5.7651 -5.8047 0.5936 0.4624 -8.0000 -1.9586 9.1852e+00
1.6990 -5.2826 -5.8447 0.0874 0.4624 -8.0000 -1.9586 6.4820e+00
1.6990 -5.6100 -5.7951 0.4158 0.4624 -8.0000 -1.9586 1.3624e+01
1.6990 -5.6758 -5.7899 0.4289 0.4624 -8.0000 -1.9586 8.3939e+00
1.6990 -5.5248 -5.8106 0.3055 0.4624 -8.0000 -1.9586 8.0230e+00
1.6990 -4.9709 -6.9319 -0.2642 0.4624 -6.1555 -1.9586 8.1955e+00
1.6990 -5.5008 -5.7959 0.2472 0.4624 -8.0000 -1.9586 1.1373e+01
1.6990 -5.3905 -5.8240 0.1869 0.4624 -8.0000 -1.9586 1.0476e+01
1.6990 -4.9341 -6.5965 -0.3008 0.4624 -6.1879 -1.9586 8.3114e+00
1.6990 -5.4311 -5.8318 0.1937 0.4624 -8.0000 -1.9586 1.4550e+01
1.6990 -5.4841 -5.8051 0.2862 0.4624 -8.0000 -1.9586 8.0817e+00
1.6990 -5.5087 -5.7973 0.2695 0.4624 -8.0000 -1.9586 8.4351e+00
1.6990 -4.0000 -8.0000 -0.5335 0.4624 -5.8550 -1.9586 6.4063e+00
1.6990 -5.7056 -5.8037 0.4440 0.4624 -8.0000 -1.9586 1.0141e+01
1.6990 -5.3948 -5.8074 0.1786 0.4624 -8.0000 -1.9586 1.0437e+01
1.6990 -5.4996 -5.7856 0.2941 0.4624 -8.0000 -1.9586 9.3281e+00
1.6990 -5.3010 -5.8640 0.0828 0.4624 -7.9999 -1.9586 8.0147e+00
1.6990 -5.8310 -5.7927 0.6108 0.4624 -8.0000 -1.9586 9.9805e+00
1.6990 -5.5275 -5.8149 0.2681 0.4624 -8.0000 -1.9586 1.2918e+01
1.6990 -5.5111 -5.7820 0.2935 0.4624 -8.0000 -1.9586 1.0328e+01
1.6990 -5.7919 -5.7965 0.5286 0.4624 -8.0000 -1.9586 8.1432e+00
1.6990 -5.3800 -6.0157 0.2230 0.4624 -7.0570 -1.9586 1.0627e+01
1.6990 -5.6927 -5.7974 0.4452 0.4624 -8.0000 -1.9586 1.3785e+01
1.6990 -4.0000 -7.1623 -0.4328 0.4624 -6.0585 -1.9586 6.4764e+00
1.6990 -5.5309 -5.8136 0.2982 0.4624 -8.0000 -1.9586 8.3442e+00
1.6990 -5.6371 -5.8221 0.4369 0.4624 -8.0000 -1.9586 9.6157e+00
1.6990 -4.0000 -7.8364 -0.5365 0.4624 -5.8637 -1.9586 5.2561e+00
1.6990 -4.0000 -7.5266 -0.6953 0.4624 -5.7496 -1.9586 1.0282e+01
1.6990 -5.0920 -6.6208 -0.2104 0.4624 -6.2487 -1.9586 5.8170e+00
1.6990 -5.4584 -5.7804 0.1883 0.4624 -8.0000 -1.9586 7.5597e+00
1.6990 -5.8004 -5.8112 0.5385 0.4624 -8.0000 -1.9586 5.1822e+00
1.6990 -5.3234 -5.8235 0.0932 0.4624 -8.0000 -1.9586 1.1852e+01
1.6990 -5.3502 -5.8473 0.1259 0.4624 -8.0000 -1.9586 1.3510e+01
1.6990 -5.5924 -6.0304 0.3451 0.4624 -7.0704 -1.9586 6.9044e+00
1.6990 -5.4642 -5.8086 0.2088 0.4624 -8.0000 -1.9586 8.1029e+00
1.6990 -5.6971 -5.8197 0.4981 0.4624 -8.0000 -1.9586 1.6438e+01
1.6990 -4.6269 -7.1288 -0.6292 0.4624 -5.7982 -1.9586 4.7251e+00
1.6990 -4.6237 -7.4622 -0.4580 0.4624 -5.9360 -1.9586 6.6661e+00
1.6990 -4.7720 -7.7354 -0.5065 0.4624 -5.8439 -1.9586 7.4705e+00
1.6990 -5.3477 -5.8566 0.1035 0.4624 -7.9999 -1.9586 7.6594e+00
1.6990 -5.6162 -5.8221 0.3778 0.4624 -8.0000 -1.9586 5.4332e+00
1.6990 -5.3977 -5.8607 0.2110 0.4624 -7.9977 -1.9586 7.5417e+00
1.6990 -4.7499 -8.0000 -0.5457 0.4624 -5.7910 -1.9586 6.9524e+00
1.6990 -4.9592 -7.0820 -0.2609 0.4624 -6.1408 -1.9586 7.5995e+00
1.6990 -4.8691 -6.8979 -0.3491 0.4624 -6.0869 -1.9586 1.0263e+01
1.6990 -5.4660 -5.8218 0.2540 0.4624 -8.0000 -1.9586 5.8589e+00
1.6990 -5.4323 -5.8005 0.2527 0.4624 -8.0000 -1.9586 1.3355e+01
1.6990 -5.3641 -5.8313 0.1447 0.4624 -8.0000 -1.9586 1.2787e+01
1.6990 -4.0000 -7.8468 -0.7274 0.4624 -5.6879 -1.9586 5.9792e+00
1.6990 -5.5523 -5.8124 0.3270 0.4624 -8.0000 -1.9586 1.0007e+01
1.6990 -5.6443 -5.8199 0.4224 0.4624 -8.0000 -1.9586 9.4150e+00
1.6990 -4.0000 -7.9268 -0.5413 0.4624 -5.8513 -1.9586 7.3787e+00
1.6990 -5.7576 -5.7854 0.5273 0.4624 -8.0000 -1.9586 9.7516e+00
1.6990 -4.6218 -7.6166 -0.5488 0.4624 -5.8292 -1.9586 5.9385e+00
1.6990 -4.2001 -8.0000 -0.6926 0.4624 -5.6927 -1.9586 4.7119e+00
1.6990 -5.6798 -5.7980 0.4674 0.4624 -8.0000 -1.9586 1.3394e+01
1.6990 -5.2286 -6.4874 -0.0736 0.4624 -6.4037 -1.9586 1.0867e+01
1.6990 -5.3724 -5.8453 0.2516 0.4624 -8.0000 -1.9586 1.1921e+01
1.6990 -5.5606 -5.8189 0.3312 0.4624 -8.0000 -1.9586 8.7571e+00
1.6990 -5.7113 -5.7694 0.4866 0.4624 -8.0000 -1.9586 1.0682e+01
1.6990 -5.6435 -5.7954 0.4293 0.4624 -8.0000 -1.9586 8.6502e+00
1.6990 -6.0076 -5.7925 0.7539 0.4624 -8.0000 -1.9586 9.0936e+00
1.6990 -5.4446 -5.8434 0.2412 0.4624 -8.0000 -1.9586 3.8464e+00
1.6990 -5.5919 -5.8125 0.3495 0.4624 -8.0000 -1.9586 8.1298e+00
1.6990 -5.3369 -5.8393 0.0911 0.4624 -8.0000 -1.9586 5.1004e+00
1.6990 -5.5206 -5.8206 0.2733 0.4624 -8.0000 -1.9586 8.2360e+00
1.6990 -5.2458 -5.8720 0.0298 0.4624 -8.0000 -1.9586 9.6884e+00
1.6990 -5.2208 -5.8593 -0.0025 0.4624 -8.0000 -1.9586 7.6347e+00
1.6990 -5.0112 -7.7372 -0.3011 0.4624 -6.0264 -1.9586 7.3627e+00
1.6990 -4.4444 -8.0000 -0.6132 0.4624 -5.7484 -1.9586 5.3331e+00
1.6990 -4.2780 -8.0000 -0.6292 0.4624 -5.7526 -1.9586 6.1857e+00
1.6990 -5.5722 -5.7891 0.3286 0.4624 -8.0000 -1.9586 1.2298e+01
1.6990 -4.6666 -7.9440 -0.6124 0.4624 -5.7290 -1.9586 6.9507e+00
1.6990 -5.6789 -5.8955 0.4061 0.4624 -7.4156 -1.9586 1.0257e+01
1.6990 -5.5458 -5.7899 0.3469 0.4624 -8.0000 -1.9586 1.0887e+01
1.6990 -5.1746 -5.8741 0.0091 0.4624 -8.0000 -1.9586 8.6502e+00
1.6990 -5.3206 -6.3953 0.0484 0.4624 -6.5471 -1.9586 5.9466e+00
1.6990 -4.6229 -7.6901 -0.5572 0.4624 -5.8138 -1.9586 5.1054e+00
1.6990 -5.4353 -5.8109 0.2174 0.4624 -8.0000 -1.9586 1.2080e+01
1.6990 -5.0990 -6.6039 -0.2065 0.4624 -6.2556 -1.9586 4.6463e+00
1.6990 -4.0000 -8.0000 -0.5569 0.4624 -5.8326 -1.9586 6.2519e+00
1.6990 -5.1228 -6.7170 -0.1841 0.4624 -6.2507 -1.9586 5.0782e+00
1.6990 -4.0001 -7.2995 -0.4711 0.4624 -5.9766 -1.9586 7.8265e+00
1.6990 -4.4858 -8.0000 -0.4584 0.4624 -5.9032 -1.9586 6.5862e+00
1.6990 -5.6125 -5.8340 0.3682 0.4624 -7.9998 -1.9586 9.5793e+00
1.6990 -5.6368 -5.7847 0.4068 0.4624 -8.0000 -1.9586 1.1969e+01
1.6990 -5.1641 -6.8657 -0.0673 0.4624 -6.3428 -1.9586 4.9865e+00
1.6990 -5.2743 -5.8180 0.0424 0.4624 -8.0000 -1.9586 8.4039e+00
1.6990 -4.9554 -7.0167 -0.2830 0.4624 -6.1265 -1.9586 6.2120e+00
1.6990 -5.2901 -5.8177 0.0711 0.4624 -8.0000 -1.9586 1.0849e+01
1.6990 -5.1881 -5.8471 0.0059 0.4624 -8.0000 -1.9586 4.3428e+00
1.6990 -5.6055 -5.8270 0.3976 0.4624 -8.0000 -1.9586 9.1495e+00
1.6990 -5.5700 -5.7533 0.3479 0.4624 -8.0000 -1.9586 1.1263e+01
1.6990 -5.6799 -5.8186 0.4458 0.4624 -8.0000 -1.9586 5.5716e+00
1.6990 -5.5087 -5.8425 0.3281 0.4624 -8.0000 -1.9586 1.0840e+01
1.6990 -4.8250 -7.0070 -0.3348 0.4624 -6.0914 -1.9586 6.4215e+00
1.6990 -5.3178 -5.8310 0.1381 0.4624 -8.0000 -1.9586 1.1120e+01
1.6990 -5.4117 -5.8268 0.2030 0.4624 -8.0000 -1.9586 1.3322e+01
1.6990 -5.1182 -5.8837 -0.0632 0.4624 -8.0000 -1.9586 7.7129e+00
1.6990 -5.4501 -5.8474 0.1977 0.4624 -7.9998 -1.9586 3.9989e+00
1.6990 -5.1459 -6.1975 -0.1384 0.4624 -6.5022 -1.9586 6.5882e+00
1.6990 -5.5218 -5.7967 0.2822 0.4624 -8.0000 -1.9586 1.8179e+01
1.6990 -6.1394 -5.7717 0.9499 0.4624 -8.0000 -1.9586 9.0303e+00
1.6990 -5.3080 -5.8401 0.0776 0.4624 -8.0000 -1.9586 1.1238e+01
1.6990 -5.7680 -5.7833 0.5875 0.4624 -8.0000 -1.9586 1.1241e+01
1.6990 -4.8446 -7.4157 -0.4558 0.4624 -5.9167 -1.9586 1.1884e+01
1.6990 -4.7851 -6.8962 -0.4914 0.4624 -5.9517 -1.9586 9.2260e+00
1.6990 -5.3748 -5.8542 0.1634 0.4624 -7.9999 -1.9586 6.4020e+00
1.6990 -5.5159 -5.7989 0.2740 0.4624 -8.0000 -1.9586 1.1080e+01
1.6990 -5.1398 -6.7794 -0.1842 0.4624 -6.2361 -1.9586 8.1335e+00
1.6990 -5.7919 -5.7730 0.5693 0.4624 -8.0000 -1.9586 7.3519e+00
1.6990 -4.0000 -7.1364 -0.5531 0.4624 -5.9239 -1.9586 2.7707e+00
1.6990 -4.5491 -7.3800 -0.4058 0.4624 -6.0028 -1.9586 8.1847e+00
1.6990 -5.2611 -5.8428 0.1312 0.4624 -8.0000 -1.9586 4.5932e+00
1.6990 -5.8546 -5.7618 0.6218 0.4624 -8.0000 -1.9586 1.1036e+01
1.6990 -5.5665 -5.8202 0.3154 0.4624 -8.0000 -1.9586 8.1956e+00
1.6990 -5.8617 -5.7662 0.6356 0.4624 -8.0000 -1.9586 1.4754e+01
1.6990 -5.5536 -5.8191 0.3471 0.4624 -8.0000 -1.9586 1.4856e+01
1.6990 -5.5115 -5.8081 0.3146 0.4624 -8.0000 -1.9586 1.2137e+01
1.6990 -5.2896 -5.8652 0.1282 0.4624 -8.0000 -1.9586 7.5018e+00
1.6990 -5.7013 -5.8017 0.4756 0.4624 -8.0000 -1.9586 1.4830e+01
1.6990 -5.4011 -5.8315 0.1613 0.4624 -8.0000 -1.9586 2.5854e+00
1.6990 -5.4497 -5.8428 0.2273 0.4624 -8.0000 -1.9586 3.0748e+00
1.6990 -5.3796 -5.8170 0.1403 0.4624 -8.0000 -1.9586 1.2040e+01
1.6990 -4.0000 -7.9453 -0.5405 0.4624 -5.8572 -1.9586 6.5548e+00
1.6990 -5.4318 -5.8026 0.2118 0.4624 -8.0000 -1.9586 1.6355e+01
1.6990 -4.7750 -6.7602 -0.4567 0.4624 -6.0135 -1.9586 9.3824e+00
1.6990 -5.6634 -5.8025 0.4642 0.4624 -8.0000 -1.9586 1.5786e+01
1.6990 -4.6049 -7.7038 -0.2910 0.4624 -6.0827 -1.9586 5.7306e+00
1.6990 -4.8794 -6.5014 -0.4004 0.4624 -6.1224 -1.9586 1.0234e+01
1.6990 -4.7456 -7.9313 -0.4801 0.4624 -5.8581 -1.9586 7.1410e+00
1.6990 -5.4876 -5.8301 0.2720 0.4624 -8.0000 -1.9586 3.1881e+00
1.6990 -5.6835 -5.7926 0.4149 0.4624 -8.0000 -1.9586 8.4727e+00
1.6990 -5.6402 -5.7597 0.4337 0.4624 -8.0000 -1.9586 1.6599e+01
1.6990 -5.5081 -5.8456 0.2899 0.4624 -8.0000 -1.9586 5.9119e+00
1.6990 -5.3327 -5.8405 0.1289 0.4624 -8.0000 -1.9586 1.1489e+01
1.6990 -4.1270 -8.0000 -0.5361 0.4624 -5.8493 -1.9586 5.6398e+00
1.6990 -4.5609 -8.0000 -0.6010 0.4624 -5.7508 -1.9586 4.3186e+00
1.6990 -5.4481 -5.8360 0.1983 0.4624 -8.0000 -1.9586 8.5341e+00
1.6990 -5.1502 -5.8738 -0.0613 0.4624 -8.0000 -1.9586 6.4326e+00
1.6990 -5.7484 -5.8009 0.5288 0.4624 -8.0000 -1.9586 1.4460e+01
1.6990 -5.5970 -5.8099 0.3551 0.4624 -8.0000 -1.9586 1.4965e+01
1.6990 -5.4995 -5.7894 0.3155 0.4624 -8.0000 -1.9586 1.0549e+01
1.6990 -4.0000 -7.6836 -0.3927 0.4624 -6.0155 -1.9586 8.7560e+00
1.6990 -5.1978 -5.8786 0.0096 0.4624 -7.9999 -1.9586 8.8694e+00
1.6990 -5.4043 -5.8273 0.1961 0.4624 -8.0000 -1.9586 7.3781e+00
1.6990 -5.6259 -5.8298 0.3966 0.4624 -8.0000 -1.9586 1.0973e+01
1.6990 -5.5441 -5.7931 0.2915 0.4624 -8.0000 -1.9586 9.3963e+00
1.6990 -4.7974 -6.9897 -0.5390 0.4624 -5.8859 -1.9586 5.7329e+00
1.6990 -5.7105 -5.8142 0.5643 0.4624 -8.0000 -1.9586 8.2628e+00
1.6990 -5.3472 -5.8533 0.1469 0.4624 -8.0000 -1.9586 8.3343e+00
1.6990 -5.0757 -6.5852 -0.2167 0.4624 -6.2539 -1.9586 1.2161e+01
1.6990 -4.8193 -7.6647 -0.4082 0.4624 -5.9468 -1.9586 4.4360e+00
1.6990 -4.9360 -6.7912 -0.3535 0.4624 -6.0900 -1.9586 4.2992e+00
1.6990 -5.3990 -6.0163 0.1578 0.4624 -6.9691 -1.9586 8.0184e+00
1.6990 -6.0170 -5.8054 0.7500 0.4624 -8.0000 -1.9586 5.5725e+00
1.6990 -4.9209 -6.8398 -0.3151 0.4624 -6.1241 -1.9586 1.0320e+01
1.6990 -5.6910 -5.8083 0.4408 0.4624 -8.0000 -1.9586 9.7623e+00
1.6990 -5.3699 -5.8420 0.0948 0.4624 -8.0000 -1.9586 2.0360e+00
1.6990 -5.7143 -5.7905 0.4984 0.4624 -8.0000 -1.9586 7.7795e+00
1.6990 -5.3680 -5.8446 0.1452 0.4624 -8.0000 -1.9586 8.3122e+00
1.6990 -5.6777 -5.8032 0.4915 0.4624 -8.0000 -1.9586 9.1953e+00
1.6990 -5.4594 -5.8273 0.2583 0.4624 -8.0000 -1.9586 4.1233e+00
1.6990 -5.4886 -5.8248 0.2596 0.4624 -8.0000 -1.9586 4.8925e+00
1.6990 -4.6329 -8.0000 -0.4860 0.4624 -5.8610 -1.9586 5.8306e+00
1.6990 -5.4339 -5.8530 0.2935 0.4624 -8.0000 -1.9586 4.1517e+00
1.6990 -5.4665 -5.8215 0.2704 0.4624 -8.0000 -1.9586 6.6450e+00
1.6990 -4.0000 -7.3411 -0.4364 0.4624 -6.0168 -1.9586 1.0637e+01
1.6990 -5.5581 -5.8111 0.2897 0.4624 -8.0000 -1.9586 7.7337e+00
1.6990 -5.6376 -5.8300 0.4157 0.4624 -8.0000 -1.9586 9.7440e+00
1.6990 -5.2960 -5.8050 0.0547 0.4624 -8.0000 -1.9586 7.5086e+00
1.6990 -5.4663 -5.8430 0.2367 0.4624 -8.0000 -1.9586 9.6231e+00
1.6990 -5.3164 -5.8581 0.0928 0.4624 -8.0000 -1.9586 8.8486e+00
1.6990 -5.6400 -5.8138 0.3899 0.4624 -8.0000 -1.9586 5.9158e+00
1.6990 -4.5132 -8.0000 -0.3330 0.4624 -6.0234 -1.9586 8.7024e+00
1.6990 -5.4827 -5.8170 0.2706 0.4624 -8.0000 -1.9586 6.8100e+00
1.6990 -5.4166 -5.8043 0.2680 0.4624 -8.0000 -1.9586 1.2764e+01
1.6990 -5.6431 -5.8216 0.4288 0.4624 -8.0000 -1.9586 1.1606e+01
1.6990 -4.3355 -8.0000 -0.8298 0.4624 -5.5392 -1.9586 1.1447e+01
1.6990 -5.7322 -5.7719 0.4922 0.4624 -8.0000 -1.9586 1.1964e+01
1.6990 -4.6059 -8.0000 -0.6012 0.4624 -5.7443 -1.9586 6.0242e+00
1.6990 -4.7161 -7.2798 -0.4825 0.4624 -5.9200 -1.9586 6.5426e+00
1.6990 -5.4261 -5.7916 0.2371 0.4624 -8.0000 -1.9586 9.6178e+00
1.6990 -5.8608 -5.7631 0.6527 0.4624 -8.0000 -1.9586 9.6918e+00
1.6990 -5.1375 -6.2800 -0.1771 0.4624 -6.4024 -1.9586 9.0736e+00
1.6990 -4.8497 -7.0568 -0.3881 0.4624 -6.0267 -1.9586 6.2264e+00
1.6990 -5.7469 -5.7562 0.5572 0.4624 -8.0000 -1.9586 1.5684e+01
1.6990 -5.5705 -5.7877 0.3743 0.4624 -8.0000 -1.9586 1.1052e+01
1.6990 -5.8153 -5.8222 0.5886 0.4624 -8.0000 -1.9586 5.6025e+00
1.6990 -5.5136 -5.8338 0.2833 0.4624 -8.0000 -1.9586 7.5096e+00
1.6990 -5.5085 -5.8126 0.2715 0.4624 -8.0000 -1.9586 1.2607e+01
1.6990 -5.5636 -5.8080 0.2976 0.4624 -8.0000 -1.9586 1.0535e+01
1.6990 -4.8924 -6.8681 -0.2990 0.4624 -6.1402 -1.9586 4.9125e+00
1.6990 -5.5303 -5.8017 0.3404 0.4624 -8.0000 -1.9586 1.3994e+01
1.6990 -4.0000 -7.6333 -0.4058 0.4624 -6.0088 -1.9586 5.3326e+00
1.6990 -5.5425 -5.8239 0.3129 0.4624 -8.0000 -1.9586 8.2367e+00
1.6990 -5.4980 -5.8223 0.2592 0.4624 -8.0000 -1.9586 8.6626e+00
1.6990 -5.4863 -5.8191 0.2254 0.4624 -8.0000 -1.9586 4.6210e+00
1.6990 -5.4490 -5.8382 0.2129 0.4624 -8.0000 -1.9586 8.9309e+00
1.6990 -5.6623 -5.8037 0.4304 0.4624 -8.0000 -1.9586 8.8259e+00
1.6990 -5.6320 -5.8031 0.4225 0.4624 -8.0000 -1.9586 5.8355e+00
1.6990 -5.7643 -5.8218 0.5163 0.4624 -8.0000 -1.9586 6.7294e+00
1.6990 -5.3022 -5.8343 0.0907 0.4624 -8.0000 -1.9586 1.1071e+01
1.6990 -5.7469 -5.7898 0.5055 0.4624 -8.0000 -1.9586 1.0156e+01
1.6990 -5.6999 -5.9154 0.4766 0.4624 -7.4265 -1.9586 5.6726e+00
1.6990 -5.0116 -7.1314 -0.3144 0.4624 -6.0708 -1.9586 5.5703e+00
1.6990 -5.4805 -5.8244 0.2922 0.4624 -8.0000 -1.9586 1.2452e+01
1.6990 -5.6114 -5.8201 0.4330 0.4624 -8.0000 -1.9586 8.1835e+00
1.6990 -4.0000 -7.9166 -0.5271 0.4624 -5.8730 -1.9586 7.2165e+00
1.6990 -5.0250 -6.7128 -0.2578 0.4624 -6.1908 -1.9586 1.1422e+01
1.6990 -5.6750 -5.8315 0.4705 0.4624 -8.0000 -1.9586 5.6467e+00
1.6990 -4.6894 -7.0580 -0.5506 0.4624 -5.8802 -1.9586 3.2591e+00
1.6990 -5.2642 -5.8585 0.0876 0.4624 -8.0000 -1.9586 8.7298e+00
1.6990 -5.4171 -5.8586 0.2794 0.4624 -8.0000 -1.9586 9.1002e+00
1.6990 -5.6106 -5.8146 0.4138 0.4624 -8.0000 -1.9586 1.5898e+01
1.6990 -5.2336 -5.8220 -0.0096 0.4624 -8.0000 -1.9586 9.9103e+00
1.6990 -5.3097 -5.8274 0.1148 0.4624 -8.0000 -1.9586 1.1287e+01
1.6990 -4.8589 -7.2636 -0.3462 0.4624 -6.0447 -1.9586 5.6237e+00
1.6990 -4.6826 -8.0000 -0.3673 0.4624 -5.9759 -1.9586 3.9263e+00
1.6990 -4.8000 -7.5856 -0.2621 0.4624 -6.1061 -1.9586 6.6472e+00
1.6990 -5.3003 -6.3806 -0.0241 0.4624 -6.4780 -1.9586 5.8185e+00
1.6990 -5.7929 -5.8469 0.5392 0.4624 -7.7367 -1.9586 1.2465e+01
1.6990 -4.7978 -6.5849 -0.0805 0.4624 -6.4296 -1.9586 4.1094e+00
1.6990 -5.5761 -5.7878 0.3673 0.4624 -8.0000 -1.9586 1.8516e+01
1.6990 -5.4618 -5.8432 0.2452 0.4624 -8.0000 -1.9586 1.3148e+01
1.6990 -5.6324 -5.8409 0.4347 0.4624 -7.9979 -1.9586 9.4446e+00
1.6990 -5.0575 -7.7430 -0.2726 0.4624 -6.0490 -1.9586 6.3272e+00
1.6990 -5.5654 -5.8343 0.3189 0.4624 -8.0000 -1.9586 1.5883e+01
1.6990 -4.9416 -6.8779 -0.2662 0.4624 -6.1657 -1.9586 4.7395e+00
1.6990 -5.7209 -5.8123 0.5164 0.4624 -8.0000 -1.9586 6.5142e+00
1.6990 -5.5717 -5.7771 0.3744 0.4624 -8.0000 -1.9586 1.5006e+01
1.6990 -5.6622 -5.8087 0.4519 0.4624 -8.0000 -1.9586 9.0805e+00
1.6990 -5.3604 -5.8517 0.1142 0.4624 -8.0000 -1.9586 7.5899e+00
1.6990 -5.1820 -5.8451 0.0302 0.4624 -8.0000 -1.9586 5.1096e+00
1.6990 -5.4068 -5.8395 0.1844 0.4624 -8.0000 -1.9586 7.2208e+00
1.6990 -4.9457 -6.7462 -0.2811 0.4624 -6.1726 -1.9586 1.0376e+01
1.6990 -5.4647 -5.8340 0.2733 0.4624 -8.0000 -1.9586 8.2632e+00
1.6990 -4.7721 -7.2629 -0.5379 0.4624 -5.8570 -1.9586 1.1758e+01
1.6990 -5.8296 -5.8178 0.5914 0.4624 -8.0000 -1.9586 7.3520e+00
1.6990 -5.2060 -5.8554 -0.0174 0.4624 -8.0000 -1.9586 1.2631e+01
1.6990 -4.6807 -7.8435 -0.6080 0.4624 -5.7403 -1.9586 5.9173e+00
1.6990 -5.6647 -5.8043 0.4364 0.4624 -8.0000 -1.9586 7.5740e+00
1.6990 -5.5072 -5.8012 0.2994 0.4624 -8.0000 -1.9586 1.2032e+01
1.6990 -5.5702 -5.7856 0.3373 0.4624 -8.0000 -1.9586 1.1399e+01
1.6990 -4.4221 -8.0000 -0.7240 0.4624 -5.6434 -1.9586 6.2055e+00
1.6990 -5.7961 -5.8002 0.5913 0.4624 -8.0000 -1.9586 1.3500e+01
1.6990 -5.3794 -7.0874 0.0642 0.4624 -6.4196 -1.9586 7.5710e+00
1.6990 -5.5595 -5.7910 0.3069 0.4624 -8.0000 -1.9586 7.7591e+00
1.6990 -5.6107 -5.7898 0.4199 0.4624 -8.0000 -1.9586 1.0419e+01
1.6990 -4.0000 -6.9558 -0.1577 0.4624 -6.3225 -1.9586 5.4456e+00
1.6990 -5.4011 -5.8289 0.1792 0.4624 -8.0000 -1.9586 1.2137e+01
1.6990 -5.1780 -5.8649 -0.0163 0.4624 -8.0000 -1.9586 6.2215e+00
1.6990 -5.6219 -5.8193 0.4451 0.4624 -8.0000 -1.9586 9.9814e+00
1.6990 -4.8712 -7.7043 -0.3541 0.4624 -5.9931 -1.9586 5.1661e+00
1.6990 -5.7160 -5.7672 0.5171 0.4624 -8.0000 -1.9586 1.4044e+01
1.6990 -4.7046 -6.9915 -0.4498 0.4624 -5.9906 -1.9586 5.9415e+00
1.6990 -5.4730 -5.7813 0.2705 0.4624 -8.0000 -1.9586 1.2460e+01
1.6990 -5.7283 -5.8110 0.4820 0.4624 -8.0000 -1.9586 5.6518e+00
1.6990 -5.6574 -5.7995 0.4160 0.4624 -8.0000 -1.9586 9.8071e+00
1.6990 -5.0522 -8.0000 -0.2529 0.4624 -6.0515 -1.9586 4.1439e+00
1.6990 -5.4118 -5.8451 0.1877 0.4624 -7.9999 -1.9586 9.3682e+00
1.6990 -5.5826 -5.8254 0.3527 0.4624 -8.0000 -1.9586 1.0438e+01
1.6990 -5.7008 -5.8237 0.4592 0.4624 -8.0000 -1.9586 3.1211e+00
1.6990 -5.0011 -6.6677 -0.2522 0.4624 -6.2101 -1.9586 8.3843e+00
1.6990 -5.4141 -5.8346 0.1686 0.4624 -8.0000 -1.9586 3.8387e+00
1.6990 -5.4903 -5.7620 0.2540 0.4624 -8.0000 -1.9586 1.3177e+01
1.6990 -5.6196 -5.8204 0.4006 0.4624 -8.0000 -1.9586 8.7847e+00
1.6990 -4.0000 -7.9771 -0.5883 0.4624 -5.8011 -1.9586 5.8088e+00
1.6990 -5.4502 -5.7921 0.2337 0.4624 -8.0000 -1.9586 1.0154e+01
1.6990 -5.1398 -6.5113 -0.1630 0.4624 -6.3189 -1.9586 1.2717e+01
1.6990 -5.5224 -5.8119 0.3088 0.4624 -8.0000 -1.9586 9.1708e+00
1.6990 -5.3870 -5.8550 0.1674 0.4624 -8.0000 -1.9586 8.6689e+00
1.6990 -5.3687 -5.8219 0.1512 0.4624 -8.0000 -1.9586 9.4429e+00
1.6990 -5.3742 -5.7916 0.1315 0.4624 -8.0000 -1.9586 1.0380e+01
1.6990 -4.8657 -7.1864 -0.3750 0.4624 -6.0225 -1.9586 9.1490e+00
1.6990 -4.0821 -8.0000 -0.5935 0.4624 -5.8007 -1.9586 5.6968e+00
1.6990 -5.5549 -5.7629 0.3210 0.4624 -8.0000 -1.9586 1.4263e+01
1.6990 -5.3732 -6.0076 0.0843 0.4624 -6.9104 -1.9586 9.8400e+00
1.6990 -5.5957 -5.8234 0.3637 0.4624 -8.0000 -1.9586 8.1727e+00
1.6990 -5.2533 -5.8360 0.0264 0.4624 -8.0000 -1.9586 9.4826e+00
1.6990 -5.3561 -5.8274 0.0734 0.4624 -8.0000 -1.9586 1.1389e+01
1.6990 -5.5937 -5.8111 0.3459 0.4624 -8.0000 -1.9586 8.5835e+00
1.6990 -5.5924 -5.8374 0.3711 0.4624 -7.9999 -1.9586 7.3176e+00
1.6990 -5.4621 -5.8024 0.2488 0.4624 -8.0000 -1.9586 1.0913e+01
1.6990 -5.6215 -5.7896 0.3947 0.4624 -8.0000 -1.9586 1.1491e+01
1.6990 -5.4355 -5.8318 0.2016 0.4624 -8.0000 -1.9586 1.3356e+01
1.6990 -5.3183 -5.8488 0.1473 0.4624 -7.9999 -1.9586 1.1081e+01
1.6990 -5.5095 -5.8388 0.3057 0.4624 -8.0000 -1.9586 9.0815e+00
1.6990 -5.0407 -7.4684 -0.2681 0.4624 -6.0810 -1.9586 4.8667e+00
1.6990 -5.8323 -5.8169 0.6241 0.4624 -8.0000 -1.9586 1.3448e+01
1.6990 -4.2105 -8.0000 -0.5807 0.4624 -5.7994 -1.9586 5.8136e+00
1.6990 -4.5030 -8.0000 -0.4903 0.4624 -5.8696 -1.9586 5.3303e+00
1.6990 -5.3471 -5.8104 0.1115 0.4624 -8.0000 -1.9586 9.8051e+00
1.6990 -5.4656 -5.7841 0.2746 0.4624 -8.0000 -1.9586 1.2016e+01
1.6990 -5.4068 -5.8395 0.1844 0.4624 -8.0000 -1.9586 7.2208e+00
1.6990 -5.7651 -5.8047 0.5936 0.4624 -8.0000 -1.9586 9.1852e+00
1.6990 -5.2826 -5.8447 0.0874 0.4624 -8.0000 -1.9586 6.4820e+00
1.6990 -5.6100 -5.7951 0.4158 0.4624 -8.0000 -1.9586 1.3624e+01
1.6990 -5.6758 -5.7899 0.4289 0.4624 -8.0000 -1.9586 8.3939e+00
1.6990 -5.5248 -5.8106 0.3055 0.4624 -8.0000 -1.9586 8.0230e+00
1.6990 -4.9709 -6.9319 -0.2642 0.4624 -6.1555 -1.9586 8.1955e+00
1.6990 -5.5008 -5.7959 0.2472 0.4624 -8.0000 -1.9586 1.1373e+01
1.6990 -5.3905 -5.8240 0.1869 0.4624 -8.0000 -1.9586 1.0476e+01
1.6990 -4.9341 -6.5965 -0.3008 0.4624 -6.1879 -1.9586 8.3114e+00
1.6990 -5.4311 -5.8318 0.1937 0.4624 -8.0000 -1.9586 1.4550e+01
1.6990 -5.4841 -5.8051 0.2862 0.4624 -8.0000 -1.9586 8.0817e+00
1.6990 -5.5087 -5.7973 0.2695 0.4624 -8.0000 -1.9586 8.4351e+00
1.6990 -4.0000 -8.0000 -0.5335 0.4624 -5.8550 -1.9586 6.4063e+00
1.6990 -5.7056 -5.8037 0.4440 0.4624 -8.0000 -1.9586 1.0141e+01
1.6990 -5.3948 -5.8074 0.1786 0.4624 -8.0000 -1.9586 1.0437e+01
1.6990 -5.4996 -5.7856 0.2941 0.4624 -8.0000 -1.9586 9.3281e+00
1.6990 -5.3010 -5.8640 0.0828 0.4624 -7.9999 -1.9586 8.0147e+00
1.6990 -5.8310 -5.7927 0.6108 0.4624 -8.0000 -1.9586 9.9805e+00
1.6990 -5.5275 -5.8149 0.2681 0.4624 -8.0000 -1.9586 1.2918e+01
1.6990 -5.5111 -5.7820 0.2935 0.4624 -8.0000 -1.9586 1.0328e+01
1.6990 -5.7919 -5.7965 0.5286 0.4624 -8.0000 -1.9586 8.1432e+00
1.6990 -5.3800 -6.0157 0.2230 0.4624 -7.0570 -1.9586 1.0627e+01
1.6990 -5.6927 -5.7974 0.4452 0.4624 -8.0000 -1.9586 1.3785e+01
1.6990 -4.0000 -7.1623 -0.4328 0.4624 -6.0585 -1.9586 6.4764e+00
1.6990 -5.5309 -5.8136 0.2982 0.4624 -8.0000 -1.9586 8.3442e+00
1.6990 -5.6371 -5.8221 0.4369 0.4624 -8.0000 -1.9586 9.6157e+00
1.6990 -4.0000 -7.8364 -0.5365 0.4624 -5.8637 -1.9586 5.2561e+00
1.6990 -4.0000 -7.5266 -0.6953 0.4624 -5.7496 -1.9586 1.0282e+01
1.6990 -5.0920 -6.6208 -0.2104 0.4624 -6.2487 -1.9586 5.8170e+00
1.6990 -5.4584 -5.7804 0.1883 0.4624 -8.0000 -1.9586 7.5597e+00
1.6990 -5.8004 -5.8112 0.5385 0.4624 -8.0000 -1.9586 5.1822e+00
1.6990 -5.4702 -5.8281 0.1946 0.4624 -8.0000 -1.9586 1.0466e+01
1.6990 -5.4726 -5.8210 0.2603 0.4624 -8.0000 -1.9586 5.6167e+00
1.6990 -5.3161 -5.8175 0.1200 0.4624 -8.0000 -1.9586 9.8796e+00
1.6990 -4.0000 -7.1219 0.0133 0.4624 -6.4686 -1.9586 6.0248e+00
1.6990 -5.2930 -5.8523 0.1264 0.4624 -8.0000 -1.9586 7.3069e+00
1.6990 -5.7642 -5.7962 0.4913 0.4624 -8.0000 -1.9586 3.8215e+00
1.6990 -5.5801 -5.8087 0.3116 0.4624 -8.0000 -1.9586 1.1388e+01
1.6990 -5.1388 -6.1319 -0.1352 0.4624 -6.5736 -1.9586 3.8184e+00
1.6990 -5.7433 -5.7926 0.5115 0.4624 -8.0000 -1.9586 9.1568e+00
1.6990 -5.8207 -5.8157 0.5609 0.4624 -8.0000 -1.9586 5.6587e+00
1.6990 -5.5739 -5.8173 0.3581 0.4624 -8.0000 -1.9586 6.9376e+00
1.6990 -4.0000 -7.5245 -0.6787 0.4624 -5.7632 -1.9586 7.0004e+00
1.6990 -5.4545 -5.7858 0.2210 0.4624 -8.0000 -1.9586 1.0015e+01
1.6990 -4.0016 -7.2535 -0.3946 0.4624 -6.0544 -1.9586 3.7532e+00
1.6990 -5.3231 -5.8251 0.1680 0.4624 -8.0000 -1.9586 1.5038e+01
1.6990 -4.7793 -7.4940 -0.4797 0.4624 -5.8932 -1.9586 5.3451e+00
1.6990 -5.6680 -5.7907 0.4303 0.4624 -8.0000 -1.9586 1.2443e+01
1.6990 -5.2686 -5.8336 0.0585 0.4624 -8.0000 -1.9586 1.1234e+01
1.6990 -5.0807 -6.5643 -0.2177 0.4624 -6.2573 -1.9586 3.7423e+00
1.6990 -5.3084 -5.8595 0.0641 0.4624 -8.0000 -1.9586 8.2885e+00
1.6990 -5.5930 -5.7759 0.3522 0.4624 -8.0000 -1.9586 1.1235e+01
1.6990 -5.2972 -6.5459 -0.0368 0.4624 -6.4122 -1.9586 1.2178e+01
1.6990 -5.5757 -5.8325 0.3291 0.4624 -8.0000 -1.9586 1.3127e+01
1.6990 -5.6279 -5.8171 0.4419 0.4624 -8.0000 -1.9586 8.0595e+00
1.6990 -5.6323 -5.8254 0.3854 0.4624 -8.0000 -1.9586 1.2373e+01
1.6990 -5.5199 -5.7993 0.2953 0.4624 -8.0000 -1.9586 1.1851e+01
1.6990 -5.5226 -5.8308 0.2982 0.4624 -8.0000 -1.9586 1.0344e+01
1.6990 -5.6363 -5.7976 0.4031 0.4624 -8.0000 -1.9586 9.7338e+00
1.6990 -5.3524 -5.7872 0.1789 0.4624 -8.0000 -1.9586 1.6292e+01
1.6990 -4.9533 -7.0039 -0.3227 0.4624 -6.0869 -1.9586 7.0285e+00
1.6990 -5.3294 -5.8204 0.1060 0.4624 -8.0000 -1.9586 5.5778e+00
1.6990 -4.0000 -7.1126 -0.4184 0.4624 -6.0827 -1.9586 6.3634e+00
1.6990 -5.3316 -5.8245 0.1401 0.4624 -8.0000 -1.9586 6.0454e+00
1.6990 -5.3935 -5.9296 0.1373 0.4624 -7.1942 -1.9586 1.0948e+01
1.6990 -5.3807 -5.8112 0.1427 0.4624 -8.0000 -1.9586 6.7342e+00
1.6990 -5.9074 -5.7982 0.6774 0.4624 -8.0000 -1.9586 1.0663e+01
1.6990 -5.6226 -5.8334 0.3814 0.4624 -8.0000 -1.9586 1.0838e+01
1.6990 -5.4792 -5.8206 0.2336 0.4624 -8.0000 -1.9586 1.0079e+01
1.6990 -5.4720 -5.7843 0.2562 0.4624 -8.0000 -1.9586 1.0594e+01
1.6990 -5.3810 -5.7980 0.1485 0.4624 -8.0000 -1.9586 7.3075e+00
1.6990 -5.3390 -5.7950 0.1212 0.4624 -8.0000 -1.9586 1.2625e+01
1.6990 -4.9234 -7.6331 -0.3478 0.4624 -5.9989 -1.9586 6.1165e+00
1.6990 -5.8760 -5.7992 0.6394 0.4624 -8.0000 -1.9586 5.5479e+00
1.6990 -5.1151 -6.9149 -0.1452 0.4624 -6.2611 -1.9586 1.1894e+01
1.6990 -5.7086 -5.7597 0.5199 0.4624 -8.0000 -1.9586 1.2850e+01
1.6990 -4.9425 -6.8514 -0.3645 0.4624 -6.0670 -1.9586 7.9228e+00
1.6990 -5.0974 -5.8669 -0.1608 0.4624 -8.0000 -1.9586 4.5660e+00
1.6990 -5.8549 -5.7695 0.6471 0.4624 -8.0000 -1.9586 1.4115e+01
1.6990 -5.3236 -6.5183 -0.0081 0.4624 -6.4450 -1.9586 1.0799e+01
1.6990 -5.4163 -5.8325 0.1924 0.4624 -8.0000 -1.9586 9.4364e+00
1.6990 -5.5800 -5.7852 0.3502 0.4624 -8.0000 -1.9586 9.0918e+00
1.6990 -5.6540 -5.8102 0.3956 0.4624 -8.0000 -1.9586 4.5651e+00
1.6990 -5.6525 -5.7837 0.4279 0.4624 -8.0000 -1.9586 7.1802e+00
1.6990 -5.3726 -5.7981 0.1474 0.4624 -8.0000 -1.9586 1.3558e+01
1.6990 -4.7622 -6.5196 -0.5223 0.4624 -6.0110 -1.9586 2.6861e+00
1.6990 -5.6525 -5.8079 0.4349 0.4624 -8.0000 -1.9586 7.4154e+00
1.6990 -4.8861 -6.8945 -0.2746 0.4624 -6.1618 -1.9586 9.2241e+00
1.6990 -5.1566 -6.0281 -0.0942 0.4624 -6.7798 -1.9586 8.6769e+00
1.6990 -5.3969 -5.8416 0.1385 0.4624 -8.0000 -1.9586 1.0220e+01
1.6990 -5.5014 -5.8462 0.3207 0.4624 -8.0000 -1.9586 1.2634e+01
1.6990 -4.0000 -8.0000 -0.7260 0.4624 -5.6740 -1.9586 3.8843e+00
1.6990 -5.2933 -6.1220 0.0231 0.4624 -6.7049 -1.9586 7.7518e+00
1.6990 -4.5366 -8.0000 -0.5249 0.4624 -5.8313 -1.9586 6.4486e+00
1.6990 -5.4897 -5.8183 0.2580 0.4624 -8.0000 -1.9586 7.5594e+00
1.6990 -5.7651 -5.8047 0.5936 0.4624 -8.0000 -1.9586 9.1852e+00
1.6990 -5.8117 -5.7961 0.6092 0.4624 -8.0000 -1.9586 8.0028e+00
1.6990 -4.2090 -8.0000 -0.7835 0.4624 -5.6070 -1.9586 6.0240e+00
1.6990 -5.5390 -5.8077 0.3133 0.4624 -8.0000 -1.9586 8.0084e+00
1.6990 -5.7208 -5.8161 0.4662 0.4624 -8.0000 -1.9586 1.1444e+01
1.6990 -4.0000 -7.3516 -0.2904 0.4624 -6.1452 -1.9586 5.6274e+00
1.6990 -5.3293 -6.3354 0.0713 0.4624 -6.5952 -1.9586 1.2229e+01
1.6990 -5.8487 -5.7915 0.6284 0.4624 -8.0000 -1.9586 8.8285e+00
1.6990 -5.3255 -5.7855 0.0590 0.4624 -8.0000 -1.9586 1.1736e+01
1.6990 -5.3817 -5.8426 0.1558 0.4624 -8.0000 -1.9586 1.0853e+01
1.6990 -5.5849 -5.8305 0.3346 0.4624 -8.0000 -1.9586 1.1079e+01
1.6990 -4.7857 -7.4938 -0.4489 0.4624 -5.9245 -1.9586 8.0168e+00
1.6990 -5.4902 -5.8160 0.3472 0.4624 -8.0000 -1.9586 1.2854e+01
1.6990 -5.2524 -5.8322 0.0364 0.4624 -8.0000 -1.9586 1.0820e+01
1.6990 -5.7515 -5.8032 0.5188 0.4624 -8.0000 -1.9586 9.9082e+00
1.6990 -4.0000 -7.8130 -0.5005 0.4624 -5.8988 -1.9586 5.7198e+00
1.6990 -5.4728 -5.8221 0.2024 0.4624 -8.0000 -1.9586 1.0768e+01
1.6990 -4.8428 -6.8312 -0.4472 0.4624 -5.9997 -1.9586 1.0144e+01
1.6990 -5.6226 -5.8379 0.4556 0.4624 -8.0000 -1.9586 8.9647e+00
1.6990 -5.6661 -6.0441 0.4253 0.4624 -7.1127 -1.9586 1.1701e+01
1.6990 -5.5861 -5.8234 0.4118 0.4624 -8.0000 -1.9586 9.4562e+00
1.6990 -5.7346 -5.7725 0.5207 0.4624 -8.0000 -1.9586 1.1137e+01
1.6990 -5.4344 -6.5332 0.1244 0.4624 -6.5619 -1.9586 5.6951e+00
1.6990 -4.0000 -7.7148 -0.4931 0.4624 -5.9150 -1.9586 5.5534e+00
1.6990 -6.0236 -5.8069 0.8296 0.4624 -8.0000 -1.9586 1.1028e+01
1.6990 -5.3981 -5.8348 0.2143 0.4624 -8.0000 -1.9586 1.2442e+01
1.6990 -5.5908 -5.8122 0.4187 0.4624 -8.0000 -1.9586 1.3901e+01
1.6990 -5.6560 -5.9804 0.3637 0.4624 -7.1407 -1.9586 3.9427e+00
1.6990 -5.5585 -5.8448 0.3656 0.4624 -8.0000 -1.9586 1.5147e+01
1.6990 -5.5354 -5.7888 0.2823 0.4624 -8.0000 -1.9586 1.1258e+01
1.6990 -5.8595 -5.8121 0.6339 0.4624 -8.0000 -1.9586 4.8855e+00
1.6990 -5.6179 -5.8069 0.3869 0.4624 -8.0000 -1.9586 1.4200e+01
1.6990 -5.7440 -5.7657 0.5157 0.4624 -8.0000 -1.9586 1.8409e+01
1.6990 -5.8863 -5.7466 0.6822 0.4624 -8.0000 -1.9586 1.1265e+01
1.6990 -5.3950 -5.8009 0.2232 0.4624 -8.0000 -1.9586 1.4181e+01
1.6990 -5.3870 -5.7878 0.2497 0.4624 -8.0000 -1.9586 1.1735e+01
1.6990 -5.6646 -6.0025 0.3985 0.4624 -7.1418 -1.9586 4.4202e+00
1.6990 -4.9066 -6.6272 -0.3205 0.4624 -6.1640 -1.9586 8.3303e+00
1.6990 -5.4938 -5.8197 0.2892 0.4624 -8.0000 -1.9586 8.9896e+00
1.6990 -5.4245 -5.8095 0.1908 0.4624 -8.0000 -1.9586 1.0834e+01
1.6990 -5.4601 -5.7833 0.2310 0.4624 -8.0000 -1.9586 7.9480e+00
1.6990 -5.2927 -5.8302 0.0806 0.4624 -8.0000 -1.9586 1.2174e+01
1.6990 -4.0000 -7.5984 -0.3250 0.4624 -6.0983 -1.9586 5.5533e+00
1.6990 -5.4855 -5.8028 0.2541 0.4624 -8.0000 -1.9586 1.8528e+01
1.6990 -5.6127 -5.8340 0.3815 0.4624 -8.0000 -1.9586 1.1095e+01
1.6990 -5.2604 -5.8407 0.0318 0.4624 -8.0000 -1.9586 6.0645e+00
1.6990 -5.4078 -5.7955 0.1935 0.4624 -8.0000 -1.9586 1.2717e+01
1.6990 -5.8679 -5.7714 0.6624 0.4624 -8.0000 -1.9586 1.0256e+01
1.6990 -5.6376 -5.7734 0.4707 0.4624 -8.0000 -1.9586 1.0624e+01
1.6990 -5.2671 -5.8330 0.0546 0.4624 -8.0000 -1.9586 4.6422e+00
1.6990 -5.6532 -5.7967 0.4769 0.4624 -8.0000 -1.9586 1.2603e+01
1.6990 -4.9110 -7.3216 -0.4020 0.4624 -5.9731 -1.9586 4.5530e+00
1.6990 -5.9467 -5.7221 0.7433 0.4624 -8.0000 -1.9586 1.5522e+01
1.6990 -4.0002 -7.4965 -0.2193 0.4624 -6.1968 -1.9586 8.0796e+00
1.6990 -5.6991 -5.8217 0.5137 0.4624 -8.0000 -1.9586 1.0148e+01
1.6990 -5.2054 -6.3627 -0.0867 0.4624 -6.4407 -1.9586 6.7529e+00
1.6990 -4.6246 -6.4735 0.0480 0.4624 -6.6163 -1.9586 7.7936e+00
1.6990 -5.6071 -5.8334 0.3724 0.4624 -8.0000 -1.9586 5.2285e+00
1.6990 -4.0000 -6.7661 -0.3042 0.4624 -6.2166 -1.9586 8.2163e+00
1.6990 -4.8728 -7.1976 -0.2347 0.4624 -6.1648 -1.9586 7.5423e+00
1.6990 -4.7369 -7.0094 -0.5267 0.4624 -5.9050 -1.9586 5.6182e+00
1.6990 -5.5869 -5.8282 0.3741 0.4624 -8.0000 -1.9586 1.1133e+01
1.6990 -5.5442 -5.8242 0.3478 0.4624 -8.0000 -1.9586 1.1115e+01
1.6990 -5.4729 -6.0343 0.1760 0.4624 -6.9185 -1.9586 9.4825e+00
1.6990 -4.0001 -7.0714 -0.3210 0.4624 -6.1472 -1.9586 1.0150e+01
1.6990 -5.6141 -5.7956 0.3587 0.4624 -8.0000 -1.9586 1.1827e+01
1.6990 -4.7750 -6.6344 -0.3792 0.4624 -6.1216 -1.9586 1.0210e+01
1.6990 -5.7967 -5.8269 0.5801 0.4624 -8.0000 -1.9586 1.2214e+01
1.6990 -5.6294 -5.8322 0.4018 0.4624 -8.0000 -1.9586 5.4984e+00
1.6990 -5.5175 -5.8269 0.3008 0.4624 -8.0000 -1.9586 1.3461e+01
1.6990 -4.4922 -8.0000 -0.5560 0.4624 -5.8109 -1.9586 6.9303e+00
1.6990 -5.6202 -5.7797 0.4509 0.4624 -8.0000 -1.9586 1.1469e+01
1.6990 -5.7062 -5.8098 0.4970 0.4624 -8.0000 -1.9586 6.6589e+00
1.6990 -4.7217 -7.8923 -0.4582 0.4624 -5.8870 -1.9586 7.1038e+00
1.6990 -5.0704 -6.3471 -0.2184 0.4624 -6.3383 -1.9586 6.3964e+00
1.6990 -5.5131 -5.8463 0.3588 0.4624 -7.9999 -1.9586 1.3891e+01
1.6990 -5.7304 -5.8123 0.4905 0.4624 -8.0000 -1.9586 5.9279e+00
1.6990 -5.4397 -5.8196 0.2085 0.4624 -8.0000 -1.9586 1.1201e+01
1.6990 -5.7575 -5.7681 0.5043 0.4624 -8.0000 -1.9586 1.1431e+01
1.6990 -4.0000 -7.8974 -0.4444 0.4624 -5.9488 -1.9586 8.1378e+00
1.6990 -4.9315 -7.5951 -0.3798 0.4624 -5.9672 -1.9586 7.7864e+00
1.6990 -5.2774 -6.4316 -0.0109 0.4624 -6.4792 -1.9586 8.4151e+00
1.6990 -4.5786 -7.6662 -0.5723 0.4624 -5.8052 -1.9586 6.1462e+00
1.6990 -5.6781 -5.8292 0.4739 0.4624 -8.0000 -1.9586 1.2219e+01
1.6990 -5.8853 -5.8030 0.6441 0.4624 -8.0000 -1.9586 9.4064e+00
1.6990 -4.7262 -7.6294 -0.5307 0.4624 -5.8343 -1.9586 7.8067e+00
1.6990 -5.0311 -6.4969 -0.1908 0.4624 -6.3154 -1.9586 5.8733e+00
1.6990 -4.0000 -7.1156 -0.5731 0.4624 -5.9144 -1.9586 9.1093e+00
1.6990 -4.0000 -7.5482 -0.2245 0.4624 -6.1872 -1.9586 6.3571e+00
1.6990 -5.7075 -5.8141 0.5032 0.4624 -8.0000 -1.9586 1.2380e+01
1.6990 -5.4732 -5.8394 0.2634 0.4624 -8.0000 -1.9586 1.0752e+01
1.6990 -5.5143 -5.7628 0.3081 0.4624 -8.0000 -1.9586 1.2762e+01
1.6990 -5.2351 -5.8621 0.0015 0.4624 -8.0000 -1.9586 7.6893e+00
1.6990 -5.6052 -5.8120 0.5109 0.4624 -8.0000 -1.9586 8.5407e+00
1.6990 -5.6293 -5.7807 0.4045 0.4624 -8.0000 -1.9586 1.0167e+01
1.6990 -5.6471 -5.7911 0.3779 0.4624 -8.0000 -1.9586 8.5911e+00
1.6990 -4.8347 -7.1358 -0.4602 0.4624 -5.9439 -1.9586 9.3133e+00
1.6990 -5.1551 -5.8389 -0.0387 0.4624 -8.0000 -1.9586 7.6123e+00
1.6990 -5.5487 -5.8240 0.2883 0.4624 -8.0000 -1.9586 1.5316e+01
1.6990 -5.5845 -5.8236 0.3339 0.4624 -8.0000 -1.9586 8.8563e+00
1.6990 -4.0000 -7.4295 -0.3032 0.4624 -6.1255 -1.9586 6.9502e+00
1.6990 -4.3994 -7.5065 -0.4056 0.4624 -6.0004 -1.9586 1.2156e+01
1.6990 -6.2743 -7.9999 0.8765 0.4624 -6.2871 -1.9586 7.9274e+00
1.6990 -4.8343 -6.8497 -0.4278 0.4624 -6.0181 -1.9586 9.3701e+00
1.6990 -5.1647 -6.5561 -0.1147 0.4624 -6.3532 -1.9586 6.1650e+00
1.6990 -5.6118 -5.7778 0.3775 0.4624 -8.0000 -1.9586 1.1984e+01
1.6990 -5.7478 -5.7915 0.5361 0.4624 -8.0000 -1.9586 1.4327e+01
1.6990 -5.9065 -5.8045 0.7167 0.4624 -8.0000 -1.9586 1.1761e+01
1.6990 -5.2636 -5.8489 0.0532 0.4624 -8.0000 -1.9586 1.1790e+01
1.6990 -5.5430 -5.8326 0.3233 0.4624 -8.0000 -1.9586 1.7392e+01
1.6990 -5.6311 -5.8077 0.4013 0.4624 -8.0000 -1.9586 1.0746e+01
1.6990 -5.7824 -5.7907 0.5805 0.4624 -8.0000 -1.9586 1.3672e+01
1.6990 -5.2585 -5.8515 -0.0089 0.4624 -8.0000 -1.9586 1.4286e+01
1.6990 -4.0000 -7.1745 -0.2153 0.4624 -6.2404 -1.9586 1.1528e+01
1.6990 -5.7582 -5.8078 0.5744 0.4624 -8.0000 -1.9586 7.2374e+00
1.6990 -5.4580 -5.8471 0.2279 0.4624 -8.0000 -1.9586 5.5956e+00
1.6990 -4.7284 -6.7158 -0.5617 0.4624 -5.9216 -1.9586 4.8594e+00
1.6990 -5.3702 -5.8162 0.1338 0.4624 -8.0000 -1.9586 1.0955e+01
1.6990 -4.0000 -7.8449 -0.7097 0.4624 -5.6975 -1.9586 9.2861e+00
1.6990 -5.3063 -6.1237 0.0601 0.4624 -6.7401 -1.9586 8.8288e+00
1.6990 -5.2768 -5.8577 0.0764 0.4624 -8.0000 -1.9586 1.4661e+01
1.6990 -5.0701 -6.8469 -0.1524 0.4624 -6.2705 -1.9586 1.0660e+01
1.6990 -5.1129 -7.1620 -0.2055 0.4624 -6.1669 -1.9586 6.0486e+00
1.6990 -5.6501 -5.8120 0.4514 0.4624 -8.0000 -1.9586 9.0451e+00
1.6990 -4.0000 -7.3629 -0.5153 0.4624 -5.9306 -1.9586 4.4610e+00
1.6990 -5.7867 -5.7796 0.5766 0.4624 -8.0000 -1.9586 1.2673e+01
1.6990 -5.4505 -5.8366 0.2089 0.4624 -8.0000 -1.9586 3.4652e+00
1.6990 -4.0000 -7.4420 -0.2206 0.4624 -6.2014 -1.9586 3.1590e+00
1.6990 -5.5822 -5.8395 0.3608 0.4624 -8.0000 -1.9586 9.0414e+00
1.6990 -4.6901 -7.8659 -0.4538 0.4624 -5.8971 -1.9586 8.8965e+00
1.6990 -5.5946 -5.7992 0.3592 0.4624 -8.0000 -1.9586 6.6750e+00
1.6990 -5.5410 -5.8110 0.3166 0.4624 -8.0000 -1.9586 1.2210e+01
1.6990 -4.0000 -7.7359 -0.7488 0.4624 -5.6722 -1.9586 3.3189e+00
1.6990 -5.5037 -5.7913 0.2704 0.4624 -8.0000 -1.9586 1.7003e+01
1.6990 -4.0000 -7.9889 -0.6222 0.4624 -5.7712 -1.9586 6.2070e+00
1.6990 -5.6051 -5.8301 0.3847 0.4624 -8.0000 -1.9586 8.5330e+00
1.6990 -5.5061 -5.7780 0.2761 0.4624 -8.0000 -1.9586 1.5927e+01
1.6990 -4.0000 -7.9939 -0.4344 0.4624 -5.9504 -1.9586 1.1024e+01
1.6990 -5.6930 -5.7964 0.4335 0.4624 -8.0000 -1.9586 7.8782e+00
1.6990 -5.1059 -7.1998 -0.1613 0.4624 -6.2110 -1.9586 4.4839e+00
1.6990 -5.2717 -6.0859 0.0183 0.4624 -6.7529 -1.9586 1.0385e+01
1.6990 -5.5935 -5.8060 0.3342 0.4624 -8.0000 -1.9586 1.0543e+01
1.6990 -5.1097 -6.7482 -0.1657 0.4624 -6.2669 -1.9586 4.7627e+00
1.6990 -4.0000 -7.7286 -0.5165 0.4624 -5.8947 -1.9586 5.9195e+00
1.6990 -5.3753 -5.8595 0.1805 0.4624 -8.0000 -1.9586 7.0899e+00
1.6990 -4.0000 -7.4140 -0.4564 0.4624 -5.9834 -1.9586 5.3874e+00
1.6990 -5.2170 -5.8491 -0.0170 0.4624 -8.0000 -1.9586 5.7197e+00
1.6990 -5.4716 -5.8104 0.2134 0.4624 -8.0000 -1.9586 1.3947e+01
1.6990 -5.3028 -6.8485 0.0274 0.4624 -6.4231 -1.9586 8.2739e+00
1.6990 -5.6971 -5.8197 0.4981 0.4624 -8.0000 -1.9586 1.6438e+01
1.6990 -4.3709 -8.0000 -0.6595 0.4624 -5.7160 -1.9586 4.6055e+00
1.6990 -5.4969 -5.8011 0.2669 0.4624 -8.0000 -1.9586 1.2013e+01
1.6990 -5.4954 -5.8154 0.3517 0.4624 -8.0000 -1.9586 1.1558e+01
1.6990 -5.6483 -5.8132 0.3610 0.4624 -8.0000 -1.9586 5.1967e+00
1.6990 -4.0000 -7.6478 -0.3922 0.4624 -6.0176 -1.9586 4.6540e+00
1.6990 -5.0629 -6.5125 -0.2006 0.4624 -6.2941 -1.9586 5.6701e+00
1.6990 -5.5122 -5.8206 0.3442 0.4624 -8.0000 -1.9586 9.3723e+00
1.6990 -5.8025 -5.7770 0.5561 0.4624 -8.0000 -1.9586 1.3746e+01
1.6990 -5.2307 -5.8708 0.0169 0.4624 -8.0000 -1.9586 4.0107e+00
1.6990 -5.4050 -5.8201 0.2059 0.4624 -8.0000 -1.9586 1.0394e+01
1.6990 -5.6046 -5.8181 0.3547 0.4624 -8.0000 -1.9586 4.4697e+00
1.6990 -4.2572 -8.0000 -0.7790 0.4624 -5.6088 -1.9586 5.4151e+00
1.6990 -4.0000 -8.0000 -0.6280 0.4624 -5.7662 -1.9586 4.8465e+00
1.6990 -4.7597 -7.6620 -0.4831 0.4624 -5.8766 -1.9586 4.5065e+00
1.6990 -4.6991 -6.8352 -0.5443 0.4624 -5.9201 -1.9586 9.5667e+00
1.6990 -5.3866 -5.8130 0.2869 0.4624 -8.0000 -1.9586 1.0202e+01
1.6990 -5.5944 -5.7864 0.3912 0.4624 -8.0000 -1.9586 1.0238e+01
1.6990 -5.6320 -5.8296 0.3785 0.4624 -8.0000 -1.9586 8.9732e+00
1.6990 -5.4873 -5.7820 0.2690 0.4624 -8.0000 -1.9586 1.1654e+01
1.6990 -5.3721 -5.8282 0.1394 0.4624 -8.0000 -1.9586 1.1499e+01
1.6990 -4.0981 -7.4185 -0.4116 0.4624 -6.0171 -1.9586 1.1910e+01
1.6990 -5.2177 -6.5429 0.0286 0.4624 -6.4990 -1.9586 6.0988e+00
1.6990 -5.7166 -5.7969 0.4810 0.4624 -8.0000 -1.9586 9.1484e+00
1.6990 -5.5101 -5.8170 0.2396 0.4624 -8.0000 -1.9586 6.7937e+00
1.6990 -5.4117 -5.8169 0.1449 0.4624 -8.0000 -1.9586 1.2606e+01
1.6990 -5.5799 -5.8279 0.3476 0.4624 -8.0000 -1.9586 8.5315e+00
1.6990 -5.1121 -5.8364 -0.0830 0.4624 -8.0000 -1.9586 1.1868e+01
1.6990 -5.6623 -5.7899 0.4071 0.4624 -8.0000 -1.9586 1.3698e+01
1.6990 -5.5784 -6.1299 0.3322 0.4624 -6.9456 -1.9586 6.5321e+00
1.6990 -4.0000 -7.0908 -0.2169 0.4624 -6.2536 -1.9586 6.7294e+00
1.6990 -5.2392 -5.8665 -0.0052 0.4624 -8.0000 -1.9586 8.3128e+00
1.6990 -5.5801 -5.8400 0.3650 0.4624 -8.0000 -1.9586 7.5693e+00
1.6990 -5.6675 -5.8085 0.4472 0.4624 -8.0000 -1.9586 8.7669e+00
1.6990 -5.1846 -6.4379 -0.1385 0.4624 -6.3592 -1.9586 6.4935e+00
1.6990 -5.6262 -5.8299 0.3973 0.4624 -8.0000 -1.9586 1.0954e+01
1.6990 -5.4710 -5.8315 0.2336 0.4624 -8.0000 -1.9586 8.6484e+00
1.6990 -5.7161 -5.7659 0.5233 0.4624 -8.0000 -1.9586 1.3879e+01
1.6990 -4.0000 -7.1623 -0.4328 0.4624 -6.0585 -1.9586 6.4764e+00
1.6990 -5.7305 -5.8081 0.4971 0.4624 -8.0000 -1.9586 1.0288e+01
1.6990 -5.6549 -5.8081 0.4241 0.4624 -8.0000 -1.9586 1.2864e+01
1.6990 -4.6051 -8.0000 -0.5319 0.4624 -5.8157 -1.9586 5.9306e+00
1.6990 -5.3440 -5.8608 0.1481 0.4624 -7.9999 -1.9586 9.8605e+00
1.6990 -5.5988 -5.7883 0.3807 0.4624 -8.0000 -1.9586 1.0636e+01
1.6990 -5.5711 -5.8117 0.3567 0.4624 -8.0000 -1.9586 7.0410e+00
1.6990 -4.4019 -8.0000 -0.6283 0.4624 -5.7423 -1.9586 7.1038e+00
1.6990 -5.4274 -5.8212 0.2544 0.4624 -8.0000 -1.9586 1.1524e+01
1.6990 -5.4577 -5.8021 0.1929 0.4624 -8.0000 -1.9586 1.3585e+01
1.6990 -5.5643 -5.8249 0.3354 0.4624 -8.0000 -1.9586 1.0352e+01
1.6990 -5.5559 -5.8499 0.3942 0.4624 -8.0000 -1.9586 1.6023e+01
1.6990 -4.9221 -6.7522 -0.3562 0.4624 -6.0968 -1.9586 1.1801e+01
1.6990 -5.4388 -6.0251 0.1650 0.4624 -6.9394 -1.9586 9.5372e+00
1.6990 -5.0465 -6.3675 0.0251 0.4624 -6.5857 -1.9586 5.9054e+00
1.6990 -5.8124 -5.8050 0.5638 0.4624 -8.0000 -1.9586 1.1053e+01
1.6990 -5.7605 -5.7870 0.5020 0.4624 -8.0000 -1.9586 1.3790e+01
1.6990 -5.3080 -6.3977 0.0191 0.4624 -6.5172 -1.9586 4.5565e+00
1.6990 -5.7219 -5.8048 0.4718 0.4624 -8.0000 -1.9586 9.9620e+00
1.6990 -5.5481 -5.8382 0.3505 0.4624 -8.0000 -1.9586 1.1839e+01
1.6990 -5.2034 -6.5876 -0.0825 0.4624 -6.3721 -1.9586 1.0477e+01
1.6990 -5.4548 -5.8395 0.2739 0.4624 -8.0000 -1.9586 9.7980e+00
1.6990 -5.2444 -5.8744 0.0799 0.4624 -8.0000 -1.9586 8.8593e+00
1.6990 -4.8341 -6.8462 -0.3959 0.4624 -6.0518 -1.9586 5.3389e+00
1.6990 -5.6207 -5.8263 0.3594 0.4624 -8.0000 -1.9586 9.9443e+00
1.6990 -5.3382 -5.8050 0.1509 0.4624 -8.0000 -1.9586 9.5198e+00
1.6990 -5.1007 -5.8467 -0.1177 0.4624 -8.0000 -1.9586 7.5790e+00
1.6990 -5.7785 -5.8173 0.5648 0.4624 -8.0000 -1.9586 9.8600e+00
1.6990 -5.4688 -5.8412 0.2454 0.4624 -8.0000 -1.9586 1.4067e+01
1.6990 -4.0000 -7.6323 -0.5647 0.4624 -5.8541 -1.9586 6.3326e+00
1.6990 -5.5304 -5.8211 0.3229 0.4624 -8.0000 -1.9586 1.0147e+01
1.6990 -5.5470 -5.8343 0.3067 0.4624 -8.0000 -1.9586 9.9737e+00
1.6990 -5.4054 -5.8079 0.1977 0.4624 -8.0000 -1.9586 1.5903e+01
1.6990 -4.5611 -8.0000 -0.3656 0.4624 -5.9942 -1.9586 7.4456e+00
1.6990 -4.0000 -7.5868 -0.3277 0.4624 -6.0876 -1.9586 7.2444e+00
1.6990 -5.6442 -5.7944 0.4007 0.4624 -8.0000 -1.9586 8.1473e+00
1.6990 -5.4827 -5.8170 0.2706 0.4624 -8.0000 -1.9586 6.8100e+00
1.6990 -5.0589 -5.8377 -0.1686 0.4624 -8.0000 -1.9586 1.1909e+01
1.6990 -5.3084 -5.8269 0.0878 0.4624 -8.0000 -1.9586 9.2855e+00
1.6990 -5.4023 -5.7929 0.1558 0.4624 -8.0000 -1.9586 1.3221e+01
1.6990 -5.4897 -5.7940 0.2640 0.4624 -8.0000 -1.9586 1.1194e+01
1.6990 -4.0000 -7.1383 -0.3304 0.4624 -6.1317 -1.9586 5.3846e+00
1.6990 -5.1711 -7.3463 -0.1058 0.4624 -6.2452 -1.9586 7.0730e+00
1.6990 -5.7196 -5.8088 0.4845 0.4624 -8.0000 -1.9586 1.0498e+01
1.6990 -5.3624 -5.8235 0.0941 0.4624 -8.0000 -1.9586 1.2636e+01
1.6990 -5.4254 -5.8157 0.2304 0.4624 -8.0000 -1.9586 1.0506e+01
1.6990 -5.5539 -5.7876 0.3211 0.4624 -8.0000 -1.9586 9.2021e+00
1.6990 -5.7140 -5.7793 0.4865 0.4624 -8.0000 -1.9586 6.5781e+00
1.6990 -5.0103 -6.3453 -0.3057 0.4624 -6.2598 -1.9586 1.1454e+01
1.6990 -4.7256 -7.4766 -0.5463 0.4624 -5.8326 -1.9586 6.8310e+00
1.6990 -4.2818 -7.3409 -0.4780 0.4624 -5.9531 -1.9586 5.1722e+00
1.6990 -5.5824 -5.7986 0.3789 0.4624 -8.0000 -1.9586 1.3380e+01
1.6990 -5.1820 -5.8451 0.0302 0.4624 -8.0000 -1.9586 5.1096e+00
1.6990 -5.5288 -5.8207 0.2569 0.4624 -8.0000 -1.9586 9.8374e+00
1.6990 -5.7446 -5.8057 0.5096 0.4624 -8.0000 -1.9586 5.2167e+00
1.6990 -5.1969 -5.8054 0.0013 0.4624 -8.0000 -1.9586 9.8879e+00
1.6990 -4.2194 -8.0000 -0.6405 0.4624 -5.7421 -1.9586 5.6162e+00
1.6990 -4.6531 -7.4127 -0.5420 0.4624 -5.8524 -1.9586 3.1528e+00
1.6990 -5.7403 -5.7349 0.5159 0.4624 -8.0000 -1.9586 1.1670e+01
1.6990 -4.0000 -7.5447 -0.6318 0.4624 -5.7974 -1.9586 9.0417e+00
1.6990 -4.0000 -7.9670 -0.6141 0.4624 -5.7774 -1.9586 5.0878e+00
1.6990 -5.6895 -5.7876 0.4866 0.4624 -8.0000 -1.9586 1.0882e+01
1.6990 -4.8052 -7.2333 -0.4507 0.4624 -5.9467 -1.9586 4.5019e+00
1.6990 -5.9204 -5.8020 0.6758 0.4624 -8.0000 -1.9586 1.0366e+01
1.6990 -5.4992 -5.8012 0.3050 0.4624 -8.0000 -1.9586 1.1532e+01
1.6990 -4.0000 -7.8109 -0.4487 0.4624 -5.9504 -1.9586 1.2279e+01
1.6990 -5.6274 -5.8061 0.4002 0.4624 -8.0000 -1.9586 1.0991e+01
1.6990 -5.7449 -5.8202 0.5065 0.4624 -8.0000 -1.9586 9.8881e+00
1.6990 -5.7204 -5.8237 0.4731 0.4624 -7.9999 -1.9586 6.0702e+00
1.6990 -5.3520 -5.8324 0.2148 0.4624 -8.0000 -1.9586 1.6539e+01
1.6990 -5.2369 -5.8695 0.0800 0.4624 -8.0000 -1.9586 6.4040e+00
1.6990 -4.3668 -8.0000 -0.5513 0.4624 -5.8252 -1.9586 5.2417e+00
1.6990 -5.7569 -5.8095 0.5406 0.4624 -8.0000 -1.9586 1.0064e+01
1.6990 -5.8670 -5.7955 0.6351 0.4624 -8.0000 -1.9586 1.2463e+01
1.6990 -4.9911 -6.5393 -0.1966 0.4624 -6.3029 -1.9586 4.6070e+00
1.6990 -5.4767 -5.8359 0.2181 0.4624 -8.0000 -1.9586 3.9163e+00
1.6990 -5.6356 -5.8362 0.4184 0.4624 -8.0000 -1.9586 4.6544e+00
1.6990 -4.8940 -7.2018 -0.3791 0.4624 -6.0126 -1.9586 4.9997e+00
1.6990 -5.4545 -5.7625 0.2118 0.4624 -8.0000 -1.9586 1.1684e+01
1.6990 -5.6402 -5.8150 0.4500 0.4624 -8.0000 -1.9586 1.0236e+01
1.6990 -4.0000 -7.4627 -0.3817 0.4624 -6.0476 -1.9586 1.0205e+01
1.6990 -5.3205 -5.8659 0.1152 0.4624 -7.9981 -1.9586 7.2217e+00
1.6990 -5.1125 -7.1531 -0.2086 0.4624 -6.1646 -1.9586 3.5832e+00
1.6990 -5.5824 -5.7986 0.3789 0.4624 -8.0000 -1.9586 1.3380e+01
1.6990 -5.1572 -5.8755 -0.0209 0.4624 -8.0000 -1.9586 7.0804e+00
1.6990 -5.3979 -5.7949 0.2085 0.4624 -8.0000 -1.9586 9.3603e+00
1.6990 -5.4304 -5.8047 0.1891 0.4624 -8.0000 -1.9586 9.7783e+00
1.6990 -5.6805 -5.7715 0.4298 0.4624 -8.0000 -1.9586 9.0936e+00
1.6990 -5.7358 -5.8116 0.5198 0.4624 -8.0000 -1.9586 1.1822e+01
1.6990 -5.8703 -5.7845 0.6493 0.4624 -8.0000 -1.9586 1.5850e+01
1.6990 -5.2658 -6.3693 -0.0463 0.4624 -6.4670 -1.9586 1.1514e+01
1.6990 -5.3685 -5.8223 0.1532 0.4624 -8.0000 -1.9586 9.5083e+00
1.6990 -5.1904 -6.3410 -0.1356 0.4624 -6.4007 -1.9586 3.7668e+00
1.6990 -4.5148 -6.9504 -0.5553 0.4624 -5.9111 -1.9586 4.1473e+00
1.6990 -5.5474 -5.8319 0.3297 0.4624 -8.0000 -1.9586 1.0160e+01
1.6990 -4.8764 -6.5701 -0.3862 0.4624 -6.1161 -1.9586 6.7051e+00
1.6990 -5.6652 -5.7999 0.4147 0.4624 -8.0000 -1.9586 1.4253e+01
1.6990 -5.6515 -5.7877 0.3953 0.4624 -8.0000 -1.9586 8.0136e+00
1.6990 -5.5808 -5.8352 0.4043 0.4624 -8.0000 -1.9586 8.2483e+00
1.6990 -5.2581 -5.8029 0.0417 0.4624 -8.0000 -1.9586 1.0832e+01
1.6990 -5.7606 -5.7700 0.5361 0.4624 -8.0000 -1.9586 8.1535e+00
1.6990 -5.8369 -5.7849 0.5894 0.4624 -8.0000 -1.9586 1.2710e+01
1.6990 -5.8730 -5.8124 0.6524 0.4624 -8.0000 -1.9586 5.4745e+00
1.6990 -4.9429 -6.2096 -0.2719 0.4624 -6.4082 -1.9586 7.3890e+00
1.6990 -4.5807 -8.0000 -0.6154 0.4624 -5.7413 -1.9586 4.2422e+00
1.6990 -5.4660 -5.7950 0.2158 0.4624 -8.0000 -1.9586 1.1168e+01
1.6990 -4.9362 -6.7151 -0.3653 0.4624 -6.0921 -1.9586 6.1486e+00
1.6990 -5.4022 -5.8137 0.1623 0.4624 -8.0000 -1.9586 8.7563e+00
1.6990 -5.2906 -5.8570 0.1004 0.4624 -8.0000 -1.9586 1.3826e+01
1.6990 -4.0000 -7.8913 -0.3494 0.4624 -6.0398 -1.9586 7.9823e+00
1.6990 -5.5005 -5.7793 0.3191 0.4624 -8.0000 -1.9586 1.1149e+01
1.6990 -5.4811 -5.8200 0.2335 0.4624 -8.0000 -1.9586 9.2928e+00
1.6990 -5.1978 -6.0916 -0.0257 0.4624 -6.7257 -1.9586 3.4948e+00
1.6990 -5.6337 -5.7902 0.4273 0.4624 -8.0000 -1.9586 1.4895e+01
1.6990 -4.6894 -7.6749 -0.5587 0.4624 -5.8057 -1.9586 6.2413e+00
1.6990 -5.6152 -5.7919 0.4214 0.4624 -8.0000 -1.9586 1.2003e+01
1.6990 -5.6157 -5.8256 0.3509 0.4624 -8.0000 -1.9586 4.1094e+00
1.6990 -5.3371 -5.8426 0.1102 0.4624 -8.0000 -1.9586 9.2368e+00
1.6990 -5.2239 -5.8604 0.0134 0.4624 -8.0000 -1.9586 8.4825e+00
1.6990 -5.0796 -6.1345 -0.1541 0.4624 -6.5717 -1.9586 8.5072e+00
1.6990 -4.7628 -7.2120 -0.4767 0.4624 -5.9278 -1.9586 4.6101e+00
1.6990 -4.0000 -7.0164 -0.3755 0.4624 -6.1220 -1.9586 4.5511e+00
1.6990 -5.4594 -5.8273 0.2583 0.4624 -8.0000 -1.9586 4.1233e+00
1.6990 -5.7332 -5.8495 0.4983 0.4624 -7.7581 -1.9586 7.2351e+00
1.6990 -4.7235 -6.8250 -0.4182 0.4624 -6.0473 -1.9586 1.0582e+01
1.6990 -5.6922 -5.8325 0.4845 0.4624 -8.0000 -1.9586 9.1839e+00
1.6990 -5.5327 -5.8090 0.3408 0.4624 -8.0000 -1.9586 1.1820e+01
1.6990 -4.0104 -8.0000 -0.5802 0.4624 -5.8059 -1.9586 5.5336e+00
1.6990 -5.6452 -5.8287 0.3826 0.4624 -7.9984 -1.9586 8.7479e+00
1.6990 -4.6534 -7.1861 -0.3763 0.4624 -6.0446 -1.9586 5.1217e+00
1.6990 -4.9092 -6.9310 -0.2455 0.4624 -6.1833 -1.9586 4.9885e+00
1.6990 -4.2407 -8.0000 -0.5664 0.4624 -5.8094 -1.9586 5.6175e+00
1.6990 -5.6301 -5.8043 0.3809 0.4624 -8.0000 -1.9586 1.5263e+01
1.6990 -5.6320 -5.8397 0.4282 0.4624 -7.9985 -1.9586 8.5269e+00
1.6990 -5.4835 -5.8339 0.2485 0.4624 -8.0000 -1.9586 9.0177e+00
1.6990 -5.2834 -5.8699 0.0915 0.4624 -8.0000 -1.9586 1.5681e+01
1.6990 -5.2270 -6.1358 -0.0303 0.4624 -6.6541 -1.9586 1.1755e+01
1.6990 -5.3470 -5.8065 0.1042 0.4624 -8.0000 -1.9586 8.0318e+00
1.6990 -5.2830 -5.8392 0.0672 0.4624 -8.0000 -1.9586 6.1503e+00
1.6990 -5.5972 -5.7948 0.3835 0.4624 -8.0000 -1.9586 6.8986e+00
1.6990 -5.4502 -5.8454 0.2066 0.4624 -8.0000 -1.9586 9.4705e+00
1.6990 -4.3235 -8.0000 -0.7340 0.4624 -5.6430 -1.9586 5.8337e+00
1.6990 -5.7980 -5.7936 0.5681 0.4624 -8.0000 -1.9586 1.2252e+01
1.6990 -5.1632 -5.8605 0.0297 0.4624 -8.0000 -1.9586 8.4399e+00
1.6990 -5.2918 -5.8307 0.0626 0.4624 -8.0000 -1.9586 1.0345e+01
1.6990 -5.4029 -5.8494 0.1762 0.4624 -8.0000 -1.9586 1.3898e+01
1.6990 -5.1743 -6.2372 -0.1067 0.4624 -6.4976 -1.9586 6.4124e+00
1.6990 -5.5455 -5.7688 0.2976 0.4624 -8.0000 -1.9586 8.9704e+00
1.6990 -5.2096 -5.7801 0.0131 0.4624 -8.0000 -1.9586 1.0970e+01
1.6990 -5.4857 -5.8197 0.2400 0.4624 -8.0000 -1.9586 1.0960e+01
1.6990 -5.5452 -5.7668 0.2997 0.4624 -8.0000 -1.9586 8.8265e+00
1.6990 -5.2750 -5.8167 0.0171 0.4624 -8.0000 -1.9586 9.5602e+00
1.6990 -5.6011 -5.8159 0.3499 0.4624 -8.0000 -1.9586 9.9555e+00
1.6990 -5.8630 -5.7784 0.5952 0.4624 -8.0000 -1.9586 9.3332e+00
1.6990 -5.4952 -5.8047 0.3364 0.4624 -8.0000 -1.9586 1.2867e+01
1.6990 -5.3049 -6.4112 0.0313 0.4624 -6.5261 -1.9586 6.7080e+00
1.6990 -5.6849 -5.8219 0.4939 0.4624 -8.0000 -1.9586 1.0007e+01
1.6990 -5.7726 -5.8062 0.5509 0.4624 -8.0000 -1.9586 4.4278e+00
1.6990 -5.6740 -5.7927 0.4356 0.4624 -8.0000 -1.9586 1.3918e+01
1.6990 -4.6601 -8.0000 -0.5050 0.4624 -5.8518 -1.9586 3.8489e+00
1.6990 -4.0000 -7.4243 -0.4902 0.4624 -5.9545 -1.9586 5.3262e+00
1.6990 -5.7484 -5.8125 0.5828 0.4624 -8.0000 -1.9586 1.0630e+01
1.6990 -4.0000 -7.1413 -0.2896 0.4624 -6.1759 -1.9586 5.1815e+00
1.6990 -5.6623 -5.8233 0.4814 0.4624 -8.0000 -1.9586 7.8669e+00
1.6990 -4.3621 -8.0000 -0.5118 0.4624 -5.8555 -1.9586 4.5562e+00
1.6990 -5.5054 -5.7636 0.2368 0.4624 -8.0000 -1.9586 1.4121e+01
1.6990 -5.6642 -5.7696 0.4539 0.4624 -8.0000 -1.9586 1.4617e+01
1.6990 -5.4328 -6.1140 0.1538 0.4624 -6.8092 -1.9586 7.3179e+00
1.6990 -5.6132 -5.8214 0.3698 0.4624 -8.0000 -1.9586 4.5057e+00
1.6990 -4.8319 -8.0000 -0.3473 0.4624 -5.9805 -1.9586 5.9262e+00
1.6990 -4.5650 -8.0000 -0.5223 0.4624 -5.8324 -1.9586 2.9707e+00
1.6990 -5.6077 -5.8125 0.3720 0.4624 -8.0000 -1.9586 1.3833e+01
1.6990 -4.8907 -7.2236 -0.3093 0.4624 -6.0833 -1.9586 4.6153e+00
1.6990 -5.6872 -5.8124 0.4652 0.4624 -8.0000 -1.9586 9.9401e+00
1.6990 -4.8307 -7.4200 -0.4665 0.4624 -5.9071 -1.9586 7.6924e+00
1.6990 -5.3704 -5.8251 0.1173 0.4624 -8.0000 -1.9586 1.1976e+01
1.6990 -5.7479 -5.8035 0.5152 0.4624 -8.0000 -1.9586 9.5790e+00
1.6990 -5.7196 -5.8277 0.5024 0.4624 -8.0000 -1.9586 1.0099e+01
1.6990 -5.5529 -5.8142 0.3057 0.4624 -8.0000 -1.9586 1.5650e+01
1.6990 -5.4570 -5.8158 0.2198 0.4624 -8.0000 -1.9586 8.8829e+00
1.6990 -5.6340 -5.7484 0.3790 0.4624 -8.0000 -1.9586 1.4157e+01
1.6990 -5.7713 -5.8169 0.5654 0.4624 -8.0000 -1.9586 1.0893e+01
1.6990 -5.4574 -5.8428 0.2412 0.4624 -8.0000 -1.9586 3.9827e+00
1.6990 -5.3075 -6.1045 0.0364 0.4624 -6.7346 -1.9586 1.0151e+01
1.6990 -5.0522 -8.0000 -0.2529 0.4624 -6.0515 -1.9586 4.1439e+00
1.6990 -5.0549 -7.2602 -0.2017 0.4624 -6.1696 -1.9586 4.7576e+00
1.6990 -5.3706 -6.1857 0.0898 0.4624 -6.6938 -1.9586 5.0273e+00
1.6990 -5.3496 -5.8523 0.1171 0.4624 -8.0000 -1.9586 9.0840e+00
1.6990 -4.0000 -7.4640 -0.5236 0.4624 -5.9116 -1.9586 5.3538e+00
1.6990 -4.0000 -7.5392 -0.4018 0.4624 -6.0239 -1.9586 1.1855e+01
1.6990 -5.4786 -5.7885 0.2185 0.4624 -8.0000 -1.9586 1.1512e+01
1.6990 -5.5182 -5.8235 0.3132 0.4624 -8.0000 -1.9586 1.5713e+01
1.6990 -5.5954 -5.8262 0.3477 0.4624 -8.0000 -1.9586 6.3044e+00
1.6990 -5.2517 -6.3870 -0.0365 0.4624 -6.4740 -1.9586 4.7767e+00
1.6990 -5.5946 -5.8193 0.3558 0.4624 -8.0000 -1.9586 8.7776e+00
1.6990 -4.2662 -8.0000 -0.5026 0.4624 -5.8771 -1.9586 4.8621e+00
1.6990 -5.5693 -5.8118 0.3393 0.4624 -8.0000 -1.9586 4.4185e+00
1.6990 -4.5773 -8.0000 -0.6551 0.4624 -5.7153 -1.9586 3.7150e+00
1.6990 -5.7363 -5.7751 0.5007 0.4624 -8.0000 -1.9586 1.2058e+01
1.6990 -4.0000 -7.4475 -0.4156 0.4624 -6.0192 -1.9586 3.5798e+00
1.6990 -5.3860 -5.8111 0.1835 0.4624 -8.0000 -1.9586 1.4244e+01
1.6990 -4.5809 -6.6467 -0.5464 0.4624 -5.9755 -1.9586 3.7969e+00
1.6990 -5.4740 -5.8400 0.2506 0.4624 -8.0000 -1.9586 9.0827e+00
1.6990 -5.7895 -5.7994 0.5566 0.4624 -8.0000 -1.9586 1.0067e+01
1.6990 -5.5317 -5.7405 0.3247 0.4624 -8.0000 -1.9586 1.4841e+01
1.6990 -5.4130 -5.7883 0.1650 0.4624 -8.0000 -1.9586 9.2169e+00
1.6990 -5.3020 -6.5070 0.0669 0.4624 -6.5342 -1.9586 5.1717e+00
1.6990 -5.4594 -5.8273 0.2583 0.4624 -8.0000 -1.9586 4.1233e+00
1.6990 -4.4611 -7.6226 -0.4722 0.4624 -5.9199 -1.9586 1.1903e+01
1.6990 -5.5348 -5.8124 0.3290 0.4624 -8.0000 -1.9586 1.3154e+01
1.6990 -5.5799 -5.7588 0.3765 0.4624 -8.0000 -1.9586 1.3830e+01
1.6990 -5.6181 -5.8105 0.3791 0.4624 -8.0000 -1.9586 1.2623e+01
1.6990 -4.0000 -7.6574 -0.3602 0.4624 -6.0510 -1.9586 4.6771e+00
1.6990 -5.4879 -5.8086 0.2314 0.4624 -8.0000 -1.9586 1.1723e+01
1.6990 -4.3593 -8.0000 -0.6829 0.4624 -5.6919 -1.9586 4.2319e+00
1.6990 -4.8723 -7.7090 -0.3592 0.4624 -5.9872 -1.9586 5.5871e+00
1.6990 -5.5999 -5.8280 0.3802 0.4624 -8.0000 -1.9586 7.8910e+00
1.6990 -5.4712 -5.8509 0.2591 0.4624 -7.9995 -1.9586 4.7363e+00
1.6990 -4.0000 -7.1543 -0.3197 0.4624 -6.1508 -1.9586 6.7244e+00
1.6990 -5.5012 -5.8102 0.2792 0.4624 -8.0000 -1.9586 8.2098e+00
1.6990 -5.5196 -5.7867 0.2886 0.4624 -8.0000 -1.9586 1.0571e+01
1.6990 -5.5078 -5.8147 0.2510 0.4624 -8.0000 -1.9586 7.1854e+00
1.6990 -5.3020 -6.1686 0.0189 0.4624 -6.6509 -1.9586 4.4792e+00
1.6990 -5.3708 -5.8377 0.1660 0.4624 -8.0000 -1.9586 5.5806e+00
1.6990 -4.7802 -6.9515 -0.5221 0.4624 -5.9118 -1.9586 5.8642e+00
1.6990 -4.7393 -7.5184 -0.5767 0.4624 -5.7948 -1.9586 5.5982e+00
1.6990 -6.0119 -5.7426 0.7806 0.4624 -8.0000 -1.9586 1.2775e+01
1.6990 -5.6010 -5.7592 0.3741 0.4624 -8.0000 -1.9586 1.3415e+01
1.6990 -4.0000 -7.1707 -0.2687 0.4624 -6.2000 -1.9586 1.2771e+01
1.6990 -4.6807 -7.8435 -0.6080 0.4624 -5.7403 -1.9586 5.9173e+00
1.6990 -4.0000 -7.6429 -0.5476 0.4624 -5.8714 -1.9586 5.8150e+00
1.6990 -4.0000 -7.1779 -0.4774 0.4624 -5.9885 -1.9586 9.5877e+00
1.6990 -5.4814 -5.8269 0.2076 0.4624 -8.0000 -1.9586 7.5976e+00
1.6990 -5.5129 -6.1748 0.2316 0.4624 -6.8158 -1.9586 7.3708e+00
1.6990 -4.7584 -8.0000 -0.4701 0.4624 -5.8732 -1.9586 5.1279e+00
1.6990 -4.8008 -8.0000 -0.5486 0.4624 -5.7818 -1.9586 4.0744e+00
1.6990 -4.3070 -8.0000 -0.6083 0.4624 -5.7632 -1.9586 4.5988e+00
1.6990 -4.4742 -8.0000 -0.7101 0.4624 -5.6527 -1.9586 3.8797e+00
1.6990 -5.1837 -5.8646 0.0641 0.4624 -8.0000 -1.9586 5.9266e+00
1.6990 -4.0000 -7.3599 -0.3987 0.4624 -6.0427 -1.9586 5.0771e+00
1.6990 -4.7739 -8.0000 -0.4201 0.4624 -5.9193 -1.9586 6.0506e+00
1.6990 -4.9472 -7.6779 -0.3094 0.4624 -6.0322 -1.9586 4.3509e+00
1.6990 -5.4647 -5.8340 0.2733 0.4624 -8.0000 -1.9586 8.2632e+00
1.6990 -5.4276 -6.2761 0.1347 0.4624 -6.6685 -1.9586 1.0633e+01
1.6990 -5.7248 -5.8099 0.4593 0.4624 -8.0000 -1.9586 1.2890e+01
1.6990 -5.4295 -5.8499 0.2305 0.4624 -8.0000 -1.9586 1.3420e+01
1.6990 -5.6021 -6.0608 0.3848 0.4624 -7.0715 -1.9586 1.2267e+01
1.6990 -5.6864 -5.7810 0.4525 0.4624 -8.0000 -1.9586 1.2405e+01
1.6990 -4.2417 -8.0000 -0.5311 0.4624 -5.8511 -1.9586 5.2555e+00
1.6990 -5.7413 -5.8079 0.5389 0.4624 -8.0000 -1.9586 1.1390e+01
1.6990 -4.8967 -7.1266 -0.3804 0.4624 -6.0195 -1.9586 4.7784e+00
1.6990 -4.4012 -7.1301 -0.5770 0.4624 -5.8735 -1.9586 1.0091e+01
1.6990 -4.0000 -7.3472 -0.2165 0.4624 -6.2156 -1.9586 1.3502e+01
1.6990 -5.2747 -5.8331 0.0667 0.4624 -8.0000 -1.9586 1.1464e+01
1.6990 -5.5974 -5.8294 0.3639 0.4624 -8.0000 -1.9586 1.0797e+01
1.6990 -4.8131 -7.1872 -0.3369 0.4624 -6.0683 -1.9586 6.2255e+00
1.6990 -5.4115 -5.8106 0.1740 0.4624 -8.0000 -1.9586 1.3053e+01
1.6990 -4.8261 -6.9885 -0.4505 0.4624 -5.9743 -1.9586 1.0753e+01
1.6990 -5.6785 -5.8250 0.4410 0.4624 -8.0000 -1.9586 1.0824e+01
1.6990 -4.0000 -7.1265 -0.2479 0.4624 -6.2336 -1.9586 1.2735e+01
1.6990 -5.3626 -5.7939 0.1242 0.4624 -8.0000 -1.9586 9.2432e+00
1.6990 -5.4427 -5.8452 0.1719 0.4624 -7.9999 -1.9586 5.5927e+00
1.6990 -5.5508 -5.8131 0.3437 0.4624 -8.0000 -1.9586 1.3108e+01
1.6990 -5.5333 -5.8188 0.3174 0.4624 -8.0000 -1.9586 3.6162e+00
1.6990 -4.3230 -8.0000 -0.7466 0.4624 -5.6243 -1.9586 5.4657e+00
1.6990 -5.4659 -5.8139 0.2870 0.4624 -8.0000 -1.9586 1.8082e+01
1.6990 -5.5110 -5.7614 0.3360 0.4624 -8.0000 -1.9586 1.6357e+01
1.6990 -5.5421 -5.8057 0.3053 0.4624 -8.0000 -1.9586 1.4409e+01
1.6990 -4.6055 -7.4701 -0.5440 0.4624 -5.8498 -1.9586 4.8411e+00
1.6990 -5.4723 -5.7942 0.2336 0.4624 -8.0000 -1.9586 1.5464e+01
1.6990 -4.4579 -6.6420 0.0315 0.4624 -6.5429 -1.9586 5.6242e+00
1.6990 -5.4133 -6.5542 0.0860 0.4624 -6.5192 -1.9586 9.2494e+00
1.6990 -5.2268 -5.8504 0.0735 0.4624 -8.0000 -1.9586 5.2204e+00
1.6990 -5.5705 -5.8084 0.3223 0.4624 -8.0000 -1.9586 9.0542e+00
1.6990 -4.0000 -6.9889 -0.3486 0.4624 -6.1473 -1.9586 3.8895e+00
1.6990 -4.0001 -7.4684 -0.4893 0.4624 -5.9418 -1.9586 1.1672e+01
1.6990 -4.4672 -8.0000 -0.5986 0.4624 -5.7666 -1.9586 4.9742e+00
1.6990 -5.6140 -5.8191 0.3692 0.4624 -8.0000 -1.9586 1.2963e+01
1.6990 -5.0144 -6.4725 -0.2909 0.4624 -6.2208 -1.9586 2.4748e+00
1.6990 -4.6571 -7.9007 -0.5134 0.4624 -5.8365 -1.9586 7.9671e+00
1.6990 -5.0976 -7.0613 -0.1866 0.4624 -6.2011 -1.9586 7.5465e+00
1.6990 -5.8429 -5.7983 0.5818 0.4624 -8.0000 -1.9586 1.0986e+01
1.6990 -5.5885 -5.7833 0.3647 0.4624 -8.0000 -1.9586 1.6230e+01
1.6990 -5.5754 -5.8015 0.3695 0.4624 -8.0000 -1.9586 6.8606e+00
1.6990 -4.7628 -7.4308 -0.5206 0.4624 -5.8588 -1.9586 7.4393e+00
1.6990 -6.0552 -5.7705 0.8509 0.4624 -8.0000 -1.9586 1.6523e+01
1.6990 -5.5025 -5.7708 0.3332 0.4624 -8.0000 -1.9586 1.4046e+01
1.6990 -4.8794 -7.3616 -0.4241 0.4624 -5.9504 -1.9586 5.5943e+00
1.6990 -5.7791 -5.8090 0.5249 0.4624 -8.0000 -1.9586 5.8788e+00
1.6990 -5.6157 -5.7600 0.3989 0.4624 -8.0000 -1.9586 1.2297e+01
1.6990 -4.6739 -8.0000 -0.5121 0.4624 -5.8345 -1.9586 4.8942e+00
1.6990 -5.1915 -6.3038 -0.0945 0.4624 -6.4649 -1.9586 1.0380e+01
1.6990 -4.0000 -7.5096 -0.4346 0.4624 -5.9923 -1.9586 7.5417e+00
1.6990 -5.4555 -5.7927 0.2752 0.4624 -8.0000 -1.9586 1.4500e+01
1.6990 -4.5525 -8.0000 -0.5535 0.4624 -5.8226 -1.9586 4.6349e+00
1.6990 -5.3631 -5.8197 0.1395 0.4624 -8.0000 -1.9586 1.7630e+01
1.6990 -4.0000 -7.9096 -0.5010 0.4624 -5.8916 -1.9586 5.7132e+00
1.6990 -5.2775 -5.8626 0.0193 0.4624 -8.0000 -1.9586 1.3332e+01
1.6990 -5.2338 -6.8181 -0.0746 0.4624 -6.3304 -1.9586 5.5513e+00
1.6990 -5.0532 -7.1653 -0.2545 0.4624 -6.1239 -1.9586 6.9747e+00
1.6990 -5.0640 -6.5763 -0.2441 0.4624 -6.2293 -1.9586 8.7106e+00
1.6990 -5.5073 -5.7939 0.2636 0.4624 -8.0000 -1.9586 7.8171e+00
1.6990 -4.5173 -7.8808 -0.5132 0.4624 -5.8519 -1.9586 3.0290e+00
1.6990 -5.2852 -5.8432 0.0537 0.4624 -8.0000 -1.9586 1.1080e+01
1.6990 -5.5035 -5.8377 0.2728 0.4624 -8.0000 -1.9586 7.5919e+00
1.6990 -5.4208 -5.8429 0.2351 0.4624 -8.0000 -1.9586 7.3173e+00
1.6990 -5.5148 -5.7711 0.2979 0.4624 -8.0000 -1.9586 1.1839e+01
1.6990 -5.0171 -6.8939 -0.3249 0.4624 -6.0895 -1.9586 5.1950e+00
1.6990 -5.2847 -5.8272 0.0259 0.4624 -8.0000 -1.9586 1.1027e+01
1.6990 -5.7348 -5.7862 0.4652 0.4624 -8.0000 -1.9586 9.8436e+00
1.6990 -5.3404 -5.8488 0.1191 0.4624 -8.0000 -1.9586 7.6179e+00
1.6990 -4.4942 -8.0000 -0.7528 0.4624 -5.6075 -1.9586 2.8035e+00
1.6990 -5.5012 -5.8206 0.2432 0.4624 -8.0000 -1.9586 3.3101e+00
1.6990 -5.4230 -5.8248 0.1777 0.4624 -8.0000 -1.9586 1.3055e+01
1.6990 -5.5050 -5.8019 0.2575 0.4624 -8.0000 -1.9586 1.0699e+01
1.6990 -5.0157 -7.5050 -0.2790 0.4624 -6.0699 -1.9586 4.9070e+00
1.6990 -5.3995 -5.8438 0.1385 0.4624 -8.0000 -1.9586 1.0774e+01
1.6990 -4.8529 -8.0000 -0.3767 0.4624 -5.9481 -1.9586 7.7980e+00
1.6990 -4.0004 -7.2423 -0.3819 0.4624 -6.0680 -1.9586 2.9133e+00
1.6990 -5.5630 -5.8099 0.3055 0.4624 -8.0000 -1.9586 7.3368e+00
1.6990 -4.7729 -7.2839 -0.4717 0.4624 -5.9237 -1.9586 1.1054e+01
1.6990 -5.5334 -5.8087 0.2644 0.4624 -8.0000 -1.9586 8.9691e+00
1.6990 -5.6016 -5.8312 0.4145 0.4624 -8.0000 -1.9586 9.4712e+00
1.6990 -5.7669 -5.8082 0.5632 0.4624 -8.0000 -1.9586 3.9060e+00
1.6990 -5.2099 -6.2394 -0.0188 0.4624 -6.5821 -1.9586 1.0208e+01
1.6990 -5.5255 -5.8204 0.2667 0.4624 -8.0000 -1.9586 6.0765e+00
1.6990 -5.5568 -5.8202 0.3294 0.4624 -8.0000 -1.9586 1.1561e+01
1.6990 -4.2326 -8.0000 -0.6572 0.4624 -5.7229 -1.9586 4.2018e+00
1.6990 -5.5057 -5.8219 0.3205 0.4624 -8.0000 -1.9586 1.2872e+01
1.6990 -5.7718 -5.7983 0.5627 0.4624 -8.0000 -1.9586 9.8719e+00
1.6990 -4.0000 -7.9424 -0.5869 0.4624 -5.8099 -1.9586 5.6467e+00
1.6990 -5.2995 -5.8608 0.0555 0.4624 -8.0000 -1.9586 7.5024e+00
1.6990 -4.1452 -6.7181 -0.1428 0.4624 -6.3816 -1.9586 9.5503e+00
1.6990 -5.3677 -5.8568 0.1422 0.4624 -8.0000 -1.9586 9.2959e+00
1.6990 -5.5561 -5.8219 0.3069 0.4624 -8.0000 -1.9586 1.0026e+01
1.6990 -4.0000 -7.7525 -0.5517 0.4624 -5.8644 -1.9586 6.4735e+00
1.6990 -5.2988 -5.7890 0.0966 0.4624 -8.0000 -1.9586 9.8229e+00
1.6990 -5.4354 -5.8278 0.2340 0.4624 -8.0000 -1.9586 1.2767e+01
1.6990 -5.2337 -5.8475 0.0062 0.4624 -8.0000 -1.9586 7.0795e+00
1.6990 -4.0000 -7.2776 -0.3694 0.4624 -6.0839 -1.9586 7.9066e+00
1.6990 -4.0000 -7.4221 -0.2650 0.4624 -6.1665 -1.9586 7.4977e+00
1.6990 -5.1139 -5.8819 -0.1022 0.4624 -8.0000 -1.9586 1.1029e+01
1.6990 -5.7224 -5.7742 0.5104 0.4624 -8.0000 -1.9586 9.1992e+00
1.6990 -4.0000 -7.3133 -0.3078 0.4624 -6.1342 -1.9586 5.5811e+00
1.6990 -4.9184 -6.9728 -0.3526 0.4624 -6.0651 -1.9586 7.0841e+00
1.6990 -4.7137 -7.1405 -0.3341 0.4624 -6.0867 -1.9586 9.3733e+00
1.6990 -5.5142 -5.8098 0.2663 0.4624 -8.0000 -1.9586 1.1757e+01
1.6990 -4.3790 -8.0000 -0.4058 0.4624 -5.9621 -1.9586 7.6798e+00
1.6990 -5.6269 -5.8111 0.4097 0.4624 -8.0000 -1.9586 1.1009e+01
1.6990 -5.5063 -5.8352 0.2428 0.4624 -8.0000 -1.9586 1.0496e+01
1.6990 -4.0002 -7.0299 -0.3270 0.4624 -6.1505 -1.9586 8.5486e+00
1.6990 -5.6623 -5.8121 0.4120 0.4624 -8.0000 -1.9586 1.4617e+01
1.6990 -4.0000 -7.7804 -0.2529 0.4624 -6.1407 -1.9586 4.8100e+00
1.6990 -5.5993 -5.7901 0.3622 0.4624 -8.0000 -1.9586 1.3428e+01
1.6990 -4.0002 -6.9851 -0.1529 0.4624 -6.3192 -1.9586 3.6913e+00
1.6990 -5.6247 -5.7570 0.3673 0.4624 -8.0000 -1.9586 9.8265e+00
1.6990 -5.5513 -6.1245 0.2737 0.4624 -6.8925 -1.9586 6.1047e+00
1.6990 -4.0000 -8.0000 -0.6595 0.4624 -5.7343 -1.9586 7.1953e+00
1.6990 -5.1705 -5.8580 -0.0489 0.4624 -8.0000 -1.9586 1.1124e+01
1.6990 -5.5388 -5.7891 0.3179 0.4624 -8.0000 -1.9586 1.1143e+01
1.6990 -5.7792 -5.7967 0.5777 0.4624 -8.0000 -1.9586 1.0645e+01
1.6990 -4.0001 -7.8977 -0.5018 0.4624 -5.8903 -1.9586 5.9527e+00
1.6990 -4.7454 -7.5271 -0.5285 0.4624 -5.8436 -1.9586 8.1197e+00
1.6990 -5.5109 -6.4558 0.2077 0.4624 -6.6573 -1.9586 4.0293e+00
