1.6990 -5.4820 -5.9235 0.2281 0.4624 -7.2012 -1.9586 8.2815e+01
1.6990 -5.3735 -5.9641 0.1794 0.4624 -7.1238 -1.9586 7.4203e+01
1.6990 -5.9733 -5.8018 0.7380 0.4624 -7.7380 -1.9586 8.0448e+01
1.6990 -5.5997 -5.9016 0.3485 0.4624 -7.3160 -1.9586 6.3868e+01
1.6990 -5.4842 -5.8966 0.2212 0.4624 -7.2347 -1.9586 7.9637e+01
1.6990 -5.6036 -5.9407 0.3745 0.4624 -7.4703 -1.9586 1.0331e+02
1.6990 -5.5030 -5.8179 0.2298 0.4624 -8.0000 -1.9586 8.4477e+01
1.6990 -5.4482 -5.8775 0.2093 0.4624 -7.6199 -1.9586 1.0547e+02
1.6990 -5.3855 -5.9289 0.0985 0.4624 -7.2428 -1.9586 1.0645e+02
1.6990 -5.1894 -5.9166 -0.0608 0.4624 -8.0000 -1.9586 7.9986e+01
1.6990 -5.6697 -5.9304 0.4001 0.4624 -7.2186 -1.9586 6.6846e+01
1.6990 -5.1315 -5.9437 -0.0702 0.4624 -7.1938 -1.9586 1.1640e+02
1.6990 -5.5019 -5.8572 0.2869 0.4624 -7.3864 -1.9586 7.4672e+01
1.6990 -5.3029 -5.9629 0.0434 0.4624 -7.1487 -1.9586 1.0458e+02
1.6990 -5.5207 -5.9807 0.2188 0.4624 -6.9445 -1.9586 4.3646e+01
1.6990 -5.6613 -5.9118 0.4176 0.4624 -7.2762 -1.9586 8.4620e+01
1.6990 -5.6667 -5.8717 0.4466 0.4624 -7.4783 -1.9586 1.0442e+02
1.6990 -5.5739 -5.9299 0.2848 0.4624 -7.4407 -1.9586 7.0021e+01
1.6990 -5.1516 -6.0075 -0.0967 0.4624 -6.8920 -1.9586 7.0578e+01
1.6990 -5.6617 -5.9023 0.3986 0.4624 -7.4240 -1.9586 8.0302e+01
1.6990 -5.6468 -5.9238 0.3830 0.4624 -7.3891 -1.9586 7.0302e+01
1.6990 -5.1957 -6.1276 -0.1040 0.4624 -6.6403 -1.9586 6.1642e+01
1.6990 -5.4478 -5.9389 0.2076 0.4624 -7.0773 -1.9586 8.9455e+01
1.6990 -5.4881 -5.9107 0.2056 0.4624 -7.1907 -1.9586 9.6482e+01
1.6990 -5.6404 -5.7863 0.4150 0.4624 -7.7998 -1.9586 9.8779e+01
1.6990 -5.1237 -5.8552 -0.0737 0.4624 -8.0000 -1.9586 1.1042e+02
1.6990 -5.5060 -5.8883 0.2899 0.4624 -8.0000 -1.9586 1.0609e+02
1.6990 -5.3109 -5.9314 0.1171 0.4624 -8.0000 -1.9586 1.2490e+02
1.6990 -5.5593 -5.9576 0.2730 0.4624 -7.0034 -1.9586 7.9316e+01
1.6990 -5.3681 -6.0723 0.0777 0.4624 -6.8507 -1.9586 7.4975e+01
1.6990 -5.4300 -6.0011 0.1481 0.4624 -7.0192 -1.9586 8.0669e+01
1.6990 -5.5063 -6.0344 0.1948 0.4624 -6.8578 -1.9586 4.9532e+01
1.6990 -5.6819 -5.9164 0.4274 0.4624 -7.2169 -1.9586 8.3144e+01
1.6990 -5.5644 -5.8727 0.2830 0.4624 -7.2755 -1.9586 1.1182e+02
1.6990 -5.4868 -5.9183 0.2364 0.4624 -7.3523 -1.9586 1.0440e+02
1.6990 -5.3823 -5.9092 0.1159 0.4624 -7.3868 -1.9586 8.5244e+01
1.6990 -5.5693 -5.9711 0.3397 0.4624 -7.2509 -1.9586 9.7759e+01
1.6990 -5.4957 -5.9584 0.2304 0.4624 -7.0950 -1.9586 7.5105e+01
1.6990 -5.3129 -5.9479 0.0488 0.4624 -6.9618 -1.9586 8.1914e+01
1.6990 -5.3696 -5.9812 0.1232 0.4624 -6.9053 -1.9586 7.8233e+01
1.6990 -5.4866 -5.8826 0.2587 0.4624 -7.0847 -1.9586 6.6925e+01
1.6990 -5.4122 -5.9582 0.1211 0.4624 -6.9512 -1.9586 7.2818e+01
1.6990 -5.3269 -5.8679 0.1441 0.4624 -7.5778 -1.9586 7.4369e+01
1.6990 -5.9393 -5.9135 0.6449 0.4624 -7.5312 -1.9586 5.1313e+01
1.6990 -5.2816 -5.9207 -0.0159 0.4624 -6.9810 -1.9586 7.2632e+01
1.6990 -5.3915 -5.9209 0.2066 0.4624 -7.3836 -1.9586 1.0788e+02
1.6990 -5.3448 -6.0512 0.0631 0.4624 -6.8535 -1.9586 8.2832e+01
1.6990 -5.4419 -5.9007 0.2164 0.4624 -7.0477 -1.9586 8.3426e+01
1.6990 -5.4966 -5.9409 0.2592 0.4624 -6.9790 -1.9586 6.6764e+01
1.6990 -5.4026 -6.0065 0.1496 0.4624 -6.7946 -1.9586 6.3563e+01
1.6990 -5.5576 -5.9040 0.3008 0.4624 -7.3189 -1.9586 9.5390e+01
1.6990 -5.7028 -5.9341 0.4464 0.4624 -7.0941 -1.9586 4.8086e+01
1.6990 -5.6750 -5.8255 0.4350 0.4624 -8.0000 -1.9586 1.2122e+02
1.6990 -5.5621 -5.9027 0.2931 0.4624 -7.4610 -1.9586 6.2385e+01
1.6990 -5.6028 -5.8171 0.3568 0.4624 -8.0000 -1.9586 9.9375e+01
1.6990 -5.3114 -5.9878 0.0409 0.4624 -6.9207 -1.9586 9.1412e+01
1.6990 -5.9293 -5.8185 0.7049 0.4624 -7.6760 -1.9586 6.8342e+01
1.6990 -5.4585 -5.8410 0.1734 0.4624 -8.0000 -1.9586 9.0924e+01
1.6990 -5.6941 -5.8648 0.4956 0.4624 -7.6310 -1.9586 1.1078e+02
1.6990 -5.4404 -5.9203 0.2192 0.4624 -7.2089 -1.9586 6.0439e+01
1.6990 -5.0653 -5.7958 -0.1542 0.4624 -8.0000 -1.9586 1.4583e+02
1.6990 -5.1881 -6.0024 -0.0931 0.4624 -6.7086 -1.9586 8.1275e+01
1.6990 -5.4187 -5.9314 0.2182 0.4624 -7.1004 -1.9586 7.0448e+01
1.6990 -5.5203 -6.0273 0.2357 0.4624 -7.0604 -1.9586 7.4296e+01
1.6990 -5.4513 -5.8375 0.1767 0.4624 -7.9999 -1.9586 1.0964e+02
1.6990 -5.3066 -5.9743 0.0592 0.4624 -7.0305 -1.9586 5.0021e+01
1.6990 -5.3724 -5.8481 0.1117 0.4624 -8.0000 -1.9586 1.0978e+02
1.6990 -5.5491 -6.0417 0.3001 0.4624 -7.0892 -1.9586 5.8908e+01
1.6990 -5.4300 -6.0232 0.1534 0.4624 -6.8567 -1.9586 7.0961e+01
1.6990 -5.3338 -5.9657 0.0577 0.4624 -7.2658 -1.9586 1.0939e+02
1.6990 -5.3903 -5.9942 0.1166 0.4624 -6.9364 -1.9586 6.4586e+01
1.6990 -5.2594 -5.9072 0.0812 0.4624 -7.1101 -1.9586 8.8877e+01
1.6990 -5.7813 -5.8175 0.5116 0.4624 -8.0000 -1.9586 9.9764e+01
1.6990 -5.7700 -5.7478 0.5946 0.4624 -8.0000 -1.9586 1.1149e+02
1.6990 -5.4860 -5.9168 0.2184 0.4624 -7.2340 -1.9586 9.0368e+01
1.6990 -5.3004 -5.9342 0.0202 0.4624 -6.9920 -1.9586 1.1017e+02
1.6990 -5.5720 -5.8022 0.3239 0.4624 -8.0000 -1.9586 9.4472e+01
1.6990 -5.4919 -5.8282 0.2951 0.4624 -8.0000 -1.9586 1.2721e+02
1.6990 -5.4187 -6.0159 0.1289 0.4624 -6.7870 -1.9586 8.6351e+01
1.6990 -5.7103 -5.8691 0.4293 0.4624 -7.4770 -1.9586 9.9992e+01
1.6990 -5.5172 -5.8323 0.2785 0.4624 -8.0000 -1.9586 1.0873e+02
1.6990 -5.7659 -5.8038 0.5280 0.4624 -8.0000 -1.9586 7.7510e+01
1.6990 -5.5099 -6.0155 0.2448 0.4624 -7.0651 -1.9586 7.6900e+01
1.6990 -5.2026 -5.9925 -0.0266 0.4624 -6.9144 -1.9586 8.9538e+01
1.6990 -5.4984 -6.0057 0.1746 0.4624 -6.9912 -1.9586 6.5520e+01
1.6990 -5.3140 -6.0152 0.0141 0.4624 -6.9942 -1.9586 6.2141e+01
1.6990 -5.5571 -5.9577 0.3863 0.4624 -7.1721 -1.9586 8.1304e+01
1.6990 -5.2947 -6.0654 0.0465 0.4624 -6.8797 -1.9586 9.0977e+01
1.6990 -5.3999 -6.0146 0.1191 0.4624 -6.8318 -1.9586 5.7233e+01
1.6990 -5.6341 -5.9627 0.4017 0.4624 -7.3053 -1.9586 8.0245e+01
1.6990 -5.2644 -6.0539 -0.0141 0.4624 -6.8151 -1.9586 5.8585e+01
1.6990 -5.5454 -5.9176 0.2801 0.4624 -7.4066 -1.9586 6.8500e+01
1.6990 -5.4095 -5.8113 0.2305 0.4624 -7.9250 -1.9586 9.4509e+01
1.6990 -5.7216 -5.8116 0.4966 0.4624 -8.0000 -1.9586 8.8274e+01
1.6990 -5.3166 -5.8945 0.0322 0.4624 -7.1417 -1.9586 7.3091e+01
1.6990 -5.3715 -5.9923 0.0739 0.4624 -6.9510 -1.9586 8.5677e+01
1.6990 -5.4762 -5.8596 0.2175 0.4624 -7.3874 -1.9586 9.1281e+01
1.6990 -5.4397 -5.9863 0.1425 0.4624 -7.0227 -1.9586 7.6521e+01
1.6990 -5.4806 -5.9325 0.1830 0.4624 -7.1923 -1.9586 7.7428e+01
1.6990 -5.4400 -6.0064 0.1438 0.4624 -6.7858 -1.9586 6.2181e+01
1.6990 -5.0869 -6.0916 -0.1856 0.4624 -6.6050 -1.9586 5.1462e+01
1.6990 -5.2443 -5.8562 0.0290 0.4624 -7.8146 -1.9586 1.0918e+02
1.6990 -5.4190 -5.9248 0.1517 0.4624 -7.0934 -1.9586 7.1116e+01
1.6990 -5.4653 -5.8115 0.2136 0.4624 -7.4168 -1.9586 1.0429e+02
1.6990 -5.7244 -5.8001 0.4798 0.4624 -8.0000 -1.9586 1.1468e+02
1.6990 -5.3440 -6.0274 0.0434 0.4624 -6.8302 -1.9586 7.3913e+01
1.6990 -5.6035 -5.8227 0.3573 0.4624 -8.0000 -1.9586 1.0429e+02
1.6990 -5.2786 -6.0818 -0.0002 0.4624 -6.8363 -1.9586 9.1250e+01
1.6990 -5.3848 -5.8941 0.1327 0.4624 -7.3178 -1.9586 9.4499e+01
1.6990 -5.3825 -6.0268 0.1093 0.4624 -6.8717 -1.9586 6.8823e+01
1.6990 -5.4915 -5.8981 0.2361 0.4624 -7.1509 -1.9586 9.6312e+01
1.6990 -5.5241 -5.8002 0.3533 0.4624 -8.0000 -1.9586 1.2373e+02
1.6990 -5.7385 -5.8428 0.5544 0.4624 -8.0000 -1.9586 9.9538e+01
1.6990 -6.0786 -5.8491 0.8348 0.4624 -7.6228 -1.9586 7.9235e+01
1.6990 -5.6397 -5.8398 0.3604 0.4624 -7.7114 -1.9586 8.8152e+01
1.6990 -5.4285 -5.8132 0.2163 0.4624 -8.0000 -1.9586 1.1197e+02
1.6990 -5.7519 -5.8912 0.4982 0.4624 -7.4707 -1.9586 9.6363e+01
1.6990 -5.5821 -5.9416 0.3127 0.4624 -7.0330 -1.9586 5.2073e+01
1.6990 -5.5732 -5.9972 0.2904 0.4624 -7.0514 -1.9586 8.5855e+01
1.6990 -5.2093 -5.9724 -0.0334 0.4624 -6.7998 -1.9586 6.1418e+01
1.6990 -5.2489 -5.9765 -0.0124 0.4624 -6.8915 -1.9586 4.3031e+01
1.6990 -5.3969 -6.0471 0.1445 0.4624 -6.9942 -1.9586 6.4192e+01
1.6990 -5.5267 -5.8019 0.3216 0.4624 -8.0000 -1.9586 1.3111e+02
1.6990 -5.5713 -5.8725 0.2959 0.4624 -7.3826 -1.9586 8.1456e+01
1.6990 -5.6903 -5.8492 0.4472 0.4624 -7.5366 -1.9586 6.6906e+01
1.6990 -5.4141 -6.0327 0.1149 0.4624 -7.0822 -1.9586 8.6582e+01
1.6990 -5.6690 -5.9157 0.4853 0.4624 -7.5398 -1.9586 7.9918e+01
1.6990 -5.5890 -5.8635 0.3129 0.4624 -8.0000 -1.9586 1.1498e+02
1.6990 -5.3426 -5.9716 0.1286 0.4624 -6.9803 -1.9586 9.2096e+01
1.6990 -5.5833 -5.9047 0.3287 0.4624 -7.2957 -1.9586 7.8870e+01
1.6990 -5.2192 -5.9949 -0.0763 0.4624 -6.7914 -1.9586 8.8252e+01
1.6990 -5.6951 -5.8421 0.4395 0.4624 -7.8117 -1.9586 1.0161e+02
1.6990 -5.2908 -5.9943 0.0166 0.4624 -7.2484 -1.9586 7.8230e+01
1.6990 -5.5548 -5.9953 0.2941 0.4624 -7.0984 -1.9586 7.6165e+01
1.6990 -5.5802 -5.9177 0.3225 0.4624 -7.4051 -1.9586 6.9193e+01
1.6990 -5.4038 -5.9329 0.1512 0.4624 -6.9870 -1.9586 9.2367e+01
1.6990 -5.1099 -5.9857 -0.1271 0.4624 -6.9433 -1.9586 8.6302e+01
1.6990 -5.4738 -5.9849 0.2525 0.4624 -6.9686 -1.9586 5.2991e+01
1.6990 -5.5503 -5.9432 0.3360 0.4624 -7.1882 -1.9586 5.7124e+01
1.6990 -5.2555 -6.0422 -0.0267 0.4624 -6.7508 -1.9586 6.1076e+01
1.6990 -5.4684 -6.0013 0.2034 0.4624 -7.2138 -1.9586 5.7650e+01
1.6990 -5.5529 -5.8027 0.3788 0.4624 -8.0000 -1.9586 9.6724e+01
1.6990 -5.4710 -6.0127 0.1815 0.4624 -7.0857 -1.9586 5.9497e+01
1.6990 -5.3536 -6.0233 0.0806 0.4624 -6.7626 -1.9586 4.7314e+01
1.6990 -5.6295 -5.9234 0.3715 0.4624 -7.1430 -1.9586 5.7306e+01
1.6990 -5.6850 -5.8587 0.4046 0.4624 -7.3881 -1.9586 1.2131e+02
1.6990 -5.6132 -5.9118 0.3804 0.4624 -7.2288 -1.9586 6.6673e+01
1.6990 -5.5999 -5.8489 0.3563 0.4624 -8.0000 -1.9586 1.0504e+02
1.6990 -5.4794 -6.1157 0.1903 0.4624 -6.9387 -1.9586 7.1154e+01
1.6990 -5.3894 -5.9778 0.2044 0.4624 -7.1820 -1.9586 7.9509e+01
1.6990 -5.2287 -6.0399 -0.0776 0.4624 -6.6803 -1.9586 4.5613e+01
1.6990 -5.7742 -5.8598 0.5176 0.4624 -7.5479 -1.9586 9.9410e+01
1.6990 -5.6689 -5.9573 0.4102 0.4624 -7.3436 -1.9586 6.9032e+01
1.6990 -5.1385 -5.9576 -0.1000 0.4624 -6.9483 -1.9586 9.4319e+01
1.6990 -5.3477 -6.0147 0.0578 0.4624 -7.0236 -1.9586 7.3053e+01
1.6990 -5.5026 -6.0203 0.2239 0.4624 -6.9745 -1.9586 5.4029e+01
1.6990 -5.3558 -5.8686 0.1195 0.4624 -7.1755 -1.9586 1.0782e+02
1.6990 -5.5638 -5.8331 0.2833 0.4624 -8.0000 -1.9586 1.3531e+02
1.6990 -5.3532 -5.9118 0.1894 0.4624 -7.9844 -1.9586 9.4122e+01
1.6990 -5.3631 -6.0348 0.1074 0.4624 -6.9557 -1.9586 5.6521e+01
1.6990 -5.3665 -6.0172 0.0984 0.4624 -7.2267 -1.9586 8.5755e+01
1.6990 -5.2620 -5.9458 0.0112 0.4624 -6.9573 -1.9586 7.7291e+01
1.6990 -5.5277 -5.9453 0.2633 0.4624 -7.1436 -1.9586 8.0778e+01
1.6990 -5.3910 -5.8383 0.2117 0.4624 -7.6703 -1.9586 1.1408e+02
1.6990 -5.4739 -5.7967 0.2367 0.4624 -8.0000 -1.9586 1.0026e+02
1.6990 -5.4594 -5.8835 0.1861 0.4624 -7.2220 -1.9586 6.1414e+01
1.6990 -5.1139 -5.9816 -0.1305 0.4624 -6.8602 -1.9586 5.4554e+01
1.6990 -5.6418 -5.8743 0.4170 0.4624 -7.2527 -1.9586 5.3988e+01
1.6990 -5.8702 -5.9159 0.6327 0.4624 -7.5154 -1.9586 7.0247e+01
1.6990 -5.5188 -5.9520 0.2442 0.4624 -7.1057 -1.9586 8.1136e+01
1.6990 -5.3291 -5.9060 0.0582 0.4624 -8.0000 -1.9586 1.2527e+02
1.6990 -5.6719 -5.9536 0.4573 0.4624 -7.2274 -1.9586 7.0942e+01
1.6990 -5.5094 -5.8975 0.2602 0.4624 -7.4079 -1.9586 9.2648e+01
1.6990 -5.6873 -5.8724 0.4624 0.4624 -7.3369 -1.9586 1.0411e+02
1.6990 -5.4571 -5.9159 0.2562 0.4624 -7.2456 -1.9586 8.1565e+01
1.6990 -5.6610 -6.0749 0.3634 0.4624 -7.0191 -1.9586 5.4273e+01
1.6990 -5.3750 -6.0067 0.1012 0.4624 -6.9392 -1.9586 5.3184e+01
1.6990 -5.3241 -6.0762 0.0556 0.4624 -6.7711 -1.9586 6.7959e+01
1.6990 -5.4948 -5.8700 0.2559 0.4624 -7.3622 -1.9586 9.6221e+01
1.6990 -5.5255 -5.8937 0.2550 0.4624 -7.4365 -1.9586 7.2837e+01
1.6990 -5.5195 -5.8260 0.2439 0.4624 -7.7299 -1.9586 1.0408e+02
1.6990 -5.8108 -5.8647 0.5577 0.4624 -7.8650 -1.9586 1.0017e+02
1.6990 -5.5722 -5.8296 0.2948 0.4624 -7.9205 -1.9586 1.0855e+02
1.6990 -5.6538 -5.8679 0.4044 0.4624 -7.5566 -1.9586 1.0975e+02
1.6990 -5.4764 -5.9301 0.2072 0.4624 -7.1619 -1.9586 5.2818e+01
1.6990 -5.2618 -5.9516 -0.0065 0.4624 -6.9783 -1.9586 7.8367e+01
1.6990 -5.3997 -5.9546 0.1292 0.4624 -7.1818 -1.9586 7.5659e+01
1.6990 -5.5070 -5.8376 0.2918 0.4624 -8.0000 -1.9586 1.1598e+02
1.6990 -5.3012 -5.9973 0.0340 0.4624 -6.7693 -1.9586 4.7502e+01
1.6990 -5.3079 -6.0144 -0.0135 0.4624 -6.6739 -1.9586 9.1102e+01
1.6990 -5.5339 -5.9756 0.2893 0.4624 -7.2495 -1.9586 9.5412e+01
1.6990 -5.3522 -6.0319 0.1365 0.4624 -6.9804 -1.9586 4.3057e+01
1.6990 -5.3632 -5.9881 0.0800 0.4624 -7.0333 -1.9586 9.1325e+01
1.6990 -5.3884 -5.9603 0.1102 0.4624 -7.0247 -1.9586 8.5234e+01
1.6990 -5.7059 -5.7758 0.4917 0.4624 -7.5980 -1.9586 8.9222e+01
1.6990 -5.8874 -5.9276 0.6606 0.4624 -7.5384 -1.9586 7.9648e+01
1.6990 -5.5793 -5.9205 0.3218 0.4624 -7.2448 -1.9586 8.7822e+01
1.6990 -5.4855 -5.8543 0.2929 0.4624 -8.0000 -1.9586 1.1390e+02
1.6990 -5.6271 -5.8985 0.4262 0.4624 -7.2816 -1.9586 5.9364e+01
1.6990 -5.4264 -5.9292 0.1761 0.4624 -7.2584 -1.9586 6.8580e+01
1.6990 -5.7048 -5.7952 0.4646 0.4624 -8.0000 -1.9586 1.1266e+02
1.6990 -5.2523 -6.0915 -0.0268 0.4624 -6.7665 -1.9586 4.8982e+01
1.6990 -5.4097 -5.9090 0.2116 0.4624 -7.2142 -1.9586 9.9056e+01
1.6990 -5.8754 -5.8339 0.6276 0.4624 -7.9018 -1.9586 1.0205e+02
1.6990 -5.6979 -5.9558 0.4119 0.4624 -7.2300 -1.9586 5.6464e+01
1.6990 -5.1508 -6.0605 -0.1334 0.4624 -6.6850 -1.9586 5.9971e+01
1.6990 -5.2976 -5.8555 0.0820 0.4624 -7.3684 -1.9586 6.8386e+01
1.6990 -5.6085 -5.9227 0.3305 0.4624 -7.2092 -1.9586 6.4475e+01
1.6990 -5.5923 -5.9853 0.3034 0.4624 -7.1480 -1.9586 4.6530e+01
1.6990 -5.7000 -5.8881 0.4627 0.4624 -7.2877 -1.9586 9.0380e+01
1.6990 -5.5251 -5.8961 0.2609 0.4624 -7.2168 -1.9586 9.0512e+01
1.6990 -5.6356 -5.8933 0.4301 0.4624 -7.7606 -1.9586 9.2716e+01
1.6990 -5.7597 -5.8374 0.5425 0.4624 -8.0000 -1.9586 9.5122e+01
1.6990 -5.2455 -6.0301 -0.0025 0.4624 -6.8208 -1.9586 7.7775e+01
1.6990 -5.4767 -5.8643 0.2017 0.4624 -7.6207 -1.9586 1.1695e+02
1.6990 -5.2729 -6.0104 -0.0099 0.4624 -6.7597 -1.9586 6.3756e+01
1.6990 -5.4582 -5.8636 0.2115 0.4624 -8.0000 -1.9586 9.0171e+01
1.6990 -5.4902 -6.0100 0.1969 0.4624 -6.9137 -1.9586 6.6436e+01
1.6990 -5.4171 -5.9840 0.1331 0.4624 -6.9739 -1.9586 8.1090e+01
1.6990 -5.6074 -5.9233 0.3173 0.4624 -7.1010 -1.9586 7.1062e+01
1.6990 -5.6931 -5.8569 0.4585 0.4624 -7.5708 -1.9586 7.0134e+01
1.6990 -5.6647 -5.9013 0.4399 0.4624 -7.3042 -1.9586 1.1370e+02
1.6990 -5.5564 -5.9060 0.2747 0.4624 -7.2513 -1.9586 8.8105e+01
1.6990 -5.7802 -5.8401 0.5363 0.4624 -7.8545 -1.9586 1.2102e+02
1.6990 -5.3566 -6.0739 0.0806 0.4624 -6.7804 -1.9586 3.8302e+01
1.6990 -5.6528 -5.8259 0.4172 0.4624 -8.0000 -1.9586 1.0604e+02
1.6990 -5.1518 -5.9455 -0.0758 0.4624 -6.9909 -1.9586 7.0029e+01
1.6990 -5.4625 -5.9549 0.2114 0.4624 -7.1092 -1.9586 1.0466e+02
1.6990 -5.5808 -5.7969 0.3511 0.4624 -8.0000 -1.9586 1.0041e+02
1.6990 -5.4868 -6.0033 0.2062 0.4624 -6.9339 -1.9586 6.3034e+01
1.6990 -5.4842 -5.8771 0.2441 0.4624 -8.0000 -1.9586 9.7813e+01
1.6990 -5.6463 -5.9491 0.4311 0.4624 -7.4037 -1.9586 8.9904e+01
1.6990 -5.4058 -5.8936 0.1272 0.4624 -7.1071 -1.9586 8.8549e+01
1.6990 -5.3655 -6.0914 0.0530 0.4624 -6.7990 -1.9586 4.7054e+01
1.6990 -5.3283 -5.9288 0.0563 0.4624 -6.9827 -1.9586 8.2292e+01
1.6990 -5.7058 -5.8866 0.4835 0.4624 -7.3893 -1.9586 1.0797e+02
1.6990 -5.4586 -6.0093 0.2139 0.4624 -6.9887 -1.9586 5.2510e+01
1.6990 -5.4320 -6.0263 0.1789 0.4624 -7.0063 -1.9586 4.4576e+01
1.6990 -5.5887 -5.8785 0.3414 0.4624 -7.3747 -1.9586 8.8241e+01
1.6990 -5.5397 -5.8204 0.2532 0.4624 -7.5809 -1.9586 1.0437e+02
1.6990 -5.6543 -5.8556 0.4849 0.4624 -7.9553 -1.9586 9.4740e+01
1.6990 -5.2407 -6.0055 -0.0431 0.4624 -6.8268 -1.9586 6.7096e+01
1.6990 -5.5026 -6.0203 0.2239 0.4624 -6.9745 -1.9586 5.4029e+01
1.6990 -5.5378 -5.9466 0.2666 0.4624 -7.1240 -1.9586 6.3647e+01
1.6990 -5.4817 -5.9780 0.2277 0.4624 -7.1196 -1.9586 6.9101e+01
1.6990 -5.6812 -5.8813 0.4625 0.4624 -7.4865 -1.9586 1.0043e+02
1.6990 -5.5024 -5.9792 0.2461 0.4624 -7.1974 -1.9586 6.0410e+01
1.6990 -5.2032 -6.0141 -0.0972 0.4624 -6.6930 -1.9586 4.6484e+01
1.6990 -5.6408 -5.9169 0.4030 0.4624 -7.5847 -1.9586 8.8885e+01
1.6990 -5.4824 -5.8584 0.2820 0.4624 -8.0000 -1.9586 1.0400e+02
1.6990 -5.4413 -5.8119 0.1859 0.4624 -8.0000 -1.9586 9.5442e+01
1.6990 -5.4179 -5.8718 0.2113 0.4624 -8.0000 -1.9586 1.0794e+02
1.6990 -5.5329 -5.9250 0.2630 0.4624 -7.2252 -1.9586 7.0321e+01
1.6990 -5.7178 -5.8203 0.4422 0.4624 -7.6651 -1.9586 1.1965e+02
1.6990 -5.2786 -5.9232 0.0964 0.4624 -6.9928 -1.9586 6.2597e+01
1.6990 -5.3348 -5.9442 0.1584 0.4624 -8.0000 -1.9586 9.9663e+01
1.6990 -5.5728 -5.9309 0.3125 0.4624 -6.9809 -1.9586 7.1174e+01
1.6990 -5.4941 -5.8989 0.2958 0.4624 -7.2625 -1.9586 6.1584e+01
1.6990 -5.2166 -5.9899 -0.0113 0.4624 -6.8227 -1.9586 6.2802e+01
1.6990 -5.1483 -5.9495 -0.0845 0.4624 -7.0700 -1.9586 8.2928e+01
1.6990 -5.4732 -5.9712 0.1877 0.4624 -7.0046 -1.9586 7.9728e+01
1.6990 -5.6591 -5.8900 0.4078 0.4624 -7.4056 -1.9586 1.0355e+02
1.6990 -5.4042 -5.9351 0.1756 0.4624 -7.4344 -1.9586 9.5799e+01
1.6990 -5.6521 -6.0561 0.4425 0.4624 -7.0934 -1.9586 5.6273e+01
1.6990 -5.2371 -5.9827 0.0353 0.4624 -7.0172 -1.9586 7.4998e+01
1.6990 -5.5200 -5.8501 0.3157 0.4624 -8.0000 -1.9586 8.3829e+01
1.6990 -5.5797 -5.9333 0.3298 0.4624 -7.3358 -1.9586 8.2396e+01
1.6990 -5.3059 -6.0594 0.1254 0.4624 -6.9986 -1.9586 5.9193e+01
1.6990 -5.5130 -5.9009 0.2447 0.4624 -7.2885 -1.9586 7.9449e+01
1.6990 -5.2441 -5.8615 0.0152 0.4624 -8.0000 -1.9586 1.2201e+02
1.6990 -5.8354 -5.9636 0.5786 0.4624 -7.3805 -1.9586 8.0612e+01
1.6990 -5.5986 -6.0388 0.3496 0.4624 -7.0282 -1.9586 5.7484e+01
1.6990 -5.7805 -5.8916 0.5250 0.4624 -7.4749 -1.9586 9.2753e+01
1.6990 -5.4792 -5.7927 0.2391 0.4624 -8.0000 -1.9586 1.1249e+02
1.6990 -5.6891 -5.9966 0.4045 0.4624 -7.1867 -1.9586 7.0607e+01
1.6990 -5.2382 -6.0402 -0.0714 0.4624 -6.8612 -1.9586 8.6470e+01
1.6990 -5.5641 -5.8701 0.3447 0.4624 -7.4320 -1.9586 7.7799e+01
1.6990 -5.5256 -5.9379 0.3125 0.4624 -7.1122 -1.9586 8.6937e+01
1.6990 -5.6479 -5.9695 0.4425 0.4624 -7.2194 -1.9586 5.4427e+01
1.6990 -5.8790 -5.8520 0.6277 0.4624 -7.5671 -1.9586 6.5546e+01
1.6990 -5.6819 -5.9164 0.4274 0.4624 -7.2169 -1.9586 8.3144e+01
1.6990 -5.6620 -5.8216 0.4372 0.4624 -7.7426 -1.9586 1.1988e+02
1.6990 -5.4871 -5.9280 0.1879 0.4624 -7.2758 -1.9586 7.3315e+01
1.6990 -5.6890 -5.8558 0.4501 0.4624 -7.5690 -1.9586 9.4602e+01
1.6990 -5.3231 -6.0572 0.0104 0.4624 -6.6934 -1.9586 6.3628e+01
1.6990 -5.1666 -6.0122 -0.1308 0.4624 -6.8058 -1.9586 8.6073e+01
1.6990 -5.5028 -5.8819 0.3040 0.4624 -7.7294 -1.9586 9.6811e+01
1.6990 -5.3186 -6.0387 0.0180 0.4624 -6.7002 -1.9586 4.1498e+01
1.6990 -5.4052 -5.9278 0.1654 0.4624 -7.0840 -1.9586 1.0543e+02
1.6990 -5.1974 -5.9030 -0.0932 0.4624 -6.8918 -1.9586 1.1742e+02
1.6990 -5.3605 -5.8591 0.1919 0.4624 -8.0000 -1.9586 1.1408e+02
1.6990 -5.2053 -5.9737 -0.0408 0.4624 -6.8074 -1.9586 8.4929e+01
1.6990 -5.3966 -5.9053 0.1431 0.4624 -7.4344 -1.9586 8.7046e+01
1.6990 -5.6061 -5.8838 0.3615 0.4624 -7.3156 -1.9586 5.7529e+01
1.6990 -5.3487 -6.0620 0.0702 0.4624 -6.8637 -1.9586 7.7639e+01
1.6990 -5.4032 -5.8220 0.1582 0.4624 -7.3714 -1.9586 9.9972e+01
1.6990 -5.1921 -5.9757 -0.0693 0.4624 -6.6633 -1.9586 7.5822e+01
1.6990 -5.2617 -5.9498 -0.0066 0.4624 -7.1694 -1.9586 7.8406e+01
1.6990 -5.4764 -5.8776 0.2179 0.4624 -7.1918 -1.9586 6.2667e+01
1.6990 -5.3031 -5.8521 0.0482 0.4624 -8.0000 -1.9586 9.5650e+01
1.6990 -5.3007 -5.9098 0.0625 0.4624 -7.1818 -1.9586 7.3089e+01
1.6990 -5.6123 -5.9502 0.3302 0.4624 -7.2511 -1.9586 7.3904e+01
1.6990 -5.4274 -5.9697 0.1503 0.4624 -6.9174 -1.9586 6.0890e+01
1.6990 -5.6560 -5.8704 0.3867 0.4624 -7.3698 -1.9586 8.6434e+01
1.6990 -5.6220 -5.8163 0.3908 0.4624 -7.4699 -1.9586 1.1409e+02
1.6990 -5.5268 -5.9472 0.2449 0.4624 -7.0281 -1.9586 7.6689e+01
1.6990 -5.1351 -6.1128 -0.0748 0.4624 -6.7412 -1.9586 4.7858e+01
1.6990 -5.2194 -5.9806 -0.0583 0.4624 -6.8799 -1.9586 6.3913e+01
1.6990 -5.8448 -5.7797 0.6269 0.4624 -8.0000 -1.9586 1.1595e+02
1.6990 -5.2477 -6.0037 -0.0233 0.4624 -6.9544 -1.9586 7.3874e+01
1.6990 -5.5170 -5.9498 0.2573 0.4624 -7.0092 -1.9586 7.2557e+01
1.6990 -5.3861 -6.0158 0.0723 0.4624 -6.8380 -1.9586 5.5631e+01
1.6990 -5.6161 -5.9160 0.3624 0.4624 -7.3599 -1.9586 1.0152e+02
1.6990 -5.2547 -5.8220 -0.0062 0.4624 -8.0000 -1.9586 8.1844e+01
1.6990 -5.3576 -5.9378 0.0727 0.4624 -6.9183 -1.9586 7.2316e+01
1.6990 -5.1836 -5.8878 -0.0295 0.4624 -8.0000 -1.9586 1.1320e+02
1.6990 -5.6710 -5.8453 0.4299 0.4624 -7.9210 -1.9586 9.0105e+01
1.6990 -5.6097 -5.9708 0.3408 0.4624 -6.9958 -1.9586 4.0807e+01
1.6990 -5.9330 -5.9346 0.6474 0.4624 -7.5666 -1.9586 8.0420e+01
1.6990 -5.3190 -6.0091 0.0493 0.4624 -7.0454 -1.9586 1.1398e+02
1.6990 -5.3104 -6.0054 0.0845 0.4624 -7.0191 -1.9586 8.2769e+01
1.6990 -5.6334 -5.8241 0.3782 0.4624 -8.0000 -1.9586 1.1533e+02
1.6990 -5.7083 -5.8653 0.4372 0.4624 -7.4102 -1.9586 9.6529e+01
1.6990 -5.6983 -5.8529 0.4532 0.4624 -8.0000 -1.9586 8.5859e+01
1.6990 -5.5413 -5.9179 0.3049 0.4624 -7.3077 -1.9586 7.8814e+01
1.6990 -5.4647 -5.9582 0.2072 0.4624 -7.0223 -1.9586 8.2468e+01
1.6990 -5.5869 -5.9154 0.3650 0.4624 -7.1861 -1.9586 6.7209e+01
1.6990 -5.6291 -5.7931 0.4124 0.4624 -7.9591 -1.9586 1.1374e+02
1.6990 -5.1583 -5.9506 -0.0755 0.4624 -7.1947 -1.9586 9.9345e+01
1.6990 -5.9680 -5.8403 0.7071 0.4624 -7.6552 -1.9586 8.9952e+01
1.6990 -5.5118 -5.9080 0.2860 0.4624 -7.2958 -1.9586 7.5153e+01
1.6990 -5.4700 -5.9733 0.1961 0.4624 -7.2445 -1.9586 9.4144e+01
1.6990 -5.1182 -5.9722 -0.1362 0.4624 -6.8181 -1.9586 8.0890e+01
1.6990 -5.4287 -5.9674 0.2167 0.4624 -7.1014 -1.9586 8.2554e+01
1.6990 -5.3807 -5.8319 0.1781 0.4624 -8.0000 -1.9586 1.2191e+02
1.6990 -5.5102 -6.0631 0.2349 0.4624 -6.9763 -1.9586 6.6834e+01
1.6990 -5.4871 -5.9586 0.2269 0.4624 -7.2309 -1.9586 7.9471e+01
1.6990 -5.3966 -5.8819 0.1276 0.4624 -8.0000 -1.9586 1.2076e+02
1.6990 -5.3428 -5.8958 0.0692 0.4624 -7.2149 -1.9586 1.0205e+02
1.6990 -5.5110 -5.9284 0.2758 0.4624 -7.1029 -1.9586 6.7515e+01
1.6990 -5.8227 -5.7953 0.5586 0.4624 -7.9349 -1.9586 1.2322e+02
1.6990 -5.5181 -5.8243 0.3288 0.4624 -7.5781 -1.9586 9.6663e+01
1.6990 -5.3621 -5.9780 0.1038 0.4624 -7.0280 -1.9586 7.3329e+01
1.6990 -5.4055 -5.9275 0.1906 0.4624 -7.1723 -1.9586 9.8557e+01
1.6990 -5.4335 -6.1242 0.1952 0.4624 -6.8885 -1.9586 4.9529e+01
1.6990 -5.4947 -6.0141 0.2040 0.4624 -6.9722 -1.9586 6.1263e+01
1.6990 -5.2003 -5.9849 0.0031 0.4624 -6.8870 -1.9586 5.5689e+01
1.6990 -5.5421 -5.9018 0.2871 0.4624 -7.1617 -1.9586 6.5119e+01
1.6990 -5.5874 -5.9718 0.3149 0.4624 -7.0960 -1.9586 7.5589e+01
1.6990 -5.3252 -5.8739 0.1843 0.4624 -7.4088 -1.9586 6.7778e+01
1.6990 -5.2268 -6.0303 -0.0323 0.4624 -6.8349 -1.9586 5.3086e+01
1.6990 -5.2838 -6.0491 0.0055 0.4624 -6.8225 -1.9586 5.5378e+01
1.6990 -5.4196 -5.9180 0.1909 0.4624 -7.9189 -1.9586 9.7338e+01
1.6990 -5.0410 -5.9121 -0.1879 0.4624 -8.0000 -1.9586 1.1120e+02
1.6990 -5.4867 -5.9947 0.2458 0.4624 -6.9503 -1.9586 5.7665e+01
1.6990 -5.7099 -5.8981 0.4459 0.4624 -7.2257 -1.9586 8.0258e+01
1.6990 -5.4324 -5.8196 0.1726 0.4624 -7.2340 -1.9586 1.1807e+02
1.6990 -5.7572 -5.9360 0.5554 0.4624 -7.3654 -1.9586 7.9340e+01
1.6990 -5.4642 -6.0167 0.2020 0.4624 -7.0876 -1.9586 6.2228e+01
1.6990 -5.3013 -5.9597 0.0145 0.4624 -6.9640 -1.9586 7.2311e+01
1.6990 -5.5010 -5.8039 0.2878 0.4624 -8.0000 -1.9586 1.1658e+02
1.6990 -5.4236 -5.8368 0.2320 0.4624 -7.5300 -1.9586 8.3402e+01
1.6990 -5.4326 -5.9114 0.1539 0.4624 -7.7410 -1.9586 1.1096e+02
1.6990 -5.6579 -5.9268 0.3721 0.4624 -7.2481 -1.9586 7.4865e+01
1.6990 -5.3691 -5.9713 0.0861 0.4624 -6.9695 -1.9586 6.6080e+01
1.6990 -5.3483 -5.8509 0.0864 0.4624 -8.0000 -1.9586 1.0931e+02
1.6990 -5.5460 -5.9628 0.2954 0.4624 -7.2317 -1.9586 5.8017e+01
1.6990 -5.4865 -5.8454 0.3056 0.4624 -7.5268 -1.9586 5.8602e+01
1.6990 -5.6623 -5.8336 0.4560 0.4624 -8.0000 -1.9586 9.5977e+01
1.6990 -5.7158 -5.8577 0.5200 0.4624 -7.5984 -1.9586 8.1991e+01
1.6990 -5.4131 -5.9021 0.1688 0.4624 -7.4950 -1.9586 8.9685e+01
1.6990 -5.6765 -5.8614 0.4282 0.4624 -8.0000 -1.9586 1.0168e+02
1.6990 -5.4444 -5.9832 0.1793 0.4624 -6.9416 -1.9586 5.7539e+01
1.6990 -5.4609 -5.8444 0.2201 0.4624 -7.7037 -1.9586 1.2573e+02
1.6990 -5.6674 -5.9335 0.3861 0.4624 -7.2493 -1.9586 6.3448e+01
1.6990 -5.7291 -5.8801 0.4873 0.4624 -7.4779 -1.9586 9.4991e+01
1.6990 -5.7008 -6.0488 0.4245 0.4624 -7.1352 -1.9586 7.5666e+01
1.6990 -5.4672 -6.0204 0.1705 0.4624 -6.8656 -1.9586 6.4206e+01
1.6990 -5.4090 -6.0228 0.1720 0.4624 -7.1152 -1.9586 6.0299e+01
1.6990 -5.4022 -5.9109 0.1786 0.4624 -7.3109 -1.9586 8.6191e+01
1.6990 -5.2214 -5.9791 -0.0762 0.4624 -6.7437 -1.9586 5.3766e+01
1.6990 -5.4352 -5.9140 0.2327 0.4624 -7.3467 -1.9586 9.5499e+01
1.6990 -5.4433 -5.8325 0.2014 0.4624 -7.8494 -1.9586 9.5036e+01
1.6990 -5.4952 -5.8512 0.2252 0.4624 -7.9933 -1.9586 9.2965e+01
1.6990 -5.3016 -5.9986 0.0310 0.4624 -7.2051 -1.9586 8.1415e+01
1.6990 -5.9095 -5.8540 0.6563 0.4624 -7.7583 -1.9586 8.0240e+01
1.6990 -5.1215 -6.0178 -0.1163 0.4624 -6.8330 -1.9586 6.9037e+01
1.6990 -5.7447 -5.8626 0.4952 0.4624 -7.5283 -1.9586 1.2475e+02
1.6990 -5.4401 -6.0133 0.2290 0.4624 -7.1939 -1.9586 6.9484e+01
1.6990 -5.4860 -6.0650 0.2167 0.4624 -6.9383 -1.9586 5.3818e+01
1.6990 -5.6577 -5.8543 0.3878 0.4624 -7.3108 -1.9586 8.0081e+01
1.6990 -5.3537 -5.8476 0.0933 0.4624 -7.7357 -1.9586 8.1836e+01
1.6990 -5.5659 -5.8923 0.2700 0.4624 -7.2520 -1.9586 9.6970e+01
1.6990 -5.2569 -5.9298 0.0164 0.4624 -6.9261 -1.9586 6.4145e+01
1.6990 -5.4506 -5.8543 0.2367 0.4624 -8.0000 -1.9586 1.1988e+02
1.6990 -5.5496 -5.9076 0.3029 0.4624 -7.3656 -1.9586 1.0986e+02
1.6990 -5.5300 -5.9245 0.2514 0.4624 -7.3527 -1.9586 8.7308e+01
1.6990 -5.2381 -5.9926 -0.0163 0.4624 -6.8529 -1.9586 9.2545e+01
1.6990 -5.8585 -5.8989 0.5983 0.4624 -7.4808 -1.9586 7.0107e+01
1.6990 -5.3136 -5.9115 0.0490 0.4624 -7.1492 -1.9586 7.7811e+01
1.6990 -5.4614 -5.9387 0.2548 0.4624 -7.8974 -1.9586 9.7264e+01
1.6990 -5.1310 -5.9668 -0.0332 0.4624 -6.8614 -1.9586 5.6264e+01
1.6990 -5.6150 -5.9141 0.3613 0.4624 -7.4318 -1.9586 9.2539e+01
1.6990 -5.6256 -5.9613 0.3296 0.4624 -6.9824 -1.9586 5.7756e+01
1.6990 -5.4514 -5.9770 0.1695 0.4624 -7.1920 -1.9586 4.9000e+01
1.6990 -6.0073 -5.8061 0.7861 0.4624 -7.6913 -1.9586 7.0068e+01
1.6990 -5.6662 -5.8682 0.4097 0.4624 -7.2315 -1.9586 5.5987e+01
1.6990 -5.4652 -5.9809 0.1393 0.4624 -6.8794 -1.9586 9.6354e+01
1.6990 -5.6094 -5.9954 0.3153 0.4624 -7.1556 -1.9586 6.9134e+01
1.6990 -5.2058 -5.9455 -0.0207 0.4624 -6.8999 -1.9586 5.7019e+01
1.6990 -5.9402 -5.7770 0.6687 0.4624 -8.0000 -1.9586 1.3360e+02
1.6990 -5.5214 -5.9186 0.2706 0.4624 -7.0935 -1.9586 6.9847e+01
1.6990 -5.5684 -5.9936 0.2913 0.4624 -6.9886 -1.9586 3.7755e+01
1.6990 -5.1973 -5.9809 -0.0798 0.4624 -6.9232 -1.9586 7.9686e+01
1.6990 -5.7361 -5.9627 0.4916 0.4624 -7.4751 -1.9586 7.2247e+01
1.6990 -5.4809 -5.9664 0.2260 0.4624 -7.0625 -1.9586 6.6005e+01
1.6990 -5.7326 -5.9645 0.4156 0.4624 -7.2163 -1.9586 7.9513e+01
1.6990 -5.4043 -5.8615 0.1799 0.4624 -8.0000 -1.9586 9.4705e+01
1.6990 -5.3093 -5.8796 0.0896 0.4624 -7.2469 -1.9586 1.2009e+02
1.6990 -5.4427 -5.8849 0.2185 0.4624 -7.5284 -1.9586 1.0350e+02
1.6990 -5.8544 -5.8646 0.6059 0.4624 -7.5589 -1.9586 9.1686e+01
1.6990 -5.2989 -6.0176 0.0772 0.4624 -6.8098 -1.9586 6.1835e+01
1.6990 -5.7897 -5.9334 0.5256 0.4624 -7.2579 -1.9586 4.2851e+01
1.6990 -5.5275 -5.9063 0.3078 0.4624 -7.3476 -1.9586 7.7890e+01
1.6990 -5.5520 -5.8042 0.4256 0.4624 -8.0000 -1.9586 7.4964e+01
1.6990 -5.4712 -5.8727 0.2428 0.4624 -7.3619 -1.9586 8.4590e+01
1.6990 -5.5458 -5.9708 0.2532 0.4624 -7.1486 -1.9586 7.1421e+01
1.6990 -5.7350 -5.8882 0.5257 0.4624 -7.5563 -1.9586 8.0010e+01
1.6990 -5.3919 -5.9419 0.2045 0.4624 -7.1079 -1.9586 6.4973e+01
1.6990 -5.4849 -5.9861 0.2672 0.4624 -7.2009 -1.9586 5.6742e+01
1.6990 -5.6868 -5.8915 0.4160 0.4624 -7.4378 -1.9586 7.1853e+01
1.6990 -5.2380 -6.1075 -0.0449 0.4624 -6.6752 -1.9586 5.1475e+01
1.6990 -5.6197 -5.9315 0.3569 0.4624 -7.2108 -1.9586 8.0184e+01
1.6990 -5.5947 -5.8597 0.3439 0.4624 -7.5323 -1.9586 1.1950e+02
1.6990 -5.3473 -6.0327 0.0307 0.4624 -6.7845 -1.9586 7.0979e+01
1.6990 -5.2495 -6.0081 -0.0175 0.4624 -6.8445 -1.9586 4.5096e+01
1.6990 -5.4482 -5.8798 0.1721 0.4624 -7.3082 -1.9586 9.5743e+01
1.6990 -5.6882 -5.8305 0.4279 0.4624 -7.9537 -1.9586 9.1311e+01
1.6990 -5.5392 -6.0175 0.2299 0.4624 -6.9319 -1.9586 8.0118e+01
1.6990 -5.6903 -5.9907 0.4040 0.4624 -7.1478 -1.9586 6.4601e+01
1.6990 -5.5790 -5.9082 0.3100 0.4624 -8.0000 -1.9586 9.3567e+01
1.6990 -5.5601 -6.0246 0.2839 0.4624 -7.0748 -1.9586 7.9960e+01
1.6990 -5.6672 -5.9620 0.3613 0.4624 -7.0440 -1.9586 7.4330e+01
1.6990 -5.7061 -5.7941 0.4526 0.4624 -8.0000 -1.9586 8.8415e+01
1.6990 -5.6979 -5.9558 0.4119 0.4624 -7.2300 -1.9586 5.6464e+01
1.6990 -5.2576 -6.0814 -0.0522 0.4624 -6.8300 -1.9586 5.6594e+01
1.6990 -5.3365 -5.8432 0.0748 0.4624 -7.2603 -1.9586 8.3878e+01
1.6990 -5.2688 -5.9092 -0.0034 0.4624 -7.1871 -1.9586 8.9873e+01
1.6990 -5.5451 -5.9186 0.2503 0.4624 -7.0928 -1.9586 8.6797e+01
1.6990 -5.4651 -6.0622 0.1455 0.4624 -6.8557 -1.9586 5.3343e+01
1.6990 -5.3430 -6.0266 0.0793 0.4624 -7.0455 -1.9586 7.6917e+01
1.6990 -5.4843 -5.9629 0.2419 0.4624 -7.1324 -1.9586 7.5373e+01
1.6990 -5.7440 -5.8626 0.5108 0.4624 -7.5590 -1.9586 7.9407e+01
1.6990 -5.4215 -5.8472 0.1801 0.4624 -7.0562 -1.9586 6.7543e+01
1.6990 -5.6234 -5.9949 0.3030 0.4624 -7.1035 -1.9586 9.5201e+01
1.6990 -5.3997 -5.8305 0.2057 0.4624 -7.4850 -1.9586 7.9762e+01
1.6990 -5.3243 -5.9170 0.1772 0.4624 -7.1435 -1.9586 8.8541e+01
1.6990 -5.6349 -5.8204 0.4067 0.4624 -7.7110 -1.9586 1.1178e+02
1.6990 -5.5106 -5.8921 0.3309 0.4624 -7.2480 -1.9586 1.0122e+02
1.6990 -5.5952 -5.9482 0.3162 0.4624 -7.1348 -1.9586 8.7844e+01
1.6990 -5.5534 -5.9046 0.3334 0.4624 -7.2095 -1.9586 8.7548e+01
1.6990 -5.7979 -5.9124 0.5355 0.4624 -7.4318 -1.9586 9.3135e+01
1.6990 -5.4240 -5.9231 0.1184 0.4624 -7.4019 -1.9586 8.6770e+01
1.6990 -5.6832 -5.9641 0.3744 0.4624 -7.2148 -1.9586 6.2058e+01
1.6990 -5.3681 -5.9846 0.0739 0.4624 -7.1346 -1.9586 5.7587e+01
1.6990 -5.6386 -5.9737 0.3703 0.4624 -7.1857 -1.9586 5.1479e+01
1.6990 -5.4947 -5.8134 0.2501 0.4624 -7.4551 -1.9586 9.5083e+01
1.6990 -5.2987 -5.8879 0.0771 0.4624 -6.9177 -1.9586 9.5750e+01
1.6990 -5.3093 -5.8565 0.0407 0.4624 -8.0000 -1.9586 1.1468e+02
1.6990 -5.3059 -6.0183 0.0555 0.4624 -6.8808 -1.9586 4.2594e+01
1.6990 -5.5650 -5.9819 0.3274 0.4624 -7.1044 -1.9586 6.7588e+01
1.6990 -5.5366 -5.9128 0.2802 0.4624 -7.2365 -1.9586 7.9860e+01
1.6990 -5.3802 -5.8135 0.1550 0.4624 -8.0000 -1.9586 8.8026e+01
1.6990 -5.3433 -5.9092 0.0892 0.4624 -7.3992 -1.9586 8.5403e+01
1.6990 -5.4448 -5.9360 0.2283 0.4624 -7.1873 -1.9586 5.7469e+01
1.6990 -5.6245 -5.9734 0.3059 0.4624 -7.0036 -1.9586 6.3840e+01
1.6990 -5.3610 -5.8950 0.1984 0.4624 -7.2666 -1.9586 9.5440e+01
1.6990 -5.2132 -6.0368 -0.0419 0.4624 -6.8719 -1.9586 8.3908e+01
1.6990 -5.2713 -6.0837 0.0094 0.4624 -6.8217 -1.9586 5.5322e+01
1.6990 -5.3635 -5.8855 0.1260 0.4624 -7.5928 -1.9586 1.0111e+02
1.6990 -5.5850 -5.8111 0.3566 0.4624 -8.0000 -1.9586 1.1320e+02
1.6990 -5.4297 -5.9937 0.1269 0.4624 -7.0305 -1.9586 7.3921e+01
1.6990 -5.3361 -6.0165 0.0591 0.4624 -6.8740 -1.9586 6.5664e+01
1.6990 -5.0851 -5.9737 -0.2044 0.4624 -6.8247 -1.9586 7.3376e+01
1.6990 -5.6745 -5.8473 0.4499 0.4624 -7.4407 -1.9586 8.1479e+01
1.6990 -5.3823 -6.0317 0.1515 0.4624 -6.8370 -1.9586 6.8763e+01
1.6990 -5.4938 -5.8786 0.2177 0.4624 -7.3937 -1.9586 9.8872e+01
1.6990 -5.4884 -5.8551 0.2479 0.4624 -7.4513 -1.9586 9.0531e+01
1.6990 -5.6907 -5.9737 0.4026 0.4624 -7.2824 -1.9586 7.3819e+01
1.6990 -5.3263 -5.9755 0.0480 0.4624 -7.0343 -1.9586 9.6053e+01
1.6990 -5.5040 -5.8617 0.2416 0.4624 -7.2296 -1.9586 1.1675e+02
1.6990 -5.4669 -5.9492 0.1751 0.4624 -7.0663 -1.9586 6.5028e+01
1.6990 -5.4735 -5.9116 0.1997 0.4624 -6.9915 -1.9586 8.0793e+01
1.6990 -5.4029 -5.9162 0.1496 0.4624 -7.2000 -1.9586 9.4029e+01
1.6990 -5.5337 -5.8249 0.2876 0.4624 -7.2626 -1.9586 9.8318e+01
1.6990 -5.3147 -5.9606 0.0418 0.4624 -6.8402 -1.9586 7.3478e+01
1.6990 -5.2354 -6.0295 -0.0347 0.4624 -6.7907 -1.9586 8.2876e+01
1.6990 -5.3698 -5.8504 0.1438 0.4624 -7.4099 -1.9586 7.4968e+01
1.6990 -5.3736 -5.8353 0.1480 0.4624 -7.9999 -1.9586 9.5478e+01
1.6990 -5.6900 -5.9782 0.4101 0.4624 -7.3406 -1.9586 6.9427e+01
1.6990 -5.6707 -5.9680 0.3829 0.4624 -7.1345 -1.9586 5.3842e+01
1.6990 -5.7425 -5.9061 0.4858 0.4624 -7.6763 -1.9586 8.2552e+01
1.6990 -5.2568 -5.9614 0.0638 0.4624 -6.9211 -1.9586 8.6731e+01
1.6990 -5.3246 -6.0487 0.0653 0.4624 -6.9017 -1.9586 7.1436e+01
1.6990 -5.4390 -5.9342 0.2058 0.4624 -7.2524 -1.9586 1.0441e+02
1.6990 -5.3823 -5.9803 0.1341 0.4624 -7.0773 -1.9586 8.2923e+01
1.6990 -5.4651 -5.7882 0.2654 0.4624 -8.0000 -1.9586 1.0767e+02
1.6990 -5.6691 -5.8257 0.4424 0.4624 -7.5440 -1.9586 8.7424e+01
1.6990 -5.4237 -6.0213 0.1509 0.4624 -6.8757 -1.9586 7.3974e+01
1.6990 -5.1928 -6.0759 -0.0689 0.4624 -6.6465 -1.9586 7.0146e+01
1.6990 -5.2142 -6.0480 -0.0655 0.4624 -6.7734 -1.9586 5.7611e+01
1.6990 -5.3236 -5.8407 0.0672 0.4624 -7.2254 -1.9586 7.8401e+01
1.6990 -5.8425 -5.8866 0.5579 0.4624 -7.3917 -1.9586 6.9783e+01
1.6990 -5.5685 -5.9678 0.2890 0.4624 -7.1212 -1.9586 7.0207e+01
1.6990 -5.4810 -5.9834 0.1990 0.4624 -6.9709 -1.9586 9.5972e+01
1.6990 -5.3633 -5.9315 0.1718 0.4624 -7.2466 -1.9586 6.9675e+01
1.6990 -5.8082 -5.8445 0.6001 0.4624 -7.7502 -1.9586 9.0767e+01
1.6990 -5.8127 -5.8105 0.5741 0.4624 -8.0000 -1.9586 8.5379e+01
1.6990 -5.2919 -6.0478 0.0390 0.4624 -6.9152 -1.9586 5.4817e+01
1.6990 -5.5453 -5.9635 0.3119 0.4624 -7.1682 -1.9586 9.6776e+01
1.6990 -5.3317 -6.0470 0.0758 0.4624 -6.7922 -1.9586 6.9103e+01
1.6990 -5.5160 -5.9843 0.2338 0.4624 -6.9588 -1.9586 7.0001e+01
1.6990 -5.3134 -5.8892 0.0300 0.4624 -7.0235 -1.9586 1.1215e+02
1.6990 -5.4895 -6.0274 0.1766 0.4624 -6.9047 -1.9586 6.5158e+01
1.6990 -5.6080 -5.9714 0.3393 0.4624 -7.3600 -1.9586 6.7694e+01
1.6990 -5.1767 -5.9902 -0.1158 0.4624 -6.5395 -1.9586 5.0629e+01
1.6990 -5.6607 -5.8663 0.4531 0.4624 -7.3781 -1.9586 6.5227e+01
1.6990 -5.7498 -5.9265 0.4865 0.4624 -7.2591 -1.9586 7.3850e+01
1.6990 -5.4376 -5.9344 0.2113 0.4624 -7.1078 -1.9586 6.8672e+01
1.6990 -5.3016 -5.9986 0.0310 0.4624 -7.2051 -1.9586 8.1415e+01
1.6990 -5.5530 -5.8618 0.3038 0.4624 -7.4257 -1.9586 9.2407e+01
1.6990 -5.4213 -5.9834 0.1738 0.4624 -6.9219 -1.9586 4.6297e+01
1.6990 -5.4046 -6.0074 0.0987 0.4624 -6.9923 -1.9586 6.6606e+01
1.6990 -5.4414 -5.9988 0.1640 0.4624 -7.1144 -1.9586 7.1180e+01
1.6990 -5.3196 -6.0721 -0.0029 0.4624 -6.8742 -1.9586 6.7950e+01
1.6990 -5.5170 -5.9498 0.2573 0.4624 -7.0092 -1.9586 7.2557e+01
1.6990 -5.3377 -5.9891 0.0419 0.4624 -6.9709 -1.9586 6.8587e+01
1.6990 -5.6037 -5.9326 0.3417 0.4624 -7.0962 -1.9586 6.6391e+01
1.6990 -5.8156 -5.8750 0.5405 0.4624 -7.4830 -1.9586 9.0511e+01
1.6990 -5.3298 -5.9997 0.0448 0.4624 -6.9017 -1.9586 7.1273e+01
1.6990 -5.4778 -5.8344 0.2919 0.4624 -7.7592 -1.9586 9.9429e+01
1.6990 -5.4881 -5.9607 0.2586 0.4624 -7.1582 -1.9586 7.9971e+01
1.6990 -5.5396 -5.9107 0.2504 0.4624 -7.1114 -1.9586 9.7327e+01
1.6990 -5.2750 -5.9203 0.0595 0.4624 -7.0115 -1.9586 7.1412e+01
1.6990 -5.3771 -5.9392 0.1095 0.4624 -7.0680 -1.9586 6.4455e+01
1.6990 -5.7389 -5.8393 0.5216 0.4624 -8.0000 -1.9586 1.1082e+02
1.6990 -5.3061 -5.8682 0.0766 0.4624 -7.0525 -1.9586 8.0240e+01
1.6990 -5.6552 -5.9916 0.3737 0.4624 -7.2073 -1.9586 7.9220e+01
1.6990 -5.3781 -5.8765 0.1221 0.4624 -7.9999 -1.9586 7.2586e+01
1.6990 -5.6997 -5.9784 0.4085 0.4624 -7.2796 -1.9586 6.3602e+01
1.6990 -5.4649 -5.8178 0.1824 0.4624 -7.3569 -1.9586 7.9808e+01
1.6990 -5.4299 -6.0505 0.1765 0.4624 -6.8881 -1.9586 8.0407e+01
1.6990 -5.4888 -5.8504 0.2801 0.4624 -8.0000 -1.9586 1.1984e+02
1.6990 -5.6667 -5.8762 0.3973 0.4624 -7.3878 -1.9586 8.7065e+01
1.6990 -5.3763 -5.9333 0.2083 0.4624 -7.1271 -1.9586 5.9218e+01
1.6990 -5.3154 -5.9898 0.0387 0.4624 -6.8811 -1.9586 8.1716e+01
1.6990 -5.2098 -6.0083 -0.0583 0.4624 -6.7830 -1.9586 5.7896e+01
1.6990 -5.3746 -6.0431 0.0664 0.4624 -6.7942 -1.9586 7.9431e+01
1.6990 -5.6811 -5.8518 0.4001 0.4624 -7.3805 -1.9586 6.4171e+01
1.6990 -5.4033 -6.0070 0.1479 0.4624 -6.9174 -1.9586 1.0137e+02
1.6990 -5.4833 -5.8558 0.2802 0.4624 -7.2848 -1.9586 8.3011e+01
1.6990 -5.2778 -5.9001 0.0008 0.4624 -6.9585 -1.9586 8.4545e+01
1.6990 -5.4716 -5.9753 0.2081 0.4624 -7.0340 -1.9586 7.3011e+01
1.6990 -5.5598 -6.0164 0.2364 0.4624 -6.9564 -1.9586 6.0667e+01
1.6990 -5.4264 -6.0451 0.1426 0.4624 -6.9115 -1.9586 6.1408e+01
1.6990 -5.5427 -5.9368 0.2970 0.4624 -7.3346 -1.9586 6.0414e+01
1.6990 -5.3836 -6.0492 0.0876 0.4624 -6.8298 -1.9586 3.9719e+01
1.6990 -5.5802 -5.9007 0.2813 0.4624 -7.1757 -1.9586 6.4186e+01
1.6990 -5.7416 -5.8574 0.4741 0.4624 -7.3670 -1.9586 8.3057e+01
1.6990 -5.3975 -5.8794 0.1722 0.4624 -7.2610 -1.9586 7.8731e+01
1.6990 -5.3808 -5.9798 0.1120 0.4624 -6.7238 -1.9586 5.5171e+01
1.6990 -5.3719 -5.9661 0.1147 0.4624 -7.0322 -1.9586 6.5076e+01
1.6990 -5.3610 -5.9444 0.0741 0.4624 -7.3445 -1.9586 8.5206e+01
1.6990 -5.2413 -6.1383 -0.0810 0.4624 -6.7057 -1.9586 6.2622e+01
1.6990 -5.1286 -5.9095 -0.1487 0.4624 -7.2084 -1.9586 1.2414e+02
1.6990 -5.2136 -5.9298 0.0173 0.4624 -7.4671 -1.9586 6.8321e+01
1.6990 -5.5593 -5.9191 0.2988 0.4624 -7.1728 -1.9586 6.9813e+01
1.6990 -5.5513 -5.8853 0.3182 0.4624 -7.1563 -1.9586 5.3076e+01
1.6990 -5.6860 -5.9088 0.3866 0.4624 -7.2029 -1.9586 8.0560e+01
1.6990 -5.4278 -5.9902 0.1055 0.4624 -6.8894 -1.9586 7.5890e+01
1.6990 -5.6291 -5.8968 0.3387 0.4624 -7.1667 -1.9586 6.9525e+01
1.6990 -5.5596 -6.0626 0.2895 0.4624 -7.0131 -1.9586 6.9204e+01
1.6990 -5.3894 -5.9759 0.1039 0.4624 -7.0277 -1.9586 5.4884e+01
1.6990 -5.4413 -5.9638 0.1913 0.4624 -7.1311 -1.9586 6.7161e+01
1.6990 -5.4378 -5.8367 0.1904 0.4624 -7.2629 -1.9586 8.0958e+01
1.6990 -5.3081 -6.2248 -0.0206 0.4624 -6.7132 -1.9586 5.4179e+01
1.6990 -5.3012 -5.8966 0.0536 0.4624 -7.2829 -1.9586 9.0431e+01
1.6990 -5.3235 -5.8451 0.1276 0.4624 -7.9999 -1.9586 1.2953e+02
1.6990 -5.4245 -5.9249 0.2279 0.4624 -7.4141 -1.9586 7.5375e+01
1.6990 -5.2734 -5.9557 0.0075 0.4624 -7.1401 -1.9586 1.1352e+02
1.6990 -5.2543 -5.9577 0.0011 0.4624 -6.8719 -1.9586 5.6050e+01
1.6990 -5.6771 -5.7858 0.4691 0.4624 -8.0000 -1.9586 9.1361e+01
1.6990 -5.3223 -6.0713 0.0386 0.4624 -6.7623 -1.9586 7.8820e+01
1.6990 -5.5256 -5.8605 0.2658 0.4624 -7.6453 -1.9586 6.2597e+01
1.6990 -5.4191 -5.9758 0.1687 0.4624 -6.9514 -1.9586 7.3456e+01
1.6990 -5.2309 -6.0650 0.0017 0.4624 -6.8672 -1.9586 8.8156e+01
1.6990 -5.2229 -5.9332 -0.0543 0.4624 -7.1699 -1.9586 1.0789e+02
1.6990 -5.3363 -5.8865 0.1032 0.4624 -6.9890 -1.9586 5.7884e+01
1.6990 -5.4920 -5.9254 0.2747 0.4624 -7.1688 -1.9586 6.6712e+01
1.6990 -5.5574 -5.9813 0.3041 0.4624 -7.1700 -1.9586 7.6097e+01
1.6990 -5.4234 -5.9064 0.1471 0.4624 -7.2228 -1.9586 6.0548e+01
1.6990 -5.4189 -5.9641 0.1487 0.4624 -7.3090 -1.9586 8.3882e+01
1.6990 -5.6742 -5.9140 0.4154 0.4624 -7.3026 -1.9586 9.5813e+01
1.6990 -5.7360 -5.8970 0.5084 0.4624 -7.5823 -1.9586 8.1097e+01
1.6990 -5.3586 -6.0364 0.1368 0.4624 -7.0418 -1.9586 6.8927e+01
1.6990 -5.7056 -5.9130 0.4431 0.4624 -7.2332 -1.9586 7.4286e+01
1.6990 -5.0630 -6.0086 -0.2118 0.4624 -6.6651 -1.9586 6.1615e+01
1.6990 -5.3029 -5.9629 0.0434 0.4624 -7.1487 -1.9586 1.0458e+02
1.6990 -5.3004 -5.8687 0.0720 0.4624 -7.4593 -1.9586 8.6195e+01
1.6990 -5.6213 -6.0101 0.3745 0.4624 -7.1534 -1.9586 7.4593e+01
1.6990 -5.5190 -5.8982 0.2671 0.4624 -7.1665 -1.9586 7.5348e+01
1.6990 -5.6890 -5.8502 0.4263 0.4624 -7.8895 -1.9586 1.0284e+02
1.6990 -5.5182 -5.9357 0.2403 0.4624 -7.2956 -1.9586 8.2417e+01
1.6990 -5.5713 -5.8725 0.2959 0.4624 -7.3826 -1.9586 8.1456e+01
1.6990 -5.4714 -5.8119 0.2405 0.4624 -7.7135 -1.9586 9.7339e+01
1.6990 -5.3672 -5.9994 0.1461 0.4624 -7.2312 -1.9586 5.1104e+01
1.6990 -5.5062 -5.8927 0.2277 0.4624 -7.3453 -1.9586 6.7366e+01
1.6990 -5.6858 -5.8824 0.5165 0.4624 -7.6108 -1.9586 1.0635e+02
1.6990 -5.5287 -5.9014 0.3498 0.4624 -7.4194 -1.9586 7.7830e+01
1.6990 -5.5500 -5.8724 0.3057 0.4624 -7.5885 -1.9586 9.0209e+01
1.6990 -5.3981 -5.9756 0.0743 0.4624 -6.9527 -1.9586 7.4770e+01
1.6990 -5.4086 -5.9551 0.1234 0.4624 -7.1907 -1.9586 5.5137e+01
1.6990 -5.3275 -6.0130 0.0237 0.4624 -6.8641 -1.9586 7.1789e+01
1.6990 -5.4783 -6.0820 0.1745 0.4624 -6.9464 -1.9586 7.0915e+01
1.6990 -5.4025 -5.9059 0.1925 0.4624 -7.4059 -1.9586 1.2583e+02
1.6990 -5.5358 -5.9889 0.2533 0.4624 -6.9557 -1.9586 4.7567e+01
1.6990 -5.4296 -5.8817 0.1789 0.4624 -7.4480 -1.9586 1.0225e+02
1.6990 -5.5133 -5.8362 0.2444 0.4624 -8.0000 -1.9586 1.0281e+02
1.6990 -5.6938 -5.9128 0.4396 0.4624 -7.4017 -1.9586 1.0444e+02
1.6990 -5.5564 -5.9797 0.2603 0.4624 -7.0241 -1.9586 6.2031e+01
1.6990 -5.4065 -5.9157 0.1268 0.4624 -7.0865 -1.9586 5.8274e+01
1.6990 -5.5718 -5.8897 0.3539 0.4624 -7.4041 -1.9586 7.5594e+01
1.6990 -5.3089 -5.9056 0.0926 0.4624 -7.0175 -1.9586 6.2313e+01
1.6990 -5.5218 -5.8294 0.3217 0.4624 -8.0000 -1.9586 1.0047e+02
1.6990 -5.5954 -5.9068 0.3278 0.4624 -7.4758 -1.9586 8.0830e+01
1.6990 -5.4261 -5.8082 0.1851 0.4624 -8.0000 -1.9586 9.9833e+01
1.6990 -5.3906 -5.9190 0.1692 0.4624 -7.3264 -1.9586 1.0417e+02
1.6990 -5.4274 -5.8905 0.2025 0.4624 -7.6462 -1.9586 8.2357e+01
1.6990 -5.6968 -5.9126 0.3880 0.4624 -7.1089 -1.9586 8.7260e+01
1.6990 -5.2626 -5.9795 -0.0021 0.4624 -6.8080 -1.9586 6.3537e+01
1.6990 -5.4201 -5.8562 0.1570 0.4624 -7.5087 -1.9586 8.8437e+01
1.6990 -5.6214 -5.9963 0.3762 0.4624 -7.1453 -1.9586 6.4678e+01
1.6990 -5.5864 -5.8353 0.3595 0.4624 -8.0000 -1.9586 9.0057e+01
1.6990 -5.6783 -5.9396 0.4076 0.4624 -7.2161 -1.9586 6.6228e+01
1.6990 -5.8156 -5.7775 0.5857 0.4624 -7.8454 -1.9586 1.1229e+02
1.6990 -5.4835 -5.8376 0.2877 0.4624 -7.6219 -1.9586 8.8867e+01
1.6990 -5.4893 -5.8823 0.2016 0.4624 -7.3243 -1.9586 9.0404e+01
1.6990 -5.5437 -5.9193 0.2752 0.4624 -7.2521 -1.9586 1.2974e+02
1.6990 -5.4717 -5.9914 0.2065 0.4624 -7.2521 -1.9586 8.7151e+01
1.6990 -5.3751 -5.9587 0.1546 0.4624 -6.9407 -1.9586 7.2238e+01
1.6990 -5.5555 -5.8847 0.3163 0.4624 -7.1537 -1.9586 1.0164e+02
1.6990 -5.3518 -5.8631 0.1243 0.4624 -7.2554 -1.9586 6.5749e+01
1.6990 -5.5001 -5.7626 0.2848 0.4624 -7.9999 -1.9586 1.1470e+02
1.6990 -5.9383 -5.8987 0.6658 0.4624 -7.4957 -1.9586 7.8079e+01
1.6990 -5.5454 -5.8810 0.2864 0.4624 -7.3068 -1.9586 7.6283e+01
1.6990 -5.4795 -6.0887 0.1784 0.4624 -6.9164 -1.9586 6.3278e+01
1.6990 -5.3103 -6.0420 0.0296 0.4624 -6.8898 -1.9586 7.7622e+01
1.6990 -5.6196 -5.7976 0.4028 0.4624 -7.5454 -1.9586 8.9560e+01
1.6990 -5.4053 -6.0017 0.1559 0.4624 -6.9379 -1.9586 6.0260e+01
1.6990 -5.4057 -5.8971 0.1122 0.4624 -7.0561 -1.9586 9.3730e+01
1.6990 -5.2751 -5.9516 0.0330 0.4624 -7.1204 -1.9586 8.4926e+01
1.6990 -5.2370 -6.0407 -0.0882 0.4624 -6.6898 -1.9586 5.4011e+01
1.6990 -5.3926 -5.8574 0.1141 0.4624 -7.3607 -1.9586 9.5325e+01
1.6990 -5.5201 -5.9103 0.2621 0.4624 -7.6038 -1.9586 8.5607e+01
1.6990 -5.4915 -5.8981 0.2361 0.4624 -7.1509 -1.9586 9.6312e+01
1.6990 -5.7315 -5.9272 0.4847 0.4624 -7.3379 -1.9586 7.4526e+01
1.6990 -5.5596 -5.8242 0.3103 0.4624 -8.0000 -1.9586 1.0107e+02
1.6990 -5.3964 -5.8795 0.1599 0.4624 -7.9997 -1.9586 1.0346e+02
1.6990 -5.4411 -5.9034 0.2381 0.4624 -7.1822 -1.9586 8.2992e+01
1.6990 -5.4884 -5.9879 0.2337 0.4624 -7.0704 -1.9586 8.2962e+01
1.6990 -5.4273 -5.9613 0.1668 0.4624 -6.8840 -1.9586 6.8518e+01
1.6990 -5.4791 -5.9103 0.2332 0.4624 -7.2611 -1.9586 6.1996e+01
1.6990 -5.3709 -5.9459 0.1199 0.4624 -7.0764 -1.9586 6.7704e+01
1.6990 -5.3699 -5.9348 0.0932 0.4624 -7.4575 -1.9586 9.9895e+01
1.6990 -5.3737 -5.8320 0.1666 0.4624 -8.0000 -1.9586 1.3240e+02
1.6990 -5.4606 -5.8218 0.2046 0.4624 -7.9986 -1.9586 1.0891e+02
1.6990 -5.5315 -5.8591 0.3327 0.4624 -7.3020 -1.9586 8.7195e+01
1.6990 -5.7668 -5.8319 0.5404 0.4624 -7.7350 -1.9586 6.7909e+01
1.6990 -5.9643 -5.8237 0.7364 0.4624 -7.8557 -1.9586 9.2165e+01
1.6990 -5.5241 -5.8002 0.3533 0.4624 -8.0000 -1.9586 1.2373e+02
1.6990 -5.3415 -5.9512 0.0943 0.4624 -7.3972 -1.9586 1.0729e+02
1.6990 -5.4089 -6.0576 0.1239 0.4624 -6.9509 -1.9586 6.4708e+01
1.6990 -5.6198 -5.7800 0.3960 0.4624 -8.0000 -1.9586 8.8216e+01
1.6990 -5.7481 -5.8881 0.4799 0.4624 -7.7811 -1.9586 8.7073e+01
1.6990 -5.5275 -5.9063 0.3078 0.4624 -7.3476 -1.9586 7.7890e+01
1.6990 -5.4456 -5.9246 0.1609 0.4624 -7.0986 -1.9586 8.1262e+01
1.6990 -5.7569 -5.8006 0.4948 0.4624 -8.0000 -1.9586 1.0196e+02
1.6990 -5.3079 -5.8468 0.0248 0.4624 -7.4910 -1.9586 7.8718e+01
1.6990 -5.3449 -5.9420 0.0923 0.4624 -6.9557 -1.9586 6.5675e+01
1.6990 -5.4201 -5.9384 0.2014 0.4624 -7.4226 -1.9586 9.0947e+01
1.6990 -5.5122 -5.8540 0.3071 0.4624 -7.6044 -1.9586 7.6799e+01
1.6990 -5.6481 -5.8752 0.4239 0.4624 -7.4137 -1.9586 1.0221e+02
1.6990 -5.6597 -5.9022 0.4110 0.4624 -7.1912 -1.9586 7.8408e+01
1.6990 -5.5064 -5.9597 0.2437 0.4624 -7.2159 -1.9586 1.0773e+02
1.6990 -5.6153 -5.9586 0.3464 0.4624 -7.2033 -1.9586 7.6750e+01
1.6990 -5.3286 -5.9873 0.0248 0.4624 -7.2302 -1.9586 7.0973e+01
1.6990 -5.4879 -5.8892 0.2548 0.4624 -7.1256 -1.9586 9.1653e+01
1.6990 -5.2838 -5.9626 0.0053 0.4624 -6.9987 -1.9586 8.0397e+01
1.6990 -5.6738 -5.9402 0.4819 0.4624 -7.2929 -1.9586 7.4621e+01
1.6990 -5.2033 -6.0294 -0.1010 0.4624 -6.5846 -1.9586 6.5753e+01
1.6990 -5.3882 -5.9309 0.2180 0.4624 -7.0309 -1.9586 6.0979e+01
1.6990 -5.5526 -5.9099 0.3113 0.4624 -7.1553 -1.9586 7.3513e+01
1.6990 -5.2778 -6.0505 0.0066 0.4624 -6.7414 -1.9586 7.4249e+01
1.6990 -5.3251 -5.9750 0.0949 0.4624 -7.0149 -1.9586 6.4900e+01
1.6990 -5.7942 -5.8506 0.5362 0.4624 -7.3633 -1.9586 8.9731e+01
1.6990 -5.6285 -5.9556 0.3587 0.4624 -7.2242 -1.9586 6.4132e+01
1.6990 -5.4264 -6.0451 0.1426 0.4624 -6.9115 -1.9586 6.1408e+01
1.6990 -5.4413 -5.8727 0.1889 0.4624 -7.2356 -1.9586 9.0325e+01
1.6990 -5.5614 -5.9002 0.2682 0.4624 -7.0734 -1.9586 6.0729e+01
1.6990 -5.6021 -5.8915 0.3597 0.4624 -7.2687 -1.9586 6.7329e+01
1.6990 -5.2431 -5.9409 -0.0358 0.4624 -7.0477 -1.9586 7.7255e+01
1.6990 -5.3919 -5.9419 0.2045 0.4624 -7.1079 -1.9586 6.4973e+01
1.6990 -5.3026 -5.8806 0.0438 0.4624 -7.2613 -1.9586 9.1992e+01
1.6990 -5.3526 -5.8695 0.1093 0.4624 -7.1448 -1.9586 8.8002e+01
1.6990 -5.4358 -6.0015 0.2376 0.4624 -7.0439 -1.9586 5.6228e+01
1.6990 -5.4882 -5.8391 0.2708 0.4624 -7.5116 -1.9586 8.3805e+01
1.6990 -5.4181 -5.9862 0.1236 0.4624 -6.9681 -1.9586 5.0099e+01
1.6990 -5.4039 -5.8979 0.1483 0.4624 -7.3255 -1.9586 1.1297e+02
1.6990 -5.2291 -5.9553 -0.0033 0.4624 -8.0000 -1.9586 7.9101e+01
1.6990 -5.6740 -5.9073 0.3917 0.4624 -7.4146 -1.9586 1.1137e+02
1.6990 -5.6071 -5.9597 0.3253 0.4624 -7.3808 -1.9586 7.5100e+01
1.6990 -5.3455 -6.0595 0.0974 0.4624 -6.8322 -1.9586 6.0821e+01
1.6990 -5.3329 -5.9840 0.0468 0.4624 -7.1173 -1.9586 9.5923e+01
1.6990 -5.4613 -5.8426 0.2610 0.4624 -7.1545 -1.9586 8.2498e+01
1.6990 -5.4352 -6.0995 0.1238 0.4624 -6.8867 -1.9586 6.4422e+01
1.6990 -5.2685 -5.9795 0.0687 0.4624 -6.8921 -1.9586 6.6438e+01
1.6990 -5.7020 -5.9406 0.4250 0.4624 -7.2447 -1.9586 9.0428e+01
1.6990 -5.3949 -6.0537 0.1035 0.4624 -6.8422 -1.9586 4.2121e+01
1.6990 -5.4364 -5.8960 0.1837 0.4624 -7.0662 -1.9586 8.4652e+01
1.6990 -5.4187 -6.0377 0.2021 0.4624 -7.1143 -1.9586 7.1282e+01
1.6990 -5.3832 -5.9318 0.1993 0.4624 -7.2492 -1.9586 6.1942e+01
1.6990 -5.5914 -5.9133 0.3147 0.4624 -7.1962 -1.9586 1.0002e+02
1.6990 -5.7132 -5.8623 0.4620 0.4624 -7.5037 -1.9586 8.6268e+01
1.6990 -5.7901 -5.8971 0.5039 0.4624 -7.3699 -1.9586 6.5814e+01
1.6990 -5.4126 -5.9132 0.1369 0.4624 -7.7639 -1.9586 1.0657e+02
1.6990 -5.4804 -5.9398 0.3094 0.4624 -7.1020 -1.9586 8.5535e+01
1.6990 -5.6239 -5.9002 0.4029 0.4624 -7.2867 -1.9586 7.7170e+01
1.6990 -5.6679 -5.7731 0.4157 0.4624 -7.8516 -1.9586 8.5574e+01
1.6990 -5.6153 -5.8793 0.3694 0.4624 -7.3593 -1.9586 4.6248e+01
1.6990 -5.6390 -5.9150 0.4117 0.4624 -7.3727 -1.9586 7.5077e+01
1.6990 -5.4617 -5.9834 0.2108 0.4624 -7.0304 -1.9586 9.3871e+01
1.6990 -5.7685 -5.8607 0.5229 0.4624 -7.4916 -1.9586 9.7548e+01
1.6990 -5.4634 -5.8271 0.2600 0.4624 -7.9811 -1.9586 8.8591e+01
1.6990 -5.6036 -5.8432 0.3522 0.4624 -8.0000 -1.9586 6.7592e+01
1.6990 -5.4817 -5.9780 0.2277 0.4624 -7.1196 -1.9586 6.9101e+01
1.6990 -5.6630 -5.8479 0.4649 0.4624 -7.6010 -1.9586 8.7904e+01
1.6990 -5.4370 -5.8701 0.1817 0.4624 -7.2548 -1.9586 1.0746e+02
1.6990 -5.2269 -5.9810 -0.0587 0.4624 -7.0675 -1.9586 7.8702e+01
1.6990 -5.6725 -5.8706 0.4166 0.4624 -7.4832 -1.9586 8.5610e+01
1.6990 -5.5870 -5.8688 0.3537 0.4624 -8.0000 -1.9586 1.2671e+02
1.6990 -5.2192 -5.9477 -0.0384 0.4624 -6.9312 -1.9586 8.4003e+01
1.6990 -5.4165 -6.0502 0.1427 0.4624 -6.8480 -1.9586 3.9710e+01
1.6990 -5.4042 -5.8731 0.1674 0.4624 -8.0000 -1.9586 9.0927e+01
1.6990 -5.3513 -6.0263 0.0505 0.4624 -6.9061 -1.9586 5.4491e+01
1.6990 -5.3501 -5.9587 0.0861 0.4624 -7.1530 -1.9586 7.3346e+01
1.6990 -5.4686 -5.8905 0.2813 0.4624 -7.1616 -1.9586 8.5621e+01
1.6990 -5.9164 -5.8276 0.6891 0.4624 -7.8011 -1.9586 9.2574e+01
1.6990 -5.5382 -6.0390 0.2900 0.4624 -7.0375 -1.9586 5.7086e+01
1.6990 -5.5540 -5.9599 0.2574 0.4624 -7.2413 -1.9586 1.0334e+02
1.6990 -5.7258 -5.8989 0.4685 0.4624 -7.5900 -1.9586 7.8466e+01
1.6990 -5.8676 -5.8045 0.6001 0.4624 -7.4930 -1.9586 9.8131e+01
1.6990 -5.4021 -6.0019 0.1045 0.4624 -6.9304 -1.9586 5.5096e+01
1.6990 -5.2861 -5.9869 0.0124 0.4624 -6.8362 -1.9586 7.0766e+01
1.6990 -5.6817 -6.0191 0.4002 0.4624 -7.1036 -1.9586 7.3967e+01
1.6990 -5.5307 -6.0148 0.2728 0.4624 -7.1795 -1.9586 7.0542e+01
1.6990 -5.2576 -5.9156 0.0079 0.4624 -7.0003 -1.9586 7.2089e+01
1.6990 -5.6666 -5.9636 0.3696 0.4624 -7.1729 -1.9586 9.0862e+01
1.6990 -5.4474 -6.0230 0.1398 0.4624 -6.9319 -1.9586 6.2300e+01
1.6990 -5.4195 -5.9387 0.1651 0.4624 -7.1399 -1.9586 9.4860e+01
1.6990 -5.4812 -5.9033 0.2118 0.4624 -7.0674 -1.9586 8.4654e+01
1.6990 -5.2675 -6.0649 0.0373 0.4624 -6.9761 -1.9586 7.0649e+01
1.6990 -5.4557 -6.0518 0.1576 0.4624 -6.9856 -1.9586 8.4532e+01
1.6990 -5.5053 -5.9568 0.2294 0.4624 -6.9723 -1.9586 7.5297e+01
1.6990 -5.3799 -5.7780 0.1855 0.4624 -8.0000 -1.9586 1.2525e+02
1.6990 -5.4240 -5.8835 0.2211 0.4624 -7.2739 -1.9586 8.1643e+01
1.6990 -5.6272 -5.9581 0.3738 0.4624 -7.1603 -1.9586 8.6034e+01
1.6990 -5.2982 -5.9946 -0.0016 0.4624 -6.9090 -1.9586 9.8603e+01
1.6990 -5.3147 -5.9606 0.0418 0.4624 -6.8402 -1.9586 7.3478e+01
1.6990 -5.6255 -5.9743 0.3662 0.4624 -7.1304 -1.9586 6.7532e+01
1.6990 -5.6929 -5.8016 0.5236 0.4624 -7.9003 -1.9586 8.6194e+01
1.6990 -5.2319 -5.9478 -0.0363 0.4624 -6.9854 -1.9586 8.0345e+01
1.6990 -5.6582 -5.8312 0.4311 0.4624 -7.6120 -1.9586 9.0296e+01
1.6990 -5.5337 -5.9084 0.2689 0.4624 -7.4668 -1.9586 6.6309e+01
1.6990 -5.7167 -5.8234 0.4966 0.4624 -7.6701 -1.9586 9.3298e+01
1.6990 -5.4215 -5.8281 0.2064 0.4624 -8.0000 -1.9586 1.0805e+02
1.6990 -5.4789 -5.9345 0.2117 0.4624 -7.1516 -1.9586 8.6338e+01
1.6990 -5.4121 -5.8784 0.1874 0.4624 -7.5418 -1.9586 9.0843e+01
1.6990 -5.5640 -6.0245 0.3162 0.4624 -7.1235 -1.9586 7.0947e+01
1.6990 -5.4897 -5.9196 0.2156 0.4624 -7.2250 -1.9586 8.7996e+01
1.6990 -5.6297 -5.9802 0.3692 0.4624 -7.1220 -1.9586 6.3438e+01
1.6990 -5.6131 -5.9344 0.3544 0.4624 -7.2606 -1.9586 6.3743e+01
1.6990 -5.3246 -6.0729 0.0238 0.4624 -6.7942 -1.9586 6.1556e+01
1.6990 -5.2784 -5.9481 -0.0057 0.4624 -6.9341 -1.9586 6.6956e+01
1.6990 -5.8528 -5.7871 0.6467 0.4624 -8.0000 -1.9586 1.0677e+02
1.6990 -5.2034 -5.8189 -0.0303 0.4624 -8.0000 -1.9586 1.0521e+02
1.6990 -5.5358 -5.9889 0.2533 0.4624 -6.9557 -1.9586 4.7567e+01
1.6990 -5.5228 -5.8664 0.2805 0.4624 -7.4510 -1.9586 9.6173e+01
1.6990 -5.6003 -5.9443 0.3106 0.4624 -7.0927 -1.9586 5.5553e+01
1.6990 -5.6944 -6.0157 0.3627 0.4624 -7.1372 -1.9586 5.5842e+01
1.6990 -5.4593 -5.8269 0.2193 0.4624 -7.3961 -1.9586 1.0370e+02
1.6990 -5.4222 -6.0644 0.1455 0.4624 -6.9381 -1.9586 6.7238e+01
1.6990 -5.5791 -5.8864 0.3131 0.4624 -7.3663 -1.9586 9.1090e+01
1.6990 -5.2578 -5.9752 -0.0007 0.4624 -6.9021 -1.9586 8.6688e+01
1.6990 -5.4595 -5.8417 0.2258 0.4624 -7.6751 -1.9586 1.1475e+02
1.6990 -5.7317 -5.7928 0.4959 0.4624 -7.7832 -1.9586 8.1566e+01
1.6990 -5.5740 -5.8626 0.3126 0.4624 -7.3584 -1.9586 6.5611e+01
1.6990 -5.7244 -5.8001 0.4798 0.4624 -8.0000 -1.9586 1.1468e+02
1.6990 -5.4639 -5.9669 0.1700 0.4624 -7.1470 -1.9586 7.4050e+01
1.6990 -5.2667 -5.9986 0.0137 0.4624 -6.9315 -1.9586 7.9640e+01
1.6990 -5.3638 -6.0462 0.0971 0.4624 -6.9026 -1.9586 6.9548e+01
1.6990 -5.7300 -5.8364 0.4605 0.4624 -7.6835 -1.9586 8.4561e+01
1.6990 -5.5243 -5.9461 0.3532 0.4624 -7.2264 -1.9586 8.5805e+01
1.6990 -5.4764 -5.8776 0.2179 0.4624 -7.1918 -1.9586 6.2667e+01
1.6990 -5.2597 -6.0410 0.0400 0.4624 -6.8137 -1.9586 4.3343e+01
1.6990 -5.4319 -5.8953 0.1915 0.4624 -7.4924 -1.9586 6.9699e+01
1.6990 -5.6311 -5.9326 0.3765 0.4624 -7.3051 -1.9586 5.1843e+01
1.6990 -5.4814 -5.9298 0.2438 0.4624 -7.4397 -1.9586 9.9870e+01
1.6990 -5.3349 -6.0330 0.0797 0.4624 -6.8632 -1.9586 8.4389e+01
1.6990 -5.5520 -6.0206 0.2757 0.4624 -7.0777 -1.9586 4.9827e+01
1.6990 -5.6142 -5.9620 0.3688 0.4624 -7.2043 -1.9586 6.5983e+01
1.6990 -5.5779 -5.8771 0.3139 0.4624 -7.6715 -1.9586 1.2027e+02
1.6990 -5.4903 -5.9597 0.2334 0.4624 -7.0174 -1.9586 6.7660e+01
1.6990 -5.5162 -5.9644 0.2114 0.4624 -7.1193 -1.9586 6.4774e+01
1.6990 -5.4732 -5.9499 0.1793 0.4624 -6.9931 -1.9586 8.7148e+01
1.6990 -5.6069 -5.8736 0.4279 0.4624 -7.6114 -1.9586 8.6249e+01
1.6990 -5.5484 -5.8580 0.3106 0.4624 -7.4912 -1.9586 7.7308e+01
1.6990 -5.3532 -6.0734 0.0898 0.4624 -6.7909 -1.9586 6.8796e+01
1.6990 -5.3816 -5.9360 0.1643 0.4624 -7.5180 -1.9586 1.1719e+02
1.6990 -5.5384 -5.8643 0.2672 0.4624 -7.1635 -1.9586 5.9402e+01
1.6990 -5.5747 -5.8681 0.4076 0.4624 -8.0000 -1.9586 1.2192e+02
1.6990 -5.5407 -5.8246 0.2509 0.4624 -7.4455 -1.9586 9.4308e+01
1.6990 -5.2022 -5.9906 -0.0139 0.4624 -7.0979 -1.9586 5.9140e+01
1.6990 -5.3408 -6.0742 0.0695 0.4624 -6.7741 -1.9586 4.3731e+01
1.6990 -5.1524 -5.9198 -0.0385 0.4624 -8.0000 -1.9586 8.2872e+01
1.6990 -6.0691 -5.9085 0.7980 0.4624 -7.6452 -1.9586 9.9819e+01
1.6990 -5.7460 -5.8089 0.5092 0.4624 -8.0000 -1.9586 1.0710e+02
1.6990 -5.6315 -5.9992 0.3030 0.4624 -7.0200 -1.9586 8.2829e+01
1.6990 -5.8158 -5.8368 0.5970 0.4624 -7.4336 -1.9586 8.6245e+01
1.6990 -5.2653 -6.0272 -0.0048 0.4624 -6.8347 -1.9586 6.4996e+01
1.6990 -5.3859 -5.9333 0.1213 0.4624 -7.1726 -1.9586 6.7753e+01
1.6990 -5.5870 -5.9041 0.3647 0.4624 -7.2867 -1.9586 7.0799e+01
1.6990 -5.4955 -5.9052 0.2136 0.4624 -7.0808 -1.9586 8.2851e+01
1.6990 -5.5027 -5.9399 0.2353 0.4624 -7.4125 -1.9586 9.5134e+01
1.6990 -5.6607 -5.8281 0.4535 0.4624 -8.0000 -1.9586 1.2495e+02
1.6990 -5.5562 -5.9355 0.3068 0.4624 -7.4077 -1.9586 1.0595e+02
1.6990 -5.6304 -5.9113 0.3425 0.4624 -7.5188 -1.9586 9.4150e+01
1.6990 -5.7295 -5.9260 0.4960 0.4624 -7.2868 -1.9586 6.5305e+01
1.6990 -5.7178 -5.8746 0.4677 0.4624 -7.3328 -1.9586 9.3547e+01
1.6990 -5.3498 -5.9588 0.0891 0.4624 -7.0662 -1.9586 7.6303e+01
1.6990 -5.8442 -5.8067 0.6297 0.4624 -8.0000 -1.9586 1.0447e+02
1.6990 -5.4546 -5.9041 0.2235 0.4624 -7.5717 -1.9586 7.2289e+01
1.6990 -5.6057 -5.8737 0.3385 0.4624 -7.5306 -1.9586 7.5494e+01
1.6990 -5.6524 -5.8063 0.4049 0.4624 -7.5890 -1.9586 9.3379e+01
1.6990 -5.5375 -5.9662 0.2882 0.4624 -7.1737 -1.9586 6.6317e+01
1.6990 -5.5548 -5.9611 0.2824 0.4624 -7.1240 -1.9586 7.6850e+01
1.6990 -5.5694 -5.9023 0.3157 0.4624 -7.2147 -1.9586 7.3721e+01
1.6990 -5.4604 -5.9906 0.2082 0.4624 -6.9135 -1.9586 5.7351e+01
1.6990 -5.4452 -5.9207 0.1854 0.4624 -7.1923 -1.9586 6.3790e+01
1.6990 -5.7167 -5.8234 0.4966 0.4624 -7.6701 -1.9586 9.3298e+01
1.6990 -5.8627 -5.8140 0.6224 0.4624 -7.8862 -1.9586 8.0198e+01
1.6990 -5.3215 -5.9998 0.0885 0.4624 -7.0039 -1.9586 7.3993e+01
1.6990 -5.4657 -6.0056 0.2158 0.4624 -7.0657 -1.9586 8.5866e+01
1.6990 -5.5942 -5.9275 0.3150 0.4624 -7.3404 -1.9586 6.5162e+01
1.6990 -5.3880 -5.9087 0.1448 0.4624 -7.3077 -1.9586 7.7877e+01
1.6990 -5.5343 -5.9027 0.2803 0.4624 -7.3086 -1.9586 9.1650e+01
1.6990 -5.2213 -6.0126 -0.0447 0.4624 -6.8342 -1.9586 1.0080e+02
1.6990 -5.3846 -5.9968 0.1393 0.4624 -7.1343 -1.9586 1.0431e+02
1.6990 -5.3813 -6.0190 0.0899 0.4624 -6.9671 -1.9586 8.2380e+01
1.6990 -5.2549 -5.9415 0.0225 0.4624 -6.9042 -1.9586 8.4789e+01
1.6990 -5.3368 -5.9144 0.0874 0.4624 -7.0444 -1.9586 7.5118e+01
1.6990 -5.6051 -5.9175 0.3434 0.4624 -7.2494 -1.9586 7.9278e+01
1.6990 -5.4273 -5.7983 0.2476 0.4624 -8.0000 -1.9586 1.1418e+02
1.6990 -5.7192 -5.9097 0.4304 0.4624 -7.2893 -1.9586 7.5414e+01
1.6990 -5.6270 -5.9750 0.3608 0.4624 -7.2301 -1.9586 6.6969e+01
1.6990 -5.2909 -5.8655 0.0695 0.4624 -7.1271 -1.9586 6.3925e+01
1.6990 -5.4941 -5.9631 0.2813 0.4624 -7.2331 -1.9586 7.9055e+01
1.6990 -5.3889 -6.0424 0.0949 0.4624 -6.9130 -1.9586 7.2670e+01
1.6990 -5.2091 -5.9639 -0.0323 0.4624 -6.8511 -1.9586 8.9797e+01
1.6990 -5.3066 -5.9743 0.0592 0.4624 -7.0305 -1.9586 5.0021e+01
1.6990 -5.2621 -5.8862 0.0127 0.4624 -7.3611 -1.9586 8.6149e+01
1.6990 -5.2179 -6.0354 -0.0217 0.4624 -6.8892 -1.9586 6.1358e+01
1.6990 -5.6817 -5.8424 0.4380 0.4624 -7.5575 -1.9586 9.7664e+01
1.6990 -5.5017 -5.9648 0.2664 0.4624 -7.2333 -1.9586 5.2553e+01
1.6990 -5.4373 -5.9818 0.1459 0.4624 -6.9031 -1.9586 5.4090e+01
1.6990 -5.3141 -5.8921 0.0640 0.4624 -7.3888 -1.9586 6.9069e+01
1.6990 -5.3691 -5.9932 0.1038 0.4624 -7.1182 -1.9586 5.7666e+01
1.6990 -5.5454 -5.8539 0.3189 0.4624 -7.5242 -1.9586 6.8065e+01
1.6990 -5.2483 -5.9083 0.0178 0.4624 -7.3870 -1.9586 9.2865e+01
1.6990 -5.5310 -5.8546 0.2872 0.4624 -8.0000 -1.9586 7.7812e+01
1.6990 -5.2596 -6.1516 -0.0485 0.4624 -6.6659 -1.9586 6.2109e+01
1.6990 -5.4406 -5.8926 0.2034 0.4624 -7.2929 -1.9586 7.7847e+01
1.6990 -5.4229 -5.9020 0.1729 0.4624 -6.9642 -1.9586 4.9328e+01
1.6990 -5.4803 -5.9035 0.2423 0.4624 -7.1264 -1.9586 9.6198e+01
1.6990 -5.4735 -5.9116 0.1997 0.4624 -6.9915 -1.9586 8.0793e+01
1.6990 -5.3991 -5.9734 0.1055 0.4624 -7.0511 -1.9586 6.2744e+01
1.6990 -5.5092 -6.0375 0.1837 0.4624 -7.1019 -1.9586 6.4449e+01
1.6990 -5.4500 -5.8668 0.2146 0.4624 -7.9973 -1.9586 9.5724e+01
1.6990 -5.5446 -5.8297 0.3240 0.4624 -7.7744 -1.9586 6.7288e+01
1.6990 -5.6001 -5.8726 0.3982 0.4624 -7.3786 -1.9586 9.0898e+01
1.6990 -5.2909 -5.9351 0.0628 0.4624 -6.9559 -1.9586 6.6003e+01
1.6990 -5.7017 -5.9305 0.4716 0.4624 -7.3290 -1.9586 8.5074e+01
1.6990 -5.4697 -5.8014 0.2289 0.4624 -7.4084 -1.9586 8.3662e+01
1.6990 -5.3375 -5.9954 0.0829 0.4624 -6.8396 -1.9586 4.9567e+01
1.6990 -5.8040 -5.9589 0.5091 0.4624 -7.2907 -1.9586 7.5679e+01
1.6990 -5.8853 -5.8682 0.6057 0.4624 -7.6133 -1.9586 9.0553e+01
1.6990 -5.5416 -5.8472 0.3041 0.4624 -8.0000 -1.9586 8.0183e+01
1.6990 -5.8860 -5.7657 0.6730 0.4624 -8.0000 -1.9586 1.0833e+02
1.6990 -5.3621 -6.0172 0.1108 0.4624 -6.7552 -1.9586 7.4531e+01
1.6990 -5.2734 -6.0724 -0.0213 0.4624 -6.7630 -1.9586 8.0818e+01
1.6990 -5.5557 -5.8842 0.3069 0.4624 -7.4321 -1.9586 7.1247e+01
1.6990 -5.8224 -5.8881 0.5359 0.4624 -7.4575 -1.9586 8.6792e+01
1.6990 -5.6155 -5.8971 0.3448 0.4624 -7.1813 -1.9586 4.4567e+01
1.6990 -5.6285 -5.9556 0.3587 0.4624 -7.2242 -1.9586 6.4132e+01
1.6990 -5.4680 -5.9519 0.2143 0.4624 -7.2012 -1.9586 6.4786e+01
1.6990 -5.2710 -5.9855 -0.0196 0.4624 -7.1402 -1.9586 8.7526e+01
1.6990 -5.4175 -5.8182 0.1966 0.4624 -8.0000 -1.9586 1.3368e+02
1.6990 -5.7532 -5.8632 0.4871 0.4624 -7.3870 -1.9586 5.4669e+01
1.6990 -5.3958 -5.9470 0.1502 0.4624 -7.1015 -1.9586 8.4828e+01
1.6990 -5.3989 -6.0762 0.2191 0.4624 -6.9699 -1.9586 5.5619e+01
1.6990 -5.5507 -5.8146 0.3347 0.4624 -8.0000 -1.9586 7.3826e+01
1.6990 -5.4169 -5.9084 0.1767 0.4624 -6.9064 -1.9586 5.0976e+01
1.6990 -5.3814 -5.8352 0.1381 0.4624 -7.8057 -1.9586 8.7764e+01
1.6990 -5.2205 -5.9828 -0.0374 0.4624 -6.8658 -1.9586 6.8246e+01
1.6990 -5.6155 -5.9144 0.3730 0.4624 -7.1616 -1.9586 7.0070e+01
1.6990 -5.6763 -5.9460 0.4774 0.4624 -7.2530 -1.9586 7.9767e+01
1.6990 -5.5309 -5.9743 0.2665 0.4624 -7.1745 -1.9586 6.1572e+01
1.6990 -5.6401 -5.8244 0.4358 0.4624 -8.0000 -1.9586 8.5360e+01
1.6990 -5.7268 -5.8403 0.4946 0.4624 -7.9021 -1.9586 9.8062e+01
1.6990 -5.5084 -5.9369 0.2485 0.4624 -7.2140 -1.9586 8.7187e+01
1.6990 -5.4415 -5.8743 0.2136 0.4624 -7.4195 -1.9586 7.2007e+01
1.6990 -5.6594 -5.8947 0.4668 0.4624 -7.5116 -1.9586 1.0367e+02
1.6990 -5.2255 -5.9731 0.0933 0.4624 -7.0974 -1.9586 8.0010e+01
1.6990 -5.7849 -5.7895 0.5627 0.4624 -7.7990 -1.9586 8.9396e+01
1.6990 -5.3475 -5.9682 0.1038 0.4624 -6.9324 -1.9586 9.7967e+01
1.6990 -5.3902 -5.9884 0.1589 0.4624 -7.0258 -1.9586 7.4318e+01
1.6990 -5.4116 -5.8111 0.1794 0.4624 -7.9971 -1.9586 1.1451e+02
1.6990 -5.5896 -5.8387 0.3355 0.4624 -7.5366 -1.9586 1.1008e+02
1.6990 -5.7032 -5.8504 0.4795 0.4624 -7.3558 -1.9586 6.2348e+01
1.6990 -5.5579 -5.8931 0.3202 0.4624 -7.5723 -1.9586 9.8416e+01
1.6990 -5.2946 -5.8793 0.0650 0.4624 -7.4876 -1.9586 8.7679e+01
1.6990 -5.3589 -5.9254 0.1110 0.4624 -7.1790 -1.9586 1.1049e+02
1.6990 -5.5056 -5.9689 0.2295 0.4624 -6.9582 -1.9586 6.6328e+01
1.6990 -5.3330 -5.9879 0.0681 0.4624 -6.9699 -1.9586 6.4116e+01
1.6990 -5.3142 -5.8614 0.0907 0.4624 -8.0000 -1.9586 9.9785e+01
1.6990 -5.4116 -5.9357 0.1966 0.4624 -7.1067 -1.9586 8.5376e+01
1.6990 -5.3028 -5.9299 0.1252 0.4624 -7.0519 -1.9586 6.6767e+01
1.6990 -5.3117 -6.0290 0.0270 0.4624 -6.7801 -1.9586 4.8502e+01
1.6990 -5.3744 -5.8493 0.1101 0.4624 -7.3637 -1.9586 9.5887e+01
1.6990 -5.6029 -5.9968 0.3185 0.4624 -7.0731 -1.9586 4.0800e+01
1.6990 -5.6706 -5.8610 0.3936 0.4624 -7.5532 -1.9586 1.1719e+02
1.6990 -5.6007 -6.0374 0.3026 0.4624 -7.0656 -1.9586 5.5748e+01
1.6990 -5.6213 -5.8604 0.3984 0.4624 -8.0000 -1.9586 1.1183e+02
1.6990 -5.4168 -6.0004 0.1920 0.4624 -7.0721 -1.9586 8.2468e+01
1.6990 -5.3988 -5.9085 0.1310 0.4624 -7.1607 -1.9586 1.0810e+02
1.6990 -5.3602 -6.0621 0.0954 0.4624 -6.8641 -1.9586 6.3164e+01
1.6990 -5.6752 -5.8984 0.4040 0.4624 -7.4901 -1.9586 9.3173e+01
1.6990 -5.7262 -5.9275 0.4548 0.4624 -7.4223 -1.9586 8.3312e+01
1.6990 -5.2877 -5.9109 0.0758 0.4624 -7.0976 -1.9586 1.1403e+02
1.6990 -5.3184 -6.0554 0.0509 0.4624 -6.7649 -1.9586 4.3031e+01
1.6990 -5.3653 -5.8936 0.1179 0.4624 -7.0418 -1.9586 8.6456e+01
1.6990 -5.2921 -5.9814 0.0624 0.4624 -7.1395 -1.9586 9.2884e+01
1.6990 -5.8115 -5.8252 0.6171 0.4624 -8.0000 -1.9586 1.1661e+02
1.6990 -5.5023 -5.9232 0.2369 0.4624 -7.0991 -1.9586 6.3564e+01
1.6990 -5.7730 -5.8251 0.5151 0.4624 -7.5694 -1.9586 9.8382e+01
1.6990 -5.2619 -5.9469 0.0200 0.4624 -7.0443 -1.9586 8.4396e+01
1.6990 -5.4055 -5.9613 0.1459 0.4624 -7.0446 -1.9586 9.1182e+01
1.6990 -5.3379 -5.9842 0.0463 0.4624 -6.8042 -1.9586 5.9037e+01
1.6990 -5.3194 -5.8675 0.1240 0.4624 -7.3772 -1.9586 9.3882e+01
1.6990 -5.5776 -5.8168 0.3147 0.4624 -7.3467 -1.9586 6.7348e+01
1.6990 -5.3712 -5.9140 0.1780 0.4624 -7.2003 -1.9586 7.6291e+01
1.6990 -5.5263 -5.9861 0.2527 0.4624 -7.2129 -1.9586 7.8651e+01
1.6990 -5.4396 -6.0074 0.1827 0.4624 -7.0702 -1.9586 1.0392e+02
1.6990 -5.6638 -5.8196 0.4002 0.4624 -7.3620 -1.9586 1.0119e+02
1.6990 -5.5913 -5.9809 0.3648 0.4624 -7.2926 -1.9586 6.6357e+01
1.6990 -5.9329 -5.8370 0.6557 0.4624 -7.6398 -1.9586 7.0234e+01
1.6990 -5.2806 -5.9711 0.1740 0.4624 -7.2048 -1.9586 5.7539e+01
1.6990 -5.3435 -5.7864 0.1602 0.4624 -8.0000 -1.9586 1.1354e+02
1.6990 -5.5183 -5.9475 0.2802 0.4624 -7.1405 -1.9586 5.2330e+01
1.6990 -5.6664 -5.8674 0.4502 0.4624 -7.2893 -1.9586 7.7197e+01
1.6990 -5.4630 -5.9660 0.2005 0.4624 -6.9433 -1.9586 4.9156e+01
1.6990 -5.4562 -5.8834 0.1653 0.4624 -7.2598 -1.9586 9.1221e+01
1.6990 -5.5937 -5.8207 0.3417 0.4624 -8.0000 -1.9586 1.2148e+02
1.6990 -5.4296 -5.8817 0.1789 0.4624 -7.4480 -1.9586 1.0225e+02
1.6990 -5.4287 -5.9192 0.2021 0.4624 -7.5258 -1.9586 7.3154e+01
1.6990 -5.6810 -5.8055 0.4220 0.4624 -7.6495 -1.9586 8.4759e+01
1.6990 -5.3095 -6.0100 0.0531 0.4624 -6.8514 -1.9586 8.0211e+01
1.6990 -5.3337 -6.0659 0.0303 0.4624 -6.7428 -1.9586 8.4914e+01
1.6990 -5.4233 -5.8364 0.2102 0.4624 -8.0000 -1.9586 1.3437e+02
1.6990 -5.4645 -5.9560 0.2280 0.4624 -7.0151 -1.9586 5.3988e+01
1.6990 -5.5708 -6.0434 0.2771 0.4624 -7.0486 -1.9586 5.3917e+01
1.6990 -5.5060 -6.0391 0.2034 0.4624 -7.0854 -1.9586 7.3282e+01
1.6990 -5.3933 -5.8020 0.1438 0.4624 -8.0000 -1.9586 9.1095e+01
1.6990 -5.5750 -5.9285 0.3371 0.4624 -7.1757 -1.9586 8.7820e+01
1.6990 -5.5370 -5.8061 0.2866 0.4624 -8.0000 -1.9586 1.0318e+02
1.6990 -5.6012 -5.8448 0.3819 0.4624 -7.9215 -1.9586 7.0174e+01
1.6990 -5.8370 -5.8896 0.5703 0.4624 -7.4233 -1.9586 8.7981e+01
1.6990 -5.5027 -5.8950 0.2395 0.4624 -8.0000 -1.9586 1.1859e+02
1.6990 -5.3375 -5.8905 0.1178 0.4624 -7.5561 -1.9586 8.2168e+01
1.6990 -5.7113 -5.9197 0.4697 0.4624 -7.2707 -1.9586 7.8192e+01
1.6990 -5.7384 -5.8044 0.5035 0.4624 -8.0000 -1.9586 6.9998e+01
