0.0000e+00 1.8715e-01 5.0000e-02 5.0004e-02 1.0646e-01 1.0000e-02 5.0053e-02 7.2556e-02 1.2438e-01 1.0050e-02 3.0599e-01
0.0000e+00 5.0000e-01 5.9000e-02 5.0000e-01 5.0011e-02 1.0000e-02 5.0000e-02 1.0000e-02 5.0000e-02 1.0000e-02 1.0000e+10
0.0000e+00 5.0056e-02 6.8000e-02 9.5758e-02 4.9997e-01 1.0000e-02 5.0000e-01 1.0000e-01 1.1022e-01 7.3560e-02 8.0204e-01
0.0000e+00 1.4933e-01 7.7000e-02 5.0000e-02 1.0256e-01 1.0000e-02 5.0000e-02 7.7153e-02 1.4163e-01 1.0000e-02 2.5435e-01
0.0000e+00 1.7400e-01 8.6000e-02 5.6676e-02 1.3619e-01 1.0591e-02 6.5516e-02 6.0945e-02 1.2762e-01 1.0438e-02 2.6181e-01
0.0000e+00 1.4030e-01 9.5000e-02 5.0000e-02 1.0937e-01 1.4823e-02 5.1584e-02 7.4499e-02 1.5015e-01 1.0000e-02 2.4317e-01
0.0000e+00 1.3309e-01 1.0400e-01 5.0082e-02 1.1261e-01 2.8678e-02 5.0315e-02 7.4842e-02 1.5587e-01 1.0000e-02 2.4117e-01
0.0000e+00 2.3322e-01 1.1300e-01 9.8526e-02 1.4184e-01 1.5087e-02 9.4066e-02 4.7687e-02 1.2628e-01 1.3197e-02 2.9098e-01
0.0000e+00 1.5634e-01 1.2200e-01 8.2227e-02 1.1340e-01 1.0000e-02 7.8142e-02 6.2375e-02 1.3774e-01 1.0000e-02 2.4090e-01
0.0000e+00 1.6202e-01 1.3100e-01 9.3217e-02 1.1141e-01 2.6669e-02 7.8416e-02 6.0715e-02 1.3819e-01 1.0000e-02 2.4046e-01
0.0000e+00 1.2951e-01 1.4000e-01 7.0565e-02 1.1526e-01 6.2043e-02 5.8297e-02 6.8206e-02 1.5936e-01 1.0000e-02 2.3785e-01
0.0000e+00 1.5026e-01 1.4900e-01 9.3966e-02 1.2395e-01 2.5784e-02 8.8703e-02 5.7304e-02 1.3871e-01 1.0000e-02 2.4064e-01
0.0000e+00 1.3337e-01 1.5800e-01 9.4981e-02 1.0772e-01 6.1712e-02 6.7358e-02 6.4179e-02 1.5081e-01 1.1492e-02 2.3796e-01
0.0000e+00 1.1207e-01 1.6700e-01 6.1942e-02 1.2789e-01 9.5631e-02 5.0000e-02 6.7922e-02 1.7829e-01 1.3537e-02 2.3952e-01
0.0000e+00 1.2849e-01 1.7600e-01 8.5266e-02 1.3365e-01 9.5664e-02 6.8896e-02 5.9372e-02 1.5934e-01 1.0000e-02 2.3832e-01
0.0000e+00 2.1448e-01 1.8500e-01 2.0016e-01 1.1633e-01 1.1102e-02 1.4328e-01 4.1286e-02 1.0489e-01 1.0123e-02 2.3844e-01
0.0000e+00 9.1885e-02 1.9400e-01 9.7676e-02 1.2248e-01 5.8071e-02 8.6983e-02 5.2202e-02 1.5687e-01 3.3746e-02 2.4311e-01
0.0000e+00 2.0227e-01 2.0300e-01 2.0561e-01 1.4276e-01 1.7664e-02 1.7923e-01 3.6164e-02 1.0052e-01 1.0000e-02 2.4208e-01
0.0000e+00 8.5958e-02 2.1200e-01 7.8858e-02 1.2582e-01 1.0000e-01 5.9340e-02 5.2955e-02 1.8565e-01 4.5209e-02 2.4174e-01
0.0000e+00 2.1825e-01 2.2100e-01 2.2815e-01 1.3230e-01 3.0753e-02 1.6887e-01 3.4152e-02 1.0101e-01 1.1096e-02 2.3784e-01
0.0000e+00 1.6669e-01 2.3000e-01 1.8241e-01 1.2868e-01 7.0819e-02 1.2395e-01 3.9334e-02 1.2024e-01 1.7650e-02 2.3707e-01
0.0000e+00 7.2986e-02 2.3900e-01 9.8865e-02 1.1941e-01 8.3746e-02 7.3933e-02 4.4142e-02 1.7978e-01 5.8864e-02 2.4155e-01
0.0000e+00 2.2918e-01 2.4800e-01 2.5108e-01 1.4172e-01 5.7822e-02 1.7119e-01 3.1683e-02 9.7956e-02 1.0000e-02 2.3714e-01
0.0000e+00 1.8344e-01 2.5700e-01 2.0113e-01 1.4574e-01 1.0000e-01 1.3418e-01 3.5236e-02 1.1677e-01 1.4267e-02 2.3803e-01
0.0000e+00 2.0094e-01 2.6600e-01 2.3670e-01 1.5345e-01 6.4460e-02 1.8379e-01 2.8942e-02 1.0396e-01 1.6454e-02 2.3863e-01
0.0000e+00 1.3431e-01 2.7500e-01 1.6374e-01 1.4697e-01 9.8769e-02 1.2568e-01 3.3162e-02 1.3957e-01 3.1620e-02 2.3999e-01
0.0000e+00 2.7926e-01 2.8400e-01 3.3517e-01 1.7573e-01 1.0000e-02 2.9235e-01 2.1229e-02 7.7082e-02 1.0010e-02 2.4241e-01
0.0000e+00 2.6639e-01 2.9300e-01 3.0812e-01 1.6888e-01 1.1359e-02 2.6440e-01 2.2265e-02 8.7660e-02 1.3112e-02 2.4110e-01
0.0000e+00 2.8634e-01 3.0200e-01 3.3572e-01 1.7972e-01 1.1067e-02 2.9179e-01 2.1052e-02 8.0632e-02 1.0000e-02 2.4245e-01
0.0000e+00 2.3672e-01 3.1100e-01 2.9502e-01 1.7863e-01 1.0000e-02 2.8403e-01 2.0061e-02 9.1304e-02 1.8310e-02 2.4319e-01
0.0000e+00 2.3740e-01 3.2000e-01 2.9721e-01 1.9222e-01 8.0473e-02 2.4687e-01 2.2804e-02 8.8376e-02 1.1399e-02 2.4974e-01
0.0000e+00 3.0203e-01 3.2900e-01 3.6995e-01 1.9829e-01 1.0000e-02 3.3269e-01 1.8167e-02 7.3544e-02 1.0004e-02 2.4972e-01
0.0000e+00 1.9665e-01 3.3800e-01 2.6635e-01 1.9337e-01 5.5913e-02 2.6502e-01 2.0363e-02 9.9426e-02 2.0354e-02 2.4912e-01
0.0000e+00 2.6473e-01 3.4700e-01 3.4696e-01 2.1916e-01 1.0000e-02 3.6780e-01 1.5824e-02 7.7365e-02 1.5741e-02 2.5798e-01
0.0000e+00 2.3289e-01 3.5600e-01 3.1741e-01 2.1738e-01 1.2526e-02 3.6450e-01 1.5581e-02 8.4785e-02 1.8564e-02 2.5331e-01
0.0000e+00 2.2155e-01 3.6500e-01 2.9995e-01 2.2081e-01 1.2349e-02 3.5994e-01 1.6352e-02 9.1397e-02 1.9154e-02 2.5449e-01
0.0000e+00 1.8406e-01 3.7400e-01 2.6131e-01 2.0901e-01 1.1402e-02 3.2629e-01 1.6878e-02 1.0629e-01 2.5530e-02 2.5447e-01
0.0000e+00 2.0629e-01 3.8300e-01 2.8589e-01 2.2088e-01 1.1034e-02 3.5426e-01 1.6131e-02 9.8482e-02 2.1695e-02 2.5697e-01
0.0000e+00 1.8292e-01 3.9200e-01 2.6091e-01 2.2156e-01 1.2527e-02 3.4567e-01 1.6283e-02 1.0849e-01 2.5004e-02 2.5862e-01
0.0000e+00 2.0724e-01 4.0100e-01 2.9480e-01 2.3727e-01 1.2027e-02 3.8931e-01 1.5111e-02 9.5838e-02 2.0689e-02 2.6282e-01
0.0000e+00 3.2783e-01 4.1000e-01 3.7381e-01 4.5216e-01 7.5650e-02 3.8641e-01 9.9853e-02 1.9338e-01 1.4421e-02 6.7366e-01
0.0000e+00 3.6505e-01 4.1900e-01 4.7316e-01 4.0007e-01 7.7832e-02 3.9670e-01 9.6716e-02 1.7324e-01 1.0000e-02 6.6841e-01
0.0000e+00 2.6095e-01 4.2800e-01 3.7012e-01 2.5477e-01 1.2378e-02 4.3111e-01 1.2100e-02 7.7245e-02 1.8417e-02 2.8161e-01
0.0000e+00 2.1813e-01 4.3700e-01 3.2235e-01 2.4842e-01 1.0000e-02 4.0109e-01 1.3573e-02 9.2048e-02 2.2465e-02 3.0787e-01
0.0000e+00 3.6221e-01 4.4600e-01 5.0000e-01 3.9539e-01 1.0098e-02 4.4645e-01 8.8813e-02 1.6718e-01 1.3705e-02 6.6773e-01
0.0000e+00 2.8592e-01 4.5500e-01 4.1245e-01 2.6139e-01 2.2113e-02 4.3071e-01 1.0572e-02 7.0888e-02 1.9159e-02 3.0738e-01
0.0000e+00 3.0142e-01 4.6400e-01 4.3303e-01 2.6128e-01 3.2646e-02 4.1647e-01 1.0148e-02 6.8148e-02 1.9013e-02 3.1874e-01
0.0000e+00 1.2250e-01 4.7300e-01 2.6744e-01 2.4753e-01 1.0000e-01 2.9947e-01 1.2859e-02 1.0477e-01 3.6926e-02 3.4180e-01
0.0000e+00 3.6804e-01 4.8200e-01 4.9895e-01 2.7454e-01 9.9913e-02 3.8033e-01 1.2839e-02 5.9698e-02 1.0000e-02 3.4728e-01
0.0000e+00 2.1895e-01 4.9100e-01 3.5891e-01 2.6008e-01 9.7878e-02 3.3439e-01 1.1324e-02 8.4270e-02 2.5862e-02 3.4259e-01
