0.0000e+00 5.0000e-02 5.0000e-01 5.0000e-02 5.0000e-01 1.0000e-02 5.0000e-01 1.0000e-02 5.0000e-01 1.0000e-01 1.0000e+10
0.0000e+00 5.0000e-01 5.0000e-02 5.0000e-02 5.0000e-02 1.0000e-01 5.0000e-02 1.1800e-02 5.0000e-02 1.0000e-02 1.0000e+10
0.0000e+00 5.0000e-02 5.0000e-02 5.0000e-02 5.0000e-02 1.0000e-01 5.0000e-01 1.3600e-02 5.0000e-01 9.9941e-02 1.0000e+10
0.0000e+00 1.3680e-01 5.4997e-02 9.3877e-02 4.6411e-01 1.0000e-02 4.4457e-01 1.5400e-02 5.1472e-02 4.1252e-02 4.8273e-01
0.0000e+00 5.0000e-01 5.0003e-02 5.0000e-02 1.2856e-01 1.0000e-02 5.0000e-01 1.7200e-02 5.0000e-01 1.0000e-02 1.0000e+10
0.0000e+00 1.4501e-01 5.6679e-02 9.8013e-02 5.0000e-01 9.9025e-02 4.2436e-01 1.9000e-02 5.0000e-02 3.1610e-02 4.7466e-01
0.0000e+00 5.0000e-02 5.0000e-01 5.0000e-01 5.0000e-01 1.0000e-02 5.0000e-01 2.0800e-02 5.0000e-01 1.0000e-02 1.0000e+10
0.0000e+00 5.0000e-02 5.0000e-01 5.0000e-02 5.0000e-02 1.0000e-01 5.0000e-02 2.2600e-02 5.0000e-01 1.0000e-01 1.0000e+10
0.0000e+00 5.0000e-02 5.0000e-01 5.0000e-01 5.0000e-02 1.0000e-01 5.0000e-02 2.4400e-02 5.0000e-02 1.0000e-02 1.0000e+10
0.0000e+00 5.7220e-02 3.1293e-01 1.1166e-01 1.4570e-01 8.4255e-02 1.0994e-01 2.6200e-02 1.9069e-01 7.4613e-02 2.5062e-01
0.0000e+00 5.7252e-02 3.1840e-01 1.2143e-01 1.5098e-01 8.9339e-02 1.1828e-01 2.8000e-02 1.7955e-01 6.6356e-02 2.4934e-01
0.0000e+00 1.0729e-01 5.0000e-02 6.6084e-02 3.2519e-01 1.0009e-02 2.6397e-01 2.9800e-02 6.0913e-02 3.2135e-02 4.3048e-01
0.0000e+00 5.0000e-01 5.0000e-02 4.9999e-01 5.0000e-02 1.0000e-02 5.0000e-02 3.1600e-02 5.0000e-01 1.0000e-02 1.0000e+10
0.0000e+00 5.0359e-02 2.5746e-01 1.0809e-01 1.1864e-01 5.4271e-02 9.6706e-02 3.3400e-02 1.7930e-01 7.9450e-02 2.4622e-01
0.0000e+00 5.2124e-02 2.5617e-01 9.0752e-02 1.4039e-01 4.1963e-02 1.0620e-01 3.5200e-02 1.8696e-01 7.2166e-02 2.5626e-01
0.0000e+00 5.0000e-02 5.0000e-01 5.0000e-01 5.0000e-02 1.0000e-01 4.9999e-01 3.7000e-02 5.0000e-01 1.0000e-01 1.0000e+10
0.0000e+00 9.1924e-02 2.3890e-01 1.2435e-01 1.3433e-01 6.7896e-02 1.1594e-01 3.8800e-02 1.5452e-01 4.2576e-02 2.4860e-01
0.0000e+00 5.0000e-01 5.0000e-01 5.0000e-01 5.0000e-01 1.0000e-01 5.0000e-01 4.0600e-02 5.0000e-02 1.0000e-02 1.0000e+10
0.0000e+00 5.0000e-01 5.0000e-02 5.0000e-01 5.0000e-02 1.0000e-01 5.0000e-02 4.2400e-02 4.9996e-01 1.0000e-01 1.0000e+10
0.0000e+00 5.0000e-02 5.0001e-02 5.0000e-01 5.0000e-01 1.0000e-01 5.0000e-01 4.4200e-02 5.0000e-02 1.0000e-01 1.0000e+10
0.0000e+00 5.0000e-02 2.4215e-01 8.7019e-02 1.4696e-01 1.0000e-01 8.8979e-02 4.6000e-02 1.8099e-01 5.0040e-02 2.5760e-01
0.0000e+00 5.0000e-01 5.0000e-02 5.0000e-01 5.0000e-01 1.0000e-01 5.0000e-01 4.7800e-02 5.0000e-02 1.0000e-01 1.0000e+10
0.0000e+00 1.5714e-01 1.8364e-01 1.2315e-01 1.2210e-01 5.2553e-02 9.4697e-02 4.9600e-02 1.3695e-01 1.4791e-02 2.3919e-01
0.0000e+00 1.1667e-01 1.9287e-01 1.1416e-01 1.0901e-01 5.9047e-02 7.9562e-02 5.1400e-02 1.5062e-01 3.3300e-02 2.3802e-01
0.0000e+00 5.0000e-01 5.0000e-02 5.0000e-02 5.0000e-01 1.0000e-01 5.0000e-02 5.3200e-02 5.0000e-02 9.9998e-02 1.0000e+10
0.0000e+00 5.0000e-01 5.0002e-02 5.0000e-02 5.0000e-01 1.0000e-02 5.0000e-02 5.5000e-02 5.0000e-02 1.0000e-02 1.0000e+10
0.0000e+00 5.0000e-02 5.0000e-01 5.0000e-02 5.0000e-02 1.0000e-02 5.0000e-01 5.6800e-02 5.0000e-02 1.0000e-02 1.0000e+10
0.0000e+00 5.3566e-02 1.9749e-01 1.0475e-01 7.9665e-02 4.4897e-02 5.8593e-02 5.8600e-02 1.7329e-01 7.2327e-02 2.4156e-01
0.0000e+00 1.4191e-01 1.7351e-01 1.1981e-01 1.0598e-01 6.9328e-02 7.3301e-02 6.0400e-02 1.4000e-01 1.0000e-02 2.3820e-01
0.0000e+00 5.0000e-02 5.0000e-01 5.0000e-01 5.0000e-02 1.0000e-02 5.0000e-01 6.2200e-02 5.0000e-02 1.0000e-01 1.0000e+10
0.0000e+00 1.3363e-01 1.6994e-01 1.1730e-01 9.6790e-02 7.4248e-02 6.3971e-02 6.4000e-02 1.4496e-01 1.1615e-02 2.3915e-01
0.0000e+00 5.0000e-01 5.0000e-02 5.0022e-02 5.0000e-02 1.0000e-01 5.0000e-01 6.5800e-02 5.0000e-02 1.0000e-01 1.0000e+10
0.0000e+00 5.0000e-01 5.0000e-02 5.0000e-02 5.0000e-02 1.0000e-01 5.0000e-01 6.7600e-02 5.0000e-01 1.0000e-01 1.0000e+10
0.0000e+00 5.0000e-02 5.0000e-02 5.0000e-01 5.0000e-02 1.0000e-01 5.0000e-01 6.9400e-02 5.0000e-01 1.0000e-02 1.0000e+10
0.0000e+00 5.0000e-02 5.0000e-01 5.0000e-02 5.0000e-01 1.0000e-02 5.0000e-02 7.1200e-02 5.0000e-02 1.0000e-02 1.0000e+10
0.0000e+00 5.0000e-01 5.0205e-02 5.0000e-01 5.0000e-02 1.0000e-02 5.0000e-01 7.3000e-02 5.0000e-02 1.0000e-02 1.0000e+10
0.0000e+00 5.0119e-02 2.6496e-01 1.0930e-01 5.0000e-01 3.8430e-02 3.8139e-01 7.4800e-02 2.6411e-01 9.7393e-02 7.9449e-01
0.0000e+00 5.4401e-02 5.0000e-02 5.0000e-01 5.0000e-01 1.0000e-02 5.0000e-02 7.6600e-02 5.0000e-02 1.0000e-02 1.0000e+10
0.0000e+00 5.0000e-02 9.0620e-02 5.0000e-02 2.0252e-01 9.5376e-02 1.2338e-01 7.8400e-02 1.3428e-01 1.0002e-02 4.1341e-01
0.0000e+00 5.0000e-02 1.8494e-01 9.8176e-02 8.3777e-02 7.2136e-02 5.0042e-02 8.0200e-02 1.7273e-01 3.6568e-02 2.6104e-01
0.0000e+00 5.0000e-02 8.4254e-02 5.0000e-02 1.9292e-01 8.5721e-02 1.2145e-01 8.2000e-02 1.3204e-01 1.0000e-02 4.2280e-01
0.0000e+00 5.0000e-01 5.0000e-02 5.0001e-02 5.0000e-01 1.0000e-01 5.0000e-02 8.3800e-02 5.0000e-01 1.0000e-01 1.0000e+10
0.0000e+00 5.0851e-02 3.8822e-01 1.2892e-01 3.7189e-01 1.0000e-02 2.7970e-01 8.5600e-02 3.3116e-01 9.6155e-02 7.8663e-01
0.0000e+00 7.4091e-02 1.6848e-01 9.9531e-02 8.7969e-02 7.9201e-02 5.1096e-02 8.7400e-02 1.6474e-01 1.2929e-02 2.7056e-01
0.0000e+00 5.1550e-02 5.0000e-02 5.0000e-01 5.0007e-02 1.0000e-02 5.0000e-01 8.9200e-02 5.0000e-02 1.0002e-02 1.0000e+10
0.0000e+00 5.0664e-02 1.6373e-01 8.8198e-02 1.1610e-01 6.7479e-02 9.3149e-02 9.1000e-02 1.7760e-01 1.0000e-02 4.5041e-01
0.0000e+00 5.9851e-02 1.7779e-01 9.8255e-02 8.3574e-02 6.2030e-02 5.0000e-02 9.2800e-02 1.6672e-01 2.1379e-02 3.1657e-01
0.0000e+00 5.0000e-01 5.0000e-01 5.0000e-01 5.0000e-02 1.0000e-01 5.0004e-02 9.4600e-02 5.0000e-02 1.0000e-02 1.0000e+10
0.0000e+00 5.4402e-02 1.7896e-01 9.9681e-02 1.0160e-01 1.0000e-01 5.0000e-02 9.6400e-02 1.6414e-01 1.0000e-02 3.1880e-01
0.0000e+00 5.0000e-01 5.0000e-01 5.0000e-01 5.0000e-01 1.0000e-02 5.0000e-02 9.8200e-02 5.0032e-02 1.0000e-02 1.0000e+10
0.0000e+00 5.0000e-02 5.0000e-01 5.0000e-01 5.0000e-02 1.0000e-02 5.0000e-01 1.0000e-01 5.0000e-01 1.0000e-01 1.0000e+10
