0.0000e+00 1.1258e-01 2.4876e-01 9.4066e-02 1.9664e-01 1.0000e-02 1.5982e-01 3.7431e-02 1.7408e-01 3.2063e-02 3.0023e-01
0.0000e+00 9.5808e-02 3.2552e-01 1.3807e-01 2.1019e-01 5.4270e-02 2.5714e-01 2.2943e-02 1.6874e-01 3.8522e-02 2.9927e-01
0.0000e+00 6.9103e-02 3.6202e-01 1.0648e-01 2.1914e-01 2.8060e-02 2.3096e-01 2.3802e-02 2.0941e-01 5.0222e-02 2.9950e-01
0.0000e+00 1.0920e-01 3.7374e-01 1.6817e-01 2.0300e-01 1.7549e-02 2.9914e-01 1.7036e-02 1.6234e-01 4.3002e-02 2.9979e-01
0.0000e+00 5.9062e-02 3.0654e-01 1.1563e-01 1.7825e-01 1.0000e-02 2.1466e-01 2.1261e-02 1.8155e-01 6.3277e-02 3.0038e-01
0.0000e+00 5.4706e-02 2.4052e-01 7.6441e-02 1.5463e-01 1.0000e-02 1.3340e-01 3.4702e-02 2.0019e-01 6.5416e-02 3.0121e-01
0.0000e+00 6.1644e-02 4.1932e-01 1.4664e-01 2.0652e-01 1.0000e-02 2.8587e-01 1.8536e-02 1.8067e-01 5.2452e-02 3.0866e-01
0.0000e+00 8.5164e-02 2.5827e-01 1.0977e-01 1.7722e-01 6.7547e-02 1.7003e-01 3.1567e-02 1.7173e-01 4.0717e-02 3.0060e-01
0.0000e+00 1.0920e-01 3.7374e-01 1.6817e-01 2.0300e-01 1.7549e-02 2.9914e-01 1.7036e-02 1.6234e-01 4.3002e-02 2.9979e-01
0.0000e+00 1.0920e-01 3.7374e-01 1.6817e-01 2.0300e-01 1.7549e-02 2.9914e-01 1.7036e-02 1.6234e-01 4.3002e-02 2.9979e-01
0.0000e+00 5.9062e-02 3.0654e-01 1.1563e-01 1.7825e-01 1.0000e-02 2.1466e-01 2.1261e-02 1.8155e-01 6.3277e-02 3.0038e-01
0.0000e+00 5.1920e-02 3.9516e-01 1.0070e-01 2.0392e-01 1.0000e-01 1.7542e-01 1.7469e-02 2.3892e-01 7.5152e-02 2.9793e-01
0.0000e+00 5.9062e-02 3.0654e-01 1.1563e-01 1.7825e-01 1.0000e-02 2.1466e-01 2.1261e-02 1.8155e-01 6.3277e-02 3.0038e-01
0.0000e+00 5.9062e-02 3.0654e-01 1.1563e-01 1.7825e-01 1.0000e-02 2.1466e-01 2.1261e-02 1.8155e-01 6.3277e-02 3.0038e-01
0.0000e+00 5.9062e-02 3.0654e-01 1.1563e-01 1.7825e-01 1.0000e-02 2.1466e-01 2.1261e-02 1.8155e-01 6.3277e-02 3.0038e-01
0.0000e+00 5.9062e-02 3.0654e-01 1.1563e-01 1.7825e-01 1.0000e-02 2.1466e-01 2.1261e-02 1.8155e-01 6.3277e-02 3.0038e-01
0.0000e+00 7.6392e-02 4.0865e-01 1.0175e-01 2.5219e-01 6.5676e-02 2.3332e-01 2.5617e-02 2.3598e-01 4.4547e-02 3.0033e-01
0.0000e+00 5.9062e-02 3.0654e-01 1.1563e-01 1.7825e-01 1.0000e-02 2.1466e-01 2.1261e-02 1.8155e-01 6.3277e-02 3.0038e-01
0.0000e+00 5.0000e-02 3.8230e-01 1.8134e-01 1.8684e-01 2.0263e-02 3.4541e-01 1.0000e-02 1.3502e-01 5.7413e-02 2.9637e-01
0.0000e+00 5.9062e-02 3.0654e-01 1.1563e-01 1.7825e-01 1.0000e-02 2.1466e-01 2.1261e-02 1.8155e-01 6.3277e-02 3.0038e-01
0.0000e+00 9.8579e-02 3.3885e-01 1.5415e-01 1.8168e-01 3.2422e-02 2.2501e-01 2.1667e-02 1.5820e-01 4.4086e-02 3.0166e-01
0.0000e+00 1.8376e-01 3.8893e-01 2.1593e-01 2.4545e-01 8.5317e-02 3.0247e-01 2.0761e-02 1.3463e-01 1.9440e-02 3.0084e-01
0.0000e+00 1.2571e-01 3.9409e-01 1.4622e-01 2.1638e-01 1.0000e-02 2.6651e-01 1.8060e-02 1.9473e-01 4.6068e-02 3.0557e-01
0.0000e+00 5.9062e-02 3.0654e-01 1.1563e-01 1.7825e-01 1.0000e-02 2.1466e-01 2.1261e-02 1.8155e-01 6.3277e-02 3.0038e-01
0.0000e+00 6.8500e-02 3.9867e-01 1.5846e-01 2.0078e-01 5.5663e-02 2.6438e-01 1.5140e-02 1.6420e-01 5.3845e-02 2.9731e-01
0.0000e+00 9.0836e-02 4.0202e-01 1.3777e-01 2.3980e-01 1.0000e-01 2.4661e-01 2.1569e-02 1.9037e-01 4.3091e-02 3.0146e-01
0.0000e+00 5.9062e-02 3.0654e-01 1.1563e-01 1.7825e-01 1.0000e-02 2.1466e-01 2.1261e-02 1.8155e-01 6.3277e-02 3.0038e-01
0.0000e+00 9.0651e-02 4.2420e-01 1.8891e-01 2.1010e-01 1.5022e-02 3.5066e-01 1.0211e-02 1.5077e-01 5.1842e-02 3.0010e-01
0.0000e+00 1.0920e-01 3.7374e-01 1.6817e-01 2.0300e-01 1.7549e-02 2.9914e-01 1.7036e-02 1.6234e-01 4.3002e-02 2.9979e-01
0.0000e+00 1.0920e-01 3.7374e-01 1.6817e-01 2.0300e-01 1.7549e-02 2.9914e-01 1.7036e-02 1.6234e-01 4.3002e-02 2.9979e-01
0.0000e+00 1.0920e-01 3.7374e-01 1.6817e-01 2.0300e-01 1.7549e-02 2.9914e-01 1.7036e-02 1.6234e-01 4.3002e-02 2.9979e-01
0.0000e+00 1.0920e-01 3.7374e-01 1.6817e-01 2.0300e-01 1.7549e-02 2.9914e-01 1.7036e-02 1.6234e-01 4.3002e-02 2.9979e-01
0.0000e+00 5.9062e-02 3.0654e-01 1.1563e-01 1.7825e-01 1.0000e-02 2.1466e-01 2.1261e-02 1.8155e-01 6.3277e-02 3.0038e-01
0.0000e+00 5.3726e-02 3.6359e-01 9.5082e-02 1.9155e-01 8.3105e-02 1.6105e-01 2.7720e-02 2.2659e-01 5.6632e-02 3.0069e-01
0.0000e+00 5.9062e-02 3.0654e-01 1.1563e-01 1.7825e-01 1.0000e-02 2.1466e-01 2.1261e-02 1.8155e-01 6.3277e-02 3.0038e-01
0.0000e+00 1.0436e-01 3.1615e-01 1.4364e-01 2.1948e-01 1.8514e-02 2.7592e-01 2.5663e-02 1.5195e-01 2.9668e-02 3.0452e-01
0.0000e+00 6.4582e-02 3.5430e-01 1.1692e-01 1.8810e-01 2.2930e-02 2.1551e-01 2.4015e-02 1.9283e-01 5.1102e-02 3.0215e-01
0.0000e+00 1.0920e-01 3.7374e-01 1.6817e-01 2.0300e-01 1.7549e-02 2.9914e-01 1.7036e-02 1.6234e-01 4.3002e-02 2.9979e-01
0.0000e+00 8.8579e-02 2.9530e-01 1.2814e-01 1.5139e-01 1.0000e-02 1.7104e-01 2.4589e-02 1.7234e-01 5.9830e-02 2.9808e-01
0.0000e+00 5.9062e-02 3.0654e-01 1.1563e-01 1.7825e-01 1.0000e-02 2.1466e-01 2.1261e-02 1.8155e-01 6.3277e-02 3.0038e-01
0.0000e+00 1.0920e-01 3.7374e-01 1.6817e-01 2.0300e-01 1.7549e-02 2.9914e-01 1.7036e-02 1.6234e-01 4.3002e-02 2.9979e-01
0.0000e+00 5.9062e-02 3.0654e-01 1.1563e-01 1.7825e-01 1.0000e-02 2.1466e-01 2.1261e-02 1.8155e-01 6.3277e-02 3.0038e-01
0.0000e+00 1.0920e-01 3.7374e-01 1.6817e-01 2.0300e-01 1.7549e-02 2.9914e-01 1.7036e-02 1.6234e-01 4.3002e-02 2.9979e-01
0.0000e+00 8.0512e-02 2.8819e-01 1.7720e-01 1.4742e-01 1.0000e-02 2.2728e-01 2.3534e-02 1.2395e-01 4.1617e-02 3.0419e-01
0.0000e+00 1.1857e-01 4.1494e-01 1.1713e-01 2.7550e-01 1.0000e-02 2.7910e-01 2.5542e-02 2.2534e-01 3.3919e-02 3.0498e-01
0.0000e+00 1.0920e-01 3.7374e-01 1.6817e-01 2.0300e-01 1.7549e-02 2.9914e-01 1.7036e-02 1.6234e-01 4.3002e-02 2.9979e-01
0.0000e+00 5.9062e-02 3.0654e-01 1.1563e-01 1.7825e-01 1.0000e-02 2.1466e-01 2.1261e-02 1.8155e-01 6.3277e-02 3.0038e-01
0.0000e+00 5.9062e-02 3.0654e-01 1.1563e-01 1.7825e-01 1.0000e-02 2.1466e-01 2.1261e-02 1.8155e-01 6.3277e-02 3.0038e-01
0.0000e+00 1.0920e-01 3.7374e-01 1.6817e-01 2.0300e-01 1.7549e-02 2.9914e-01 1.7036e-02 1.6234e-01 4.3002e-02 2.9979e-01
0.0000e+00 1.0920e-01 3.7374e-01 1.6817e-01 2.0300e-01 1.7549e-02 2.9914e-01 1.7036e-02 1.6234e-01 4.3002e-02 2.9979e-01
0.0000e+00 5.9062e-02 3.0654e-01 1.1563e-01 1.7825e-01 1.0000e-02 2.1466e-01 2.1261e-02 1.8155e-01 6.3277e-02 3.0038e-01
0.0000e+00 5.4106e-02 4.0905e-01 1.3497e-01 2.0622e-01 7.5583e-02 2.5290e-01 1.2839e-02 1.9631e-01 6.6844e-02 2.9593e-01
0.0000e+00 1.6164e-01 2.8302e-01 2.0484e-01 1.5712e-01 4.6734e-02 2.0357e-01 2.3758e-02 1.2168e-01 3.1196e-02 2.9656e-01
0.0000e+00 5.9062e-02 3.0654e-01 1.1563e-01 1.7825e-01 1.0000e-02 2.1466e-01 2.1261e-02 1.8155e-01 6.3277e-02 3.0038e-01
0.0000e+00 5.9062e-02 3.0654e-01 1.1563e-01 1.7825e-01 1.0000e-02 2.1466e-01 2.1261e-02 1.8155e-01 6.3277e-02 3.0038e-01
0.0000e+00 1.0920e-01 3.7374e-01 1.6817e-01 2.0300e-01 1.7549e-02 2.9914e-01 1.7036e-02 1.6234e-01 4.3002e-02 2.9979e-01
0.0000e+00 5.9062e-02 3.0654e-01 1.1563e-01 1.7825e-01 1.0000e-02 2.1466e-01 2.1261e-02 1.8155e-01 6.3277e-02 3.0038e-01
0.0000e+00 5.0000e-02 4.2747e-01 1.5577e-01 2.1615e-01 5.9476e-02 3.3022e-01 1.0000e-02 1.7384e-01 6.2552e-02 2.9716e-01
0.0000e+00 5.9062e-02 3.0654e-01 1.1563e-01 1.7825e-01 1.0000e-02 2.1466e-01 2.1261e-02 1.8155e-01 6.3277e-02 3.0038e-01
0.0000e+00 5.0000e-02 3.2178e-01 9.6857e-02 1.7966e-01 6.2627e-02 1.6363e-01 2.5743e-02 2.0708e-01 6.3027e-02 2.9365e-01
0.0000e+00 1.0920e-01 3.7374e-01 1.6817e-01 2.0300e-01 1.7549e-02 2.9914e-01 1.7036e-02 1.6234e-01 4.3002e-02 2.9979e-01
0.0000e+00 7.1223e-02 4.1634e-01 8.3795e-02 2.4719e-01 1.0000e-01 1.7228e-01 2.8448e-02 2.6488e-01 4.9339e-02 3.0050e-01
0.0000e+00 5.9062e-02 3.0654e-01 1.1563e-01 1.7825e-01 1.0000e-02 2.1466e-01 2.1261e-02 1.8155e-01 6.3277e-02 3.0038e-01
0.0000e+00 1.0920e-01 3.7374e-01 1.6817e-01 2.0300e-01 1.7549e-02 2.9914e-01 1.7036e-02 1.6234e-01 4.3002e-02 2.9979e-01
0.0000e+00 5.9062e-02 3.0654e-01 1.1563e-01 1.7825e-01 1.0000e-02 2.1466e-01 2.1261e-02 1.8155e-01 6.3277e-02 3.0038e-01
0.0000e+00 1.0920e-01 3.7374e-01 1.6817e-01 2.0300e-01 1.7549e-02 2.9914e-01 1.7036e-02 1.6234e-01 4.3002e-02 2.9979e-01
0.0000e+00 1.0920e-01 3.7374e-01 1.6817e-01 2.0300e-01 1.7549e-02 2.9914e-01 1.7036e-02 1.6234e-01 4.3002e-02 2.9979e-01
0.0000e+00 7.6307e-02 3.5580e-01 1.2184e-01 2.0391e-01 8.9967e-02 1.9730e-01 2.0741e-02 1.9748e-01 5.8046e-02 2.9977e-01
0.0000e+00 1.2774e-01 3.1958e-01 1.3791e-01 2.2699e-01 4.6481e-02 2.4095e-01 2.8933e-02 1.6565e-01 2.4729e-02 2.9716e-01
0.0000e+00 1.0920e-01 3.7374e-01 1.6817e-01 2.0300e-01 1.7549e-02 2.9914e-01 1.7036e-02 1.6234e-01 4.3002e-02 2.9979e-01
0.0000e+00 1.0920e-01 3.7374e-01 1.6817e-01 2.0300e-01 1.7549e-02 2.9914e-01 1.7036e-02 1.6234e-01 4.3002e-02 2.9979e-01
0.0000e+00 5.9062e-02 3.0654e-01 1.1563e-01 1.7825e-01 1.0000e-02 2.1466e-01 2.1261e-02 1.8155e-01 6.3277e-02 3.0038e-01
0.0000e+00 1.3424e-01 4.1445e-01 2.0876e-01 2.1343e-01 1.0000e-02 3.3861e-01 1.3872e-02 1.4295e-01 3.9212e-02 2.9887e-01
0.0000e+00 5.9062e-02 3.0654e-01 1.1563e-01 1.7825e-01 1.0000e-02 2.1466e-01 2.1261e-02 1.8155e-01 6.3277e-02 3.0038e-01
0.0000e+00 5.9062e-02 3.0654e-01 1.1563e-01 1.7825e-01 1.0000e-02 2.1466e-01 2.1261e-02 1.8155e-01 6.3277e-02 3.0038e-01
0.0000e+00 1.0920e-01 3.7374e-01 1.6817e-01 2.0300e-01 1.7549e-02 2.9914e-01 1.7036e-02 1.6234e-01 4.3002e-02 2.9979e-01
0.0000e+00 3.2877e-01 3.7899e-01 4.6161e-01 1.8871e-01 1.0000e-02 4.0188e-01 1.1348e-02 5.9934e-02 1.4082e-02 3.0356e-01
0.0000e+00 5.9062e-02 3.0654e-01 1.1563e-01 1.7825e-01 1.0000e-02 2.1466e-01 2.1261e-02 1.8155e-01 6.3277e-02 3.0038e-01
0.0000e+00 1.0920e-01 3.7374e-01 1.6817e-01 2.0300e-01 1.7549e-02 2.9914e-01 1.7036e-02 1.6234e-01 4.3002e-02 2.9979e-01
0.0000e+00 1.0920e-01 3.7374e-01 1.6817e-01 2.0300e-01 1.7549e-02 2.9914e-01 1.7036e-02 1.6234e-01 4.3002e-02 2.9979e-01
0.0000e+00 8.3789e-02 2.7128e-01 5.7533e-02 2.5020e-01 1.0000e-01 1.2077e-01 4.3304e-02 2.2632e-01 2.9439e-02 3.0211e-01
0.0000e+00 1.0920e-01 3.7374e-01 1.6817e-01 2.0300e-01 1.7549e-02 2.9914e-01 1.7036e-02 1.6234e-01 4.3002e-02 2.9979e-01
0.0000e+00 5.9062e-02 3.0654e-01 1.1563e-01 1.7825e-01 1.0000e-02 2.1466e-01 2.1261e-02 1.8155e-01 6.3277e-02 3.0038e-01
0.0000e+00 5.0000e-02 3.4340e-01 1.0288e-01 2.3253e-01 1.0000e-01 2.2551e-01 2.3226e-02 2.0157e-01 5.2784e-02 3.0312e-01
0.0000e+00 1.0920e-01 3.7374e-01 1.6817e-01 2.0300e-01 1.7549e-02 2.9914e-01 1.7036e-02 1.6234e-01 4.3002e-02 2.9979e-01
0.0000e+00 1.4283e-01 3.0557e-01 1.3131e-01 2.1297e-01 2.4763e-02 2.2447e-01 2.8578e-02 1.7037e-01 2.3569e-02 2.9892e-01
0.0000e+00 9.5354e-02 3.2877e-01 1.0487e-01 2.3756e-01 1.0000e-02 2.3718e-01 2.8845e-02 1.9801e-01 3.5997e-02 2.9960e-01
0.0000e+00 5.9062e-02 3.0654e-01 1.1563e-01 1.7825e-01 1.0000e-02 2.1466e-01 2.1261e-02 1.8155e-01 6.3277e-02 3.0038e-01
0.0000e+00 8.2346e-02 4.1113e-01 1.2597e-01 2.4108e-01 8.0159e-02 2.5515e-01 2.0342e-02 2.0439e-01 4.5655e-02 3.0231e-01
0.0000e+00 7.4838e-02 3.4100e-01 8.6709e-02 2.7119e-01 8.6440e-02 2.1777e-01 3.0526e-02 2.2359e-01 3.6964e-02 3.0316e-01
0.0000e+00 1.0920e-01 3.7374e-01 1.6817e-01 2.0300e-01 1.7549e-02 2.9914e-01 1.7036e-02 1.6234e-01 4.3002e-02 2.9979e-01
0.0000e+00 5.0000e-02 4.0672e-01 1.2657e-01 1.8298e-01 1.0000e-01 1.8040e-01 1.6401e-02 2.0744e-01 7.1806e-02 2.9481e-01
0.0000e+00 1.0063e-01 2.8966e-01 9.6379e-02 2.2627e-01 1.0000e-02 1.9750e-01 3.4806e-02 1.8797e-01 3.1441e-02 3.0054e-01
0.0000e+00 7.8693e-02 3.4115e-01 1.0201e-01 2.2713e-01 7.4807e-02 2.0391e-01 2.8626e-02 2.0935e-01 4.2561e-02 3.0064e-01
0.0000e+00 6.6430e-02 3.6413e-01 1.6481e-01 1.7375e-01 4.4532e-02 2.3559e-01 1.8140e-02 1.5566e-01 5.6377e-02 2.9672e-01
0.0000e+00 6.8605e-02 3.6470e-01 1.0731e-01 2.2087e-01 6.6728e-02 2.1856e-01 1.9653e-02 2.1358e-01 5.8600e-02 2.9960e-01
0.0000e+00 5.0000e-02 4.2183e-01 1.6797e-01 2.0426e-01 2.5439e-02 3.5135e-01 1.0000e-02 1.5837e-01 5.9742e-02 2.9787e-01
0.0000e+00 5.0000e-02 2.5630e-01 5.3363e-02 1.7538e-01 9.2673e-02 8.2235e-02 3.6482e-02 2.3964e-01 7.2768e-02 2.9912e-01
0.0000e+00 5.9062e-02 3.0654e-01 1.1563e-01 1.7825e-01 1.0000e-02 2.1466e-01 2.1261e-02 1.8155e-01 6.3277e-02 3.0038e-01
0.0000e+00 1.0920e-01 3.7374e-01 1.6817e-01 2.0300e-01 1.7549e-02 2.9914e-01 1.7036e-02 1.6234e-01 4.3002e-02 2.9979e-01
