0.0000e+00 1.5896e-01 2.6127e-01 2.1993e-01 1.7306e-01 1.0000e-02 3.0595e-01 1.5731e-02 1.0410e-01 3.0536e-02 2.8013e-01
0.0000e+00 1.1415e-01 1.6000e-01 6.1481e-02 1.2138e-01 1.0000e-01 5.0000e-02 4.9855e-02 1.8113e-01 3.6546e-02 2.6495e-01
0.0000e+00 7.9392e-02 1.4570e-01 5.2473e-02 1.2031e-01 8.9174e-02 5.0000e-02 5.6891e-02 1.7798e-01 3.8140e-02 2.8696e-01
0.0000e+00 5.0000e-02 2.6917e-01 1.2404e-01 1.4550e-01 4.0042e-02 1.8047e-01 1.8605e-02 1.5942e-01 6.8084e-02 2.8156e-01
0.0000e+00 2.3253e-01 1.8341e-01 1.8816e-01 1.1626e-01 1.1336e-02 1.4430e-01 2.9961e-02 1.1682e-01 2.4657e-02 2.6488e-01
0.0000e+00 2.0242e-01 2.3266e-01 2.1727e-01 1.5486e-01 1.0000e-02 2.3212e-01 2.2561e-02 1.0282e-01 1.8590e-02 2.7513e-01
0.0000e+00 7.1361e-02 1.6888e-01 7.1443e-02 1.2019e-01 1.0000e-01 6.7193e-02 3.8893e-02 1.8242e-01 7.0538e-02 2.8760e-01
0.0000e+00 5.0000e-02 1.9225e-01 5.0000e-02 1.0500e-01 5.2550e-02 5.0000e-02 4.2261e-02 2.2865e-01 1.0000e-01 2.7190e-01
0.0000e+00 2.5081e-01 2.4892e-01 2.9978e-01 1.4629e-01 1.0000e-02 2.4678e-01 2.2670e-02 7.9940e-02 1.0000e-02 2.6795e-01
0.0000e+00 1.7631e-01 2.2346e-01 1.9250e-01 1.6855e-01 1.1744e-02 2.5161e-01 2.6916e-02 1.0564e-01 1.0000e-02 2.8019e-01
0.0000e+00 1.0594e-01 2.0512e-01 1.5705e-01 1.0732e-01 1.0046e-02 1.5038e-01 3.0779e-02 1.2822e-01 4.4707e-02 2.6675e-01
0.0000e+00 5.0000e-02 1.4251e-01 5.0045e-02 9.2660e-02 4.2415e-02 5.0000e-02 5.1725e-02 2.0152e-01 9.3304e-02 2.7715e-01
0.0000e+00 7.7387e-02 1.4255e-01 5.0000e-02 8.4480e-02 1.0000e-02 5.0000e-02 4.3996e-02 2.0572e-01 1.0000e-01 2.8180e-01
0.0000e+00 1.3655e-01 7.5901e-02 5.0000e-02 9.6378e-02 2.3483e-02 5.0000e-02 7.3172e-02 1.4799e-01 1.0000e-02 2.6267e-01
0.0000e+00 1.4707e-01 2.0594e-01 1.7415e-01 1.0776e-01 1.0000e-02 1.4136e-01 3.0300e-02 1.2075e-01 3.9609e-02 2.6778e-01
0.0000e+00 1.0588e-01 2.2021e-01 8.9425e-02 1.4859e-01 1.0000e-01 9.7234e-02 3.4872e-02 1.7440e-01 3.6164e-02 2.7664e-01
0.0000e+00 1.1997e-01 9.6709e-02 5.0000e-02 9.0607e-02 2.4400e-02 5.0000e-02 6.7530e-02 1.6101e-01 1.0000e-02 2.7659e-01
0.0000e+00 1.5074e-01 2.2232e-01 1.1822e-01 1.6094e-01 7.1531e-02 1.2217e-01 3.6416e-02 1.4936e-01 2.2442e-02 2.8010e-01
0.0000e+00 1.5126e-01 1.7058e-01 1.1154e-01 1.4617e-01 2.8503e-02 1.3527e-01 2.9410e-02 1.4178e-01 3.8953e-02 2.7769e-01
0.0000e+00 1.7512e-01 2.3568e-01 2.1821e-01 1.4489e-01 8.3677e-02 1.7715e-01 2.7211e-02 1.0105e-01 1.5113e-02 2.7275e-01
0.0000e+00 1.2865e-01 1.6273e-01 7.3187e-02 1.0118e-01 1.0749e-02 6.7549e-02 3.6538e-02 1.7754e-01 6.8816e-02 2.6015e-01
0.0000e+00 8.6893e-02 2.2111e-01 1.1675e-01 1.3925e-01 5.4002e-02 1.3983e-01 2.4139e-02 1.5063e-01 5.6594e-02 2.8726e-01
0.0000e+00 1.7038e-01 1.9211e-01 1.2066e-01 1.8469e-01 5.9402e-02 1.7985e-01 3.1094e-02 1.4126e-01 1.0000e-02 2.8436e-01
0.0000e+00 1.8423e-01 1.0596e-01 5.0000e-02 1.1071e-01 1.0000e-02 5.0000e-02 4.8456e-02 1.6695e-01 3.2982e-02 2.8802e-01
0.0000e+00 7.6791e-02 1.3886e-01 5.0000e-02 9.8097e-02 5.3584e-02 5.0000e-02 6.2599e-02 1.9344e-01 3.9901e-02 2.7890e-01
0.0000e+00 6.5428e-02 1.5247e-01 6.2261e-02 8.2228e-02 5.0331e-02 5.0000e-02 5.0599e-02 2.0659e-01 8.8468e-02 2.7689e-01
0.0000e+00 5.0000e-02 1.8765e-01 5.0000e-02 1.1529e-01 1.0000e-01 5.0000e-02 5.1913e-02 2.2265e-01 6.0551e-02 2.7518e-01
0.0000e+00 1.0944e-01 1.7598e-01 1.2522e-01 1.0461e-01 6.1946e-02 1.0180e-01 3.9388e-02 1.4248e-01 3.8902e-02 2.7032e-01
0.0000e+00 5.0000e-02 1.9449e-01 5.0000e-02 1.1317e-01 1.0000e-01 5.0000e-02 4.0743e-02 2.3517e-01 8.6868e-02 2.7681e-01
0.0000e+00 8.1552e-02 2.4212e-01 5.6809e-02 1.1952e-01 5.7570e-02 5.0000e-02 3.0091e-02 2.3379e-01 1.0000e-01 2.8019e-01
0.0000e+00 8.5335e-02 1.7840e-01 8.1870e-02 9.4185e-02 1.0000e-01 5.0000e-02 4.7620e-02 1.8499e-01 5.6814e-02 2.6466e-01
0.0000e+00 6.6251e-02 1.6671e-01 5.0000e-02 1.3263e-01 1.0000e-01 5.0000e-02 6.1060e-02 1.9072e-01 3.8121e-02 2.9149e-01
0.0000e+00 1.0466e-01 2.1590e-01 1.0145e-01 1.7710e-01 3.9754e-02 1.7262e-01 2.8029e-02 1.5983e-01 3.7147e-02 2.8156e-01
0.0000e+00 1.1463e-01 1.7009e-01 1.3425e-01 9.8663e-02 6.8613e-02 8.8306e-02 4.4755e-02 1.3745e-01 3.7250e-02 2.7018e-01
0.0000e+00 5.0000e-02 2.0508e-01 5.0000e-02 1.2533e-01 1.0000e-01 5.0000e-02 4.8734e-02 2.2282e-01 6.5435e-02 2.7060e-01
0.0000e+00 1.5152e-01 1.6388e-01 8.0941e-02 1.6330e-01 1.0000e-01 9.7685e-02 3.8540e-02 1.5838e-01 1.4343e-02 2.7343e-01
0.0000e+00 9.1861e-02 1.0452e-01 5.0000e-02 7.9547e-02 1.0000e-02 5.0000e-02 6.2007e-02 1.8508e-01 6.2691e-02 2.7336e-01
0.0000e+00 8.3594e-02 2.4431e-01 1.4564e-01 1.1174e-01 2.6671e-02 1.3694e-01 2.1741e-02 1.5351e-01 7.6750e-02 2.7292e-01
0.0000e+00 8.2417e-02 1.4373e-01 6.8189e-02 8.7824e-02 7.9410e-02 5.0000e-02 6.0680e-02 1.7963e-01 3.0424e-02 2.8202e-01
0.0000e+00 1.4556e-01 1.5027e-01 9.5923e-02 9.6384e-02 9.9205e-02 5.0000e-02 5.5947e-02 1.5679e-01 1.9806e-02 2.5917e-01
0.0000e+00 2.6142e-01 2.4200e-01 3.3337e-01 1.5643e-01 1.0000e-02 2.9104e-01 1.7304e-02 6.9893e-02 1.5084e-02 2.7612e-01
0.0000e+00 1.1452e-01 1.1281e-01 5.0000e-02 1.2131e-01 8.2000e-02 5.7537e-02 5.8556e-02 1.7224e-01 1.0000e-02 2.7571e-01
0.0000e+00 5.0000e-02 1.6081e-01 5.0000e-02 1.0259e-01 6.3871e-02 5.0000e-02 4.7329e-02 2.0601e-01 8.2732e-02 2.8036e-01
0.0000e+00 8.2140e-02 1.5426e-01 5.0000e-02 1.2138e-01 1.0000e-01 5.0000e-02 6.0030e-02 1.9705e-01 2.8347e-02 2.7369e-01
0.0000e+00 1.1791e-01 1.5703e-01 7.8604e-02 9.6837e-02 9.4176e-02 5.0000e-02 5.9799e-02 1.7296e-01 1.6966e-02 2.6874e-01
0.0000e+00 8.8815e-02 1.8611e-01 8.2577e-02 1.0068e-01 6.6263e-02 6.2372e-02 5.2704e-02 1.7727e-01 4.0161e-02 2.7094e-01
0.0000e+00 8.1782e-02 1.4859e-01 5.0000e-02 1.1314e-01 1.0000e-01 5.0000e-02 5.0266e-02 2.0595e-01 5.2681e-02 2.9162e-01
0.0000e+00 1.2525e-01 1.3771e-01 5.9331e-02 1.1952e-01 3.4184e-02 6.4402e-02 4.4987e-02 1.6806e-01 4.1712e-02 2.6928e-01
0.0000e+00 9.7127e-02 1.7905e-01 8.7732e-02 1.3290e-01 4.1034e-02 1.0822e-01 4.0365e-02 1.5808e-01 3.5370e-02 2.7430e-01
0.0000e+00 5.0000e-02 1.4367e-01 5.0000e-02 8.0825e-02 1.0000e-02 5.0000e-02 5.5429e-02 2.0909e-01 1.0000e-01 2.7961e-01
0.0000e+00 1.5415e-01 2.5460e-01 2.1147e-01 1.9148e-01 2.1520e-02 3.1862e-01 1.7841e-02 9.9988e-02 2.3660e-02 2.8730e-01
0.0000e+00 5.9809e-02 1.8140e-01 5.0000e-02 1.2277e-01 1.0000e-01 5.0000e-02 5.2584e-02 2.1141e-01 5.4747e-02 2.6608e-01
0.0000e+00 5.0000e-02 1.7957e-01 5.0000e-02 1.1615e-01 1.0000e-01 5.0000e-02 5.2467e-02 2.1457e-01 5.8830e-02 2.7028e-01
0.0000e+00 1.7381e-01 2.0605e-01 1.8115e-01 1.5937e-01 1.0000e-02 2.2429e-01 2.3099e-02 1.1017e-01 2.6230e-02 2.7851e-01
0.0000e+00 5.0000e-02 1.5127e-01 5.4297e-02 9.0300e-02 5.6922e-02 5.0000e-02 5.3953e-02 2.0321e-01 7.6486e-02 2.7261e-01
0.0000e+00 5.7963e-02 2.6852e-01 1.0829e-01 1.3819e-01 4.8970e-02 1.3725e-01 2.2607e-02 1.7708e-01 6.9431e-02 2.7353e-01
0.0000e+00 7.8976e-02 2.1867e-01 5.0000e-02 1.1283e-01 2.8000e-02 5.0000e-02 3.2120e-02 2.2940e-01 1.0000e-01 2.7445e-01
0.0000e+00 1.0589e-01 1.5668e-01 7.9980e-02 8.4444e-02 7.0750e-02 5.0000e-02 5.6845e-02 1.7618e-01 3.3152e-02 2.6917e-01
0.0000e+00 5.0000e-02 1.8718e-01 5.0000e-02 1.2818e-01 9.6937e-02 5.0000e-02 5.1786e-02 2.0528e-01 6.1687e-02 2.8431e-01
0.0000e+00 1.0840e-01 2.1952e-01 1.1846e-01 1.3721e-01 8.1754e-02 1.1579e-01 2.6782e-02 1.5957e-01 5.7311e-02 2.7642e-01
0.0000e+00 7.1845e-02 1.3752e-01 5.0000e-02 1.1409e-01 1.0000e-01 5.0000e-02 5.5640e-02 1.9641e-01 5.2203e-02 2.8045e-01
0.0000e+00 1.0047e-01 2.3101e-01 1.0154e-01 1.5825e-01 6.2389e-02 1.3198e-01 3.0337e-02 1.6391e-01 4.0639e-02 2.7361e-01
0.0000e+00 1.0164e-01 1.3764e-01 5.0000e-02 1.1802e-01 1.0000e-01 5.0000e-02 5.0493e-02 1.9599e-01 4.1517e-02 2.7822e-01
0.0000e+00 1.0505e-01 1.8948e-01 9.9468e-02 9.4757e-02 1.0000e-02 8.9230e-02 3.7576e-02 1.6775e-01 5.9356e-02 2.6806e-01
0.0000e+00 8.2384e-02 2.2599e-01 1.0841e-01 1.5888e-01 2.8000e-02 1.6885e-01 2.2786e-02 1.5802e-01 5.8096e-02 2.8409e-01
0.0000e+00 5.2133e-02 1.6974e-01 8.0535e-02 7.9881e-02 6.5296e-02 5.0000e-02 6.0532e-02 1.7902e-01 5.4959e-02 2.7649e-01
0.0000e+00 1.5297e-01 2.5586e-01 1.2374e-01 1.5803e-01 1.0000e-02 1.5646e-01 2.6906e-02 1.6147e-01 3.4298e-02 2.7297e-01
0.0000e+00 9.1508e-02 1.5783e-01 5.0000e-02 1.1452e-01 5.8748e-02 5.0000e-02 4.8564e-02 1.9555e-01 5.7751e-02 2.5182e-01
0.0000e+00 6.5613e-02 2.5240e-01 1.0315e-01 1.3079e-01 4.5535e-02 1.2498e-01 3.0332e-02 1.7894e-01 5.8897e-02 2.8768e-01
0.0000e+00 6.9199e-02 2.0449e-01 5.0000e-02 1.2277e-01 1.0000e-01 5.0000e-02 4.9537e-02 2.2582e-01 4.9716e-02 2.7548e-01
0.0000e+00 7.1571e-02 2.4109e-01 1.4512e-01 1.2603e-01 2.8261e-02 1.7247e-01 2.2321e-02 1.3567e-01 5.4553e-02 2.8433e-01
0.0000e+00 5.0000e-02 2.7872e-01 1.3400e-01 1.2269e-01 1.0000e-02 1.6101e-01 1.2985e-02 1.6650e-01 9.4314e-02 2.7241e-01
0.0000e+00 1.4883e-01 1.8418e-01 5.0000e-02 1.4026e-01 5.0314e-02 5.0000e-02 3.3155e-02 2.0825e-01 6.9238e-02 2.8510e-01
0.0000e+00 1.3243e-01 2.1023e-01 9.4322e-02 1.2699e-01 1.0000e-01 6.8731e-02 4.2669e-02 1.7167e-01 3.3200e-02 2.6482e-01
0.0000e+00 9.7261e-02 1.3492e-01 5.0000e-02 1.1709e-01 8.3284e-02 5.0000e-02 6.5608e-02 1.8105e-01 1.1536e-02 2.6817e-01
0.0000e+00 6.4174e-02 2.0662e-01 7.6265e-02 1.1716e-01 2.8944e-02 8.7388e-02 3.0725e-02 1.8800e-01 8.2692e-02 2.6861e-01
0.0000e+00 9.9872e-02 1.8174e-01 9.3750e-02 1.1509e-01 1.0000e-02 1.0878e-01 2.6317e-02 1.6994e-01 7.9457e-02 2.7418e-01
0.0000e+00 2.1700e-01 2.2775e-01 1.9845e-01 1.6922e-01 1.0000e-02 2.3108e-01 2.5030e-02 1.1137e-01 1.2509e-02 2.7473e-01
0.0000e+00 5.0000e-02 1.8810e-01 5.0000e-02 1.1396e-01 5.0660e-02 5.0000e-02 4.4458e-02 2.0907e-01 9.1282e-02 2.8266e-01
0.0000e+00 1.4430e-01 1.6127e-01 9.5733e-02 1.5586e-01 1.0000e-02 1.4797e-01 3.5065e-02 1.4262e-01 1.7280e-02 2.8129e-01
0.0000e+00 1.6520e-01 2.4215e-01 2.0667e-01 1.4010e-01 3.0551e-02 2.0278e-01 2.0235e-02 1.1301e-01 3.6056e-02 2.6280e-01
0.0000e+00 1.2468e-01 2.6411e-01 1.7011e-01 1.6977e-01 1.0000e-01 1.7412e-01 2.1813e-02 1.2706e-01 3.8832e-02 2.8743e-01
0.0000e+00 7.4169e-02 2.0149e-01 8.5971e-02 9.7130e-02 1.0000e-01 5.0000e-02 4.7551e-02 1.7746e-01 5.0218e-02 2.8176e-01
0.0000e+00 1.1859e-01 2.4467e-01 1.4804e-01 1.7407e-01 1.0000e-01 1.8559e-01 2.3029e-02 1.3591e-01 3.4680e-02 2.7640e-01
0.0000e+00 1.5795e-01 1.9732e-01 1.2341e-01 1.5067e-01 7.9382e-02 1.2440e-01 3.2177e-02 1.4343e-01 2.6805e-02 2.6178e-01
0.0000e+00 7.1868e-02 1.5037e-01 6.0590e-02 1.1114e-01 1.0000e-01 5.0000e-02 6.0619e-02 1.8325e-01 4.1587e-02 2.7063e-01
0.0000e+00 5.0000e-02 1.8460e-01 5.0000e-02 1.1013e-01 5.9145e-02 5.0000e-02 4.7604e-02 2.0948e-01 7.7880e-02 2.6962e-01
0.0000e+00 1.5981e-01 2.5503e-01 2.3356e-01 1.7281e-01 1.0000e-02 3.0627e-01 1.6132e-02 9.3842e-02 2.8967e-02 2.8272e-01
0.0000e+00 9.0160e-02 1.5536e-01 8.6839e-02 1.0025e-01 2.7542e-02 8.3472e-02 4.7601e-02 1.6434e-01 5.5775e-02 2.8439e-01
0.0000e+00 1.4916e-01 2.0898e-01 1.5501e-01 1.2885e-01 1.0000e-02 1.5904e-01 2.8831e-02 1.2814e-01 3.4245e-02 2.5648e-01
0.0000e+00 5.0000e-02 1.8815e-01 5.0000e-02 1.2754e-01 1.0000e-01 5.0000e-02 5.4239e-02 2.0376e-01 5.1395e-02 2.9461e-01
0.0000e+00 7.1332e-02 1.5511e-01 7.1972e-02 9.2333e-02 8.2000e-02 5.0000e-02 5.8981e-02 1.7883e-01 4.6630e-02 2.6280e-01
0.0000e+00 9.0916e-02 1.7310e-01 1.0244e-01 1.0801e-01 2.6916e-02 9.0760e-02 3.6985e-02 1.5295e-01 7.2810e-02 2.8056e-01
0.0000e+00 1.2306e-01 2.0279e-01 1.2780e-01 1.3006e-01 4.2508e-02 1.3397e-01 2.9219e-02 1.4427e-01 4.5450e-02 2.8028e-01
0.0000e+00 5.0000e-02 2.0959e-01 5.0000e-02 1.0833e-01 6.7360e-02 5.0000e-02 3.5756e-02 2.3697e-01 1.0000e-01 2.6395e-01
0.0000e+00 1.1751e-01 1.9782e-01 7.5058e-02 1.1556e-01 1.0000e-01 5.0000e-02 5.0426e-02 1.8728e-01 3.8201e-02 2.7735e-01
0.0000e+00 6.3135e-02 1.7329e-01 6.6090e-02 8.7764e-02 4.9924e-02 5.0000e-02 5.4669e-02 1.8717e-01 6.0602e-02 2.8628e-01
0.0000e+00 8.0836e-02 2.4829e-01 1.2976e-01 1.2901e-01 7.5959e-02 1.1745e-01 3.1197e-02 1.5340e-01 5.0861e-02 2.7028e-01
0.0000e+00 9.4081e-02 2.3786e-01 7.8670e-02 1.5749e-01 8.2000e-02 9.7355e-02 2.8462e-02 2.0018e-01 6.2308e-02 2.7376e-01
0.0000e+00 1.9731e-01 1.6926e-01 1.6722e-01 1.6160e-01 1.0000e-02 2.0115e-01 3.1130e-02 1.0408e-01 1.0000e-02 2.8156e-01
