9.8846e-02 0.0000e+00 3.5000e-02 0.0000e+00 3.0417e-01 5.0000e-02 3.1253e-02 0.0000e+00 3.8001e-02 1.0000e-01 2.9379e-01
9.9182e-02 0.0000e+00 4.0000e-02 0.0000e+00 2.9292e-01 5.0000e-02 3.0579e-02 0.0000e+00 4.3229e-02 1.0000e-01 2.8919e-01
9.9561e-02 0.0000e+00 4.5000e-02 0.0000e+00 2.8247e-01 5.0000e-02 3.0035e-02 0.0000e+00 4.8377e-02 1.0000e-01 2.8419e-01
9.9971e-02 0.0000e+00 5.0000e-02 0.0000e+00 2.7263e-01 5.0000e-02 2.9590e-02 0.0000e+00 5.3443e-02 1.0000e-01 2.7881e-01
1.0048e-01 0.0000e+00 5.5000e-02 0.0000e+00 2.6341e-01 5.0000e-02 2.9224e-02 0.0000e+00 5.8380e-02 1.0000e-01 2.7305e-01
1.0481e-01 0.0000e+00 6.0000e-02 0.0000e+00 1.9526e-01 5.0000e-02 3.3206e-02 0.0000e+00 5.5732e-02 9.2447e-02 2.6285e-01
1.0909e-01 0.0000e+00 6.5000e-02 0.0000e+00 1.8414e-01 5.0000e-02 3.3225e-02 0.0000e+00 5.7371e-02 9.1604e-02 2.4120e-01
1.1217e-01 0.0000e+00 7.0000e-02 0.0000e+00 1.6863e-01 5.0024e-02 2.7999e-02 0.0000e+00 6.4294e-02 9.9027e-02 2.2088e-01
1.1573e-01 0.0000e+00 7.5000e-02 0.0000e+00 1.6139e-01 5.0000e-02 2.7471e-02 0.0000e+00 6.7118e-02 1.0000e-01 2.0378e-01
1.1914e-01 0.0000e+00 8.0000e-02 0.0000e+00 1.5600e-01 5.0001e-02 2.7632e-02 0.0000e+00 6.9279e-02 9.9999e-02 1.9004e-01
1.2256e-01 0.0000e+00 8.5000e-02 0.0000e+00 1.5167e-01 5.0000e-02 2.7788e-02 0.0000e+00 7.1307e-02 1.0000e-01 1.8017e-01
1.2439e-01 0.0000e+00 9.0000e-02 0.0000e+00 1.4803e-01 5.0000e-02 2.7744e-02 0.0000e+00 7.4291e-02 1.0000e-01 1.7330e-01
1.2579e-01 0.0000e+00 9.5000e-02 0.0000e+00 1.4455e-01 5.0000e-02 2.7664e-02 0.0000e+00 7.7481e-02 1.0000e-01 1.6654e-01
1.2723e-01 0.0000e+00 1.0000e-01 0.0000e+00 1.4128e-01 5.0000e-02 2.7595e-02 0.0000e+00 8.0571e-02 1.0000e-01 1.5985e-01
1.2868e-01 0.0000e+00 1.0500e-01 0.0000e+00 1.3823e-01 5.0000e-02 2.7541e-02 0.0000e+00 8.3569e-02 1.0000e-01 1.5332e-01
1.3027e-01 0.0000e+00 1.1000e-01 0.0000e+00 1.3532e-01 5.0000e-02 2.7480e-02 0.0000e+00 8.6417e-02 1.0000e-01 1.4707e-01
1.3184e-01 0.0000e+00 1.1500e-01 0.0000e+00 1.3262e-01 5.0000e-02 2.7429e-02 0.0000e+00 8.9191e-02 1.0000e-01 1.4122e-01
1.3349e-01 0.0000e+00 1.2000e-01 0.0000e+00 1.3011e-01 5.0000e-02 2.7369e-02 0.0000e+00 9.1856e-02 1.0000e-01 1.3592e-01
1.3514e-01 0.0000e+00 1.2500e-01 0.0000e+00 1.2782e-01 5.0000e-02 2.7308e-02 0.0000e+00 9.4450e-02 1.0000e-01 1.3134e-01
1.3677e-01 0.0000e+00 1.3000e-01 0.0000e+00 1.2578e-01 5.0000e-02 2.7239e-02 0.0000e+00 9.6993e-02 1.0000e-01 1.2764e-01
1.3837e-01 0.0000e+00 1.3500e-01 0.0000e+00 1.2401e-01 5.0000e-02 2.7157e-02 0.0000e+00 9.9512e-02 1.0000e-01 1.2499e-01
1.3961e-01 0.0000e+00 1.4000e-01 0.0000e+00 1.2423e-01 5.0000e-02 3.1021e-02 0.0000e+00 9.5476e-02 9.3279e-02 1.2351e-01
1.4006e-01 0.0000e+00 1.4500e-01 0.0000e+00 1.2867e-01 5.0000e-02 4.4680e-02 0.0000e+00 7.9352e-02 7.4829e-02 1.2307e-01
1.4025e-01 0.0000e+00 1.5000e-01 0.0000e+00 1.3705e-01 1.0034e-01 2.5631e-02 0.0000e+00 9.6012e-02 8.7302e-02 1.2342e-01
1.3990e-01 0.0000e+00 1.5500e-01 0.0000e+00 1.4672e-01 1.3898e-01 1.8600e-02 0.0000e+00 9.9999e-02 8.6977e-02 1.2411e-01
1.3923e-01 0.0000e+00 1.6000e-01 0.0000e+00 1.5676e-01 1.7558e-01 1.3028e-02 0.0000e+00 1.0000e-01 8.2296e-02 1.2512e-01
1.3832e-01 0.0000e+00 1.6500e-01 0.0000e+00 1.6382e-01 1.9722e-01 1.0000e-02 0.0000e+00 1.0000e-01 7.7487e-02 1.2641e-01
1.3701e-01 0.0000e+00 1.7000e-01 0.0000e+00 1.7212e-01 2.1645e-01 1.0000e-02 0.0000e+00 8.1642e-02 5.7380e-02 1.2813e-01
1.3562e-01 0.0000e+00 1.7500e-01 0.0000e+00 1.7930e-01 2.3049e-01 1.0000e-02 0.0000e+00 6.7959e-02 4.2214e-02 1.3018e-01
1.3396e-01 0.0000e+00 1.8000e-01 0.0000e+00 1.8656e-01 2.4206e-01 1.0000e-02 0.0000e+00 6.1134e-02 3.3370e-02 1.3248e-01
1.3217e-01 0.0000e+00 1.8500e-01 0.0000e+00 1.9431e-01 2.5268e-01 1.0000e-02 0.0000e+00 5.9914e-02 2.9409e-02 1.3500e-01
1.3057e-01 0.0000e+00 1.9000e-01 0.0000e+00 2.0214e-01 2.6366e-01 1.0000e-02 0.0000e+00 5.7222e-02 2.4530e-02 1.3763e-01
1.2920e-01 0.0000e+00 1.9500e-01 0.0000e+00 2.0933e-01 2.7316e-01 1.0000e-02 0.0000e+00 5.7769e-02 2.2497e-02 1.4031e-01
1.2800e-01 0.0000e+00 2.0000e-01 0.0000e+00 2.1612e-01 2.8172e-01 1.0000e-02 0.0000e+00 6.0487e-02 2.2244e-02 1.4300e-01
1.2696e-01 0.0000e+00 2.0500e-01 0.0000e+00 2.2242e-01 2.8915e-01 1.0017e-02 0.0000e+00 6.5782e-02 2.3952e-02 1.4568e-01
1.2609e-01 0.0000e+00 2.1000e-01 0.0000e+00 2.3061e-01 2.9799e-01 1.3454e-02 0.0000e+00 4.4877e-02 1.0006e-02 1.4828e-01
1.2505e-01 0.0000e+00 2.1500e-01 0.0000e+00 2.3790e-01 3.0909e-01 1.2062e-02 0.0000e+00 4.9029e-02 1.0000e-02 1.5085e-01
1.2452e-01 0.0000e+00 2.2000e-01 0.0000e+00 2.4344e-01 3.0906e-01 1.7121e-02 0.0000e+00 4.5718e-02 1.0001e-02 1.5339e-01
1.2392e-01 0.0000e+00 2.2500e-01 0.0000e+00 2.4914e-01 3.0948e-01 2.2267e-02 0.0000e+00 4.3800e-02 1.0000e-02 1.5579e-01
1.2349e-01 0.0000e+00 2.3000e-01 0.0000e+00 2.5433e-01 3.0578e-01 3.0081e-02 0.0000e+00 4.1299e-02 1.0000e-02 1.5811e-01
1.2301e-01 0.0000e+00 2.3500e-01 0.0000e+00 2.5972e-01 3.0280e-01 3.7744e-02 0.0000e+00 3.9906e-02 1.0000e-02 1.6031e-01
1.2268e-01 0.0000e+00 2.4000e-01 0.0000e+00 2.6447e-01 2.9507e-01 4.8570e-02 0.0000e+00 3.8168e-02 1.0000e-02 1.6241e-01
1.2239e-01 0.0000e+00 2.4500e-01 0.0000e+00 2.6907e-01 2.8338e-01 6.2561e-02 0.0000e+00 3.6523e-02 1.0000e-02 1.6444e-01
1.2201e-01 0.0000e+00 2.5000e-01 0.0000e+00 2.7401e-01 2.7686e-01 7.2888e-02 0.0000e+00 3.6103e-02 1.0000e-02 1.6634e-01
1.2178e-01 0.0000e+00 2.5500e-01 0.0000e+00 2.7817e-01 2.6157e-01 8.9587e-02 0.0000e+00 3.5073e-02 1.0000e-02 1.6817e-01
1.2141e-01 0.0000e+00 2.6000e-01 0.0000e+00 2.8343e-01 2.5529e-01 9.9999e-02 0.0000e+00 3.5146e-02 1.0000e-02 1.6996e-01
1.2108e-01 0.0000e+00 2.6500e-01 0.0000e+00 2.8940e-01 2.6223e-01 9.9998e-02 0.0000e+00 3.6339e-02 1.0000e-02 1.7165e-01
1.2076e-01 0.0000e+00 2.7000e-01 0.0000e+00 2.9557e-01 2.6934e-01 1.0000e-01 0.0000e+00 3.7558e-02 1.0000e-02 1.7335e-01
1.2062e-01 0.0000e+00 2.7500e-01 0.0000e+00 2.9658e-01 2.6222e-01 9.9999e-02 0.0000e+00 4.6898e-02 1.3943e-02 1.7504e-01
1.2028e-01 0.0000e+00 2.8000e-01 0.0000e+00 3.0110e-01 2.6489e-01 1.0000e-01 0.0000e+00 5.0926e-02 1.5186e-02 1.7663e-01
1.2027e-01 0.0000e+00 2.8500e-01 0.0000e+00 3.0013e-01 2.5312e-01 9.9999e-02 0.0000e+00 6.1787e-02 1.9620e-02 1.7814e-01
