5.0000e-01 0.0000e+00 5.0000e-02 0.0000e+00 2.5000e-02 5.0078e-02 1.0000e-02 0.0000e+00 1.3210e-02 1.0153e-02 2.5822e+02
5.0000e-01 0.0000e+00 5.0000e-02 0.0000e+00 3.0000e-02 5.0000e-02 1.0000e-02 0.0000e+00 1.2759e-02 1.1031e-02 1.7478e+02
5.0000e-01 0.0000e+00 5.0000e-02 0.0000e+00 3.5000e-02 5.0000e-02 1.0000e-02 0.0000e+00 1.3454e-02 1.8580e-02 1.3344e+02
1.4548e-01 0.0000e+00 5.0000e-02 0.0000e+00 4.0000e-02 5.0000e-02 1.0000e-02 0.0000e+00 4.3250e-02 2.0214e-02 2.8966e+01
1.0636e-01 0.0000e+00 5.0000e-02 0.0000e+00 4.5000e-02 5.0000e-02 1.0000e-02 0.0000e+00 6.8754e-02 7.6550e-02 6.1286e+00
9.7504e-02 0.0000e+00 5.5727e-02 0.0000e+00 5.0000e-02 5.0000e-02 1.4139e-02 0.0000e+00 8.2509e-02 1.0000e-01 3.3680e+00
1.0354e-01 0.0000e+00 6.5816e-02 0.0000e+00 5.5000e-02 5.0000e-02 1.8784e-02 0.0000e+00 8.2126e-02 1.0000e-01 2.2778e+00
1.1763e-01 0.0000e+00 8.0208e-02 0.0000e+00 6.0000e-02 5.0000e-02 2.1252e-02 0.0000e+00 8.1200e-02 1.0000e-01 1.4997e+00
1.3378e-01 0.0000e+00 9.5318e-02 0.0000e+00 6.5000e-02 5.0000e-02 2.2837e-02 0.0000e+00 7.9735e-02 1.0000e-01 9.6588e-01
1.4667e-01 0.0000e+00 1.0759e-01 0.0000e+00 7.0000e-02 5.0000e-02 2.5146e-02 0.0000e+00 7.7800e-02 1.0000e-01 6.3575e-01
1.6762e-01 0.0000e+00 1.2430e-01 0.0000e+00 7.5000e-02 5.0000e-02 2.5604e-02 0.0000e+00 7.7005e-02 1.0000e-01 4.0243e-01
1.8642e-01 0.0000e+00 1.3866e-01 0.0000e+00 8.0000e-02 5.0000e-02 2.5946e-02 0.0000e+00 7.5704e-02 1.0000e-01 2.3945e-01
1.9218e-01 0.0000e+00 1.4790e-01 0.0000e+00 8.5000e-02 5.0000e-02 2.6489e-02 0.0000e+00 7.7379e-02 1.0000e-01 1.8039e-01
1.7932e-01 0.0000e+00 1.5037e-01 0.0000e+00 9.0000e-02 5.0000e-02 2.7024e-02 0.0000e+00 8.4329e-02 1.0000e-01 1.5775e-01
1.6929e-01 0.0000e+00 1.5421e-01 0.0000e+00 9.5000e-02 5.0000e-02 2.7334e-02 0.0000e+00 9.1645e-02 1.0000e-01 1.4437e-01
1.6201e-01 0.0000e+00 1.5161e-01 0.0000e+00 1.0000e-01 5.0000e-02 2.7407e-02 0.0000e+00 9.4366e-02 1.0000e-01 1.3710e-01
1.5586e-01 0.0000e+00 1.4885e-01 0.0000e+00 1.0500e-01 5.0000e-02 2.7384e-02 0.0000e+00 9.6536e-02 1.0000e-01 1.3137e-01
1.5058e-01 0.0000e+00 1.4659e-01 0.0000e+00 1.1000e-01 5.0000e-02 2.7305e-02 0.0000e+00 9.8660e-02 1.0000e-01 1.2719e-01
1.4612e-01 0.0000e+00 1.4427e-01 0.0000e+00 1.1500e-01 5.0000e-02 2.7360e-02 0.0000e+00 1.0000e-01 9.9691e-02 1.2458e-01
1.4243e-01 0.0000e+00 1.4363e-01 0.0000e+00 1.2000e-01 5.0000e-02 2.8538e-02 0.0000e+00 1.0000e-01 9.7352e-02 1.2340e-01
1.4072e-01 0.0000e+00 1.4422e-01 0.0000e+00 1.2500e-01 5.0000e-02 3.6365e-02 0.0000e+00 8.9186e-02 8.5174e-02 1.2311e-01
1.3983e-01 0.0000e+00 1.4521e-01 0.0000e+00 1.3000e-01 5.0001e-02 4.7680e-02 0.0000e+00 7.6198e-02 7.1558e-02 1.2307e-01
1.3909e-01 0.0000e+00 1.4624e-01 0.0000e+00 1.3500e-01 5.0002e-02 5.9944e-02 0.0000e+00 6.4965e-02 6.0010e-02 1.2318e-01
1.3860e-01 0.0000e+00 1.4748e-01 0.0000e+00 1.4000e-01 6.1310e-02 6.2999e-02 0.0000e+00 5.9921e-02 5.4454e-02 1.2338e-01
1.3840e-01 0.0000e+00 1.4936e-01 0.0000e+00 1.4500e-01 1.0259e-01 4.0253e-02 0.0000e+00 7.1800e-02 6.4130e-02 1.2364e-01
1.3788e-01 0.0000e+00 1.5059e-01 0.0000e+00 1.5000e-01 1.1412e-01 4.2731e-02 0.0000e+00 6.4890e-02 5.6867e-02 1.2395e-01
1.3716e-01 0.0000e+00 1.5058e-01 0.0000e+00 1.5500e-01 6.6256e-02 9.9985e-02 0.0000e+00 3.4578e-02 2.9711e-02 1.2431e-01
1.3700e-01 0.0000e+00 1.5311e-01 0.0000e+00 1.6000e-01 1.4061e-01 4.5388e-02 0.0000e+00 5.0809e-02 4.2473e-02 1.2470e-01
1.3647e-01 0.0000e+00 1.5287e-01 0.0000e+00 1.6500e-01 9.7124e-02 9.9999e-02 0.0000e+00 2.4966e-02 2.0236e-02 1.2506e-01
1.3619e-01 0.0000e+00 1.5387e-01 0.0000e+00 1.7000e-01 1.1289e-01 9.9997e-02 0.0000e+00 1.9046e-02 1.4638e-02 1.2546e-01
1.3555e-01 0.0000e+00 1.5476e-01 0.0000e+00 1.7500e-01 1.2766e-01 9.8760e-02 0.0000e+00 1.4197e-02 1.0000e-02 1.2586e-01
1.3470e-01 0.0000e+00 1.5660e-01 0.0000e+00 1.8000e-01 1.9083e-01 4.9218e-02 0.0000e+00 1.6881e-02 1.0000e-02 1.2640e-01
1.3324e-01 0.0000e+00 1.5830e-01 0.0000e+00 1.8500e-01 2.1653e-01 3.2557e-02 0.0000e+00 1.9643e-02 1.0000e-02 1.2716e-01
1.3169e-01 0.0000e+00 1.5992e-01 0.0000e+00 1.9000e-01 2.2916e-01 2.7190e-02 0.0000e+00 2.1642e-02 1.0000e-02 1.2820e-01
1.3021e-01 0.0000e+00 1.6170e-01 0.0000e+00 1.9500e-01 2.3831e-01 2.4798e-02 0.0000e+00 2.3267e-02 1.0000e-02 1.2950e-01
1.2882e-01 0.0000e+00 1.6363e-01 0.0000e+00 2.0000e-01 2.4578e-01 2.3826e-02 0.0000e+00 2.4617e-02 1.0000e-02 1.3104e-01
1.2755e-01 0.0000e+00 1.6578e-01 0.0000e+00 2.0500e-01 2.5259e-01 2.3390e-02 0.0000e+00 2.5865e-02 1.0000e-02 1.3277e-01
1.2637e-01 0.0000e+00 1.6819e-01 0.0000e+00 2.1000e-01 2.5926e-01 2.3086e-02 0.0000e+00 2.7132e-02 1.0000e-02 1.3465e-01
1.2529e-01 0.0000e+00 1.7081e-01 0.0000e+00 2.1500e-01 2.6542e-01 2.3192e-02 0.0000e+00 2.8288e-02 1.0000e-02 1.3667e-01
1.2431e-01 0.0000e+00 1.7367e-01 0.0000e+00 2.2000e-01 2.7142e-01 2.3432e-02 0.0000e+00 2.9434e-02 1.0000e-02 1.3877e-01
1.2341e-01 0.0000e+00 1.7685e-01 0.0000e+00 2.2500e-01 2.7738e-01 2.3711e-02 0.0000e+00 3.0625e-02 1.0000e-02 1.4095e-01
1.2259e-01 0.0000e+00 1.8028e-01 0.0000e+00 2.3000e-01 2.8336e-01 2.3997e-02 0.0000e+00 3.1849e-02 1.0000e-02 1.4317e-01
1.2185e-01 0.0000e+00 1.8392e-01 0.0000e+00 2.3500e-01 2.8903e-01 2.4521e-02 0.0000e+00 3.3011e-02 1.0000e-02 1.4542e-01
1.2118e-01 0.0000e+00 1.8779e-01 0.0000e+00 2.4000e-01 2.9470e-01 2.5050e-02 0.0000e+00 3.4204e-02 1.0000e-02 1.4766e-01
1.2058e-01 0.0000e+00 1.9192e-01 0.0000e+00 2.4500e-01 3.0040e-01 2.5561e-02 0.0000e+00 3.5451e-02 1.0000e-02 1.4990e-01
1.2003e-01 0.0000e+00 1.9623e-01 0.0000e+00 2.5000e-01 3.0587e-01 2.6267e-02 0.0000e+00 3.6639e-02 1.0000e-02 1.5212e-01
1.1955e-01 0.0000e+00 2.0075e-01 0.0000e+00 2.5500e-01 3.1128e-01 2.7016e-02 0.0000e+00 3.7838e-02 1.0000e-02 1.5430e-01
1.1910e-01 0.0000e+00 2.0549e-01 0.0000e+00 2.6000e-01 3.1684e-01 2.7701e-02 0.0000e+00 3.9101e-02 1.0000e-02 1.5644e-01
1.1871e-01 0.0000e+00 2.1033e-01 0.0000e+00 2.6500e-01 3.2195e-01 2.8698e-02 0.0000e+00 4.0230e-02 1.0000e-02 1.5853e-01
1.1836e-01 0.0000e+00 2.1536e-01 0.0000e+00 2.7000e-01 3.2685e-01 2.9862e-02 0.0000e+00 4.1315e-02 1.0000e-02 1.6057e-01
1.1805e-01 0.0000e+00 2.2056e-01 0.0000e+00 2.7500e-01 3.3221e-01 3.0714e-02 0.0000e+00 4.2569e-02 1.0000e-02 1.6256e-01
