1.3919e-01 0.0000e+00 1.4800e-01 0.0000e+00 1.4198e-01 5.0000e-02 8.3013e-02 0.0000e+00 4.7500e-02 4.3024e-02 1.2354e-01
1.3921e-01 0.0000e+00 1.4794e-01 0.0000e+00 1.4171e-01 5.0000e-02 8.2224e-02 0.0000e+00 4.8000e-02 4.3516e-02 1.2353e-01
1.3922e-01 0.0000e+00 1.4791e-01 0.0000e+00 1.4146e-01 5.0000e-02 8.1470e-02 0.0000e+00 4.8500e-02 4.3997e-02 1.2351e-01
1.3924e-01 0.0000e+00 1.4783e-01 0.0000e+00 1.4120e-01 5.0000e-02 8.0687e-02 0.0000e+00 4.9000e-02 4.4496e-02 1.2350e-01
1.3925e-01 0.0000e+00 1.4779e-01 0.0000e+00 1.4096e-01 5.0000e-02 7.9945e-02 0.0000e+00 4.9500e-02 4.4978e-02 1.2348e-01
1.3926e-01 0.0000e+00 1.4774e-01 0.0000e+00 1.4070e-01 5.0000e-02 7.9189e-02 0.0000e+00 5.0000e-02 4.5469e-02 1.2347e-01
1.3929e-01 0.0000e+00 1.4768e-01 0.0000e+00 1.4044e-01 5.0000e-02 7.8428e-02 0.0000e+00 5.0500e-02 4.5965e-02 1.2345e-01
1.3930e-01 0.0000e+00 1.4762e-01 0.0000e+00 1.4020e-01 5.0000e-02 7.7691e-02 0.0000e+00 5.1000e-02 4.6456e-02 1.2344e-01
1.3932e-01 0.0000e+00 1.4757e-01 0.0000e+00 1.3994e-01 5.0000e-02 7.6951e-02 0.0000e+00 5.1500e-02 4.6950e-02 1.2343e-01
1.3934e-01 0.0000e+00 1.4752e-01 0.0000e+00 1.3969e-01 5.0000e-02 7.6221e-02 0.0000e+00 5.2000e-02 4.7442e-02 1.2341e-01
1.3933e-01 0.0000e+00 1.4746e-01 0.0000e+00 1.3947e-01 5.0000e-02 7.5514e-02 0.0000e+00 5.2500e-02 4.7931e-02 1.2340e-01
1.3935e-01 0.0000e+00 1.4740e-01 0.0000e+00 1.3922e-01 5.0000e-02 7.4792e-02 0.0000e+00 5.3000e-02 4.8427e-02 1.2339e-01
1.3936e-01 0.0000e+00 1.4733e-01 0.0000e+00 1.3899e-01 5.0000e-02 7.4081e-02 0.0000e+00 5.3500e-02 4.8924e-02 1.2337e-01
1.3939e-01 0.0000e+00 1.4728e-01 0.0000e+00 1.3873e-01 5.0000e-02 7.3365e-02 0.0000e+00 5.4000e-02 4.9420e-02 1.2336e-01
1.3940e-01 0.0000e+00 1.4724e-01 0.0000e+00 1.3850e-01 5.0000e-02 7.2674e-02 0.0000e+00 5.4500e-02 4.9911e-02 1.2335e-01
1.3941e-01 0.0000e+00 1.4718e-01 0.0000e+00 1.3828e-01 5.0000e-02 7.1985e-02 0.0000e+00 5.5000e-02 5.0405e-02 1.2334e-01
1.3942e-01 0.0000e+00 1.4713e-01 0.0000e+00 1.3804e-01 5.0000e-02 7.1299e-02 0.0000e+00 5.5500e-02 5.0900e-02 1.2333e-01
1.3944e-01 0.0000e+00 1.4709e-01 0.0000e+00 1.3780e-01 5.0000e-02 7.0620e-02 0.0000e+00 5.6000e-02 5.1394e-02 1.2332e-01
1.3946e-01 0.0000e+00 1.4702e-01 0.0000e+00 1.3756e-01 5.0000e-02 6.9932e-02 0.0000e+00 5.6500e-02 5.1896e-02 1.2331e-01
1.3946e-01 0.0000e+00 1.4697e-01 0.0000e+00 1.3734e-01 5.0000e-02 6.9275e-02 0.0000e+00 5.7000e-02 5.2387e-02 1.2330e-01
1.3947e-01 0.0000e+00 1.4694e-01 0.0000e+00 1.3714e-01 5.0000e-02 6.8629e-02 0.0000e+00 5.7500e-02 5.2874e-02 1.2329e-01
1.3951e-01 0.0000e+00 1.4688e-01 0.0000e+00 1.3688e-01 5.0000e-02 6.7945e-02 0.0000e+00 5.8000e-02 5.3384e-02 1.2328e-01
1.3950e-01 0.0000e+00 1.4683e-01 0.0000e+00 1.3667e-01 5.0000e-02 6.7307e-02 0.0000e+00 5.8500e-02 5.3875e-02 1.2327e-01
1.3953e-01 0.0000e+00 1.4678e-01 0.0000e+00 1.3644e-01 5.0000e-02 6.6657e-02 0.0000e+00 5.9000e-02 5.4374e-02 1.2326e-01
1.3954e-01 0.0000e+00 1.4673e-01 0.0000e+00 1.3623e-01 5.0000e-02 6.6020e-02 0.0000e+00 5.9500e-02 5.4868e-02 1.2325e-01
1.3955e-01 0.0000e+00 1.4669e-01 0.0000e+00 1.3603e-01 5.0000e-02 6.5393e-02 0.0000e+00 6.0000e-02 5.5362e-02 1.2324e-01
1.3956e-01 0.0000e+00 1.4662e-01 0.0000e+00 1.3579e-01 5.0000e-02 6.4751e-02 0.0000e+00 6.0500e-02 5.5870e-02 1.2323e-01
1.3958e-01 0.0000e+00 1.4656e-01 0.0000e+00 1.3557e-01 5.0000e-02 6.4117e-02 0.0000e+00 6.1000e-02 5.6373e-02 1.2322e-01
1.3959e-01 0.0000e+00 1.4652e-01 0.0000e+00 1.3536e-01 5.0000e-02 6.3513e-02 0.0000e+00 6.1500e-02 5.6865e-02 1.2321e-01
1.3961e-01 0.0000e+00 1.4648e-01 0.0000e+00 1.3515e-01 5.0000e-02 6.2900e-02 0.0000e+00 6.2000e-02 5.7362e-02 1.2320e-01
1.3962e-01 0.0000e+00 1.4643e-01 0.0000e+00 1.3493e-01 5.0000e-02 6.2286e-02 0.0000e+00 6.2500e-02 5.7864e-02 1.2320e-01
1.3963e-01 0.0000e+00 1.4637e-01 0.0000e+00 1.3473e-01 5.0000e-02 6.1679e-02 0.0000e+00 6.3000e-02 5.8368e-02 1.2319e-01
1.3965e-01 0.0000e+00 1.4633e-01 0.0000e+00 1.3452e-01 5.0000e-02 6.1088e-02 0.0000e+00 6.3500e-02 5.8862e-02 1.2318e-01
1.3966e-01 0.0000e+00 1.4627e-01 0.0000e+00 1.3431e-01 5.0000e-02 6.0489e-02 0.0000e+00 6.4000e-02 5.9369e-02 1.2317e-01
1.3967e-01 0.0000e+00 1.4624e-01 0.0000e+00 1.3411e-01 5.0000e-02 5.9913e-02 0.0000e+00 6.4500e-02 5.9862e-02 1.2317e-01
1.3968e-01 0.0000e+00 1.4619e-01 0.0000e+00 1.3392e-01 5.0000e-02 5.9334e-02 0.0000e+00 6.5000e-02 6.0362e-02 1.2316e-01
1.3970e-01 0.0000e+00 1.4613e-01 0.0000e+00 1.3370e-01 5.0000e-02 5.8749e-02 0.0000e+00 6.5500e-02 6.0870e-02 1.2315e-01
1.3971e-01 0.0000e+00 1.4609e-01 0.0000e+00 1.3351e-01 5.0000e-02 5.8181e-02 0.0000e+00 6.6000e-02 6.1368e-02 1.2315e-01
1.3971e-01 0.0000e+00 1.4605e-01 0.0000e+00 1.3332e-01 5.0000e-02 5.7628e-02 0.0000e+00 6.6500e-02 6.1861e-02 1.2314e-01
1.3974e-01 0.0000e+00 1.4601e-01 0.0000e+00 1.3311e-01 5.0000e-02 5.7051e-02 0.0000e+00 6.7000e-02 6.2371e-02 1.2314e-01
1.3975e-01 0.0000e+00 1.4596e-01 0.0000e+00 1.3292e-01 5.0000e-02 5.6501e-02 0.0000e+00 6.7500e-02 6.2870e-02 1.2313e-01
1.3977e-01 0.0000e+00 1.4592e-01 0.0000e+00 1.3273e-01 5.0000e-02 5.5950e-02 0.0000e+00 6.8000e-02 6.3372e-02 1.2313e-01
1.3977e-01 0.0000e+00 1.4586e-01 0.0000e+00 1.3254e-01 5.0000e-02 5.5402e-02 0.0000e+00 6.8500e-02 6.3879e-02 1.2312e-01
1.3979e-01 0.0000e+00 1.4581e-01 0.0000e+00 1.3234e-01 5.0000e-02 5.4852e-02 0.0000e+00 6.9000e-02 6.4386e-02 1.2312e-01
1.3980e-01 0.0000e+00 1.4578e-01 0.0000e+00 1.3216e-01 5.0000e-02 5.4322e-02 0.0000e+00 6.9500e-02 6.4883e-02 1.2311e-01
1.3982e-01 0.0000e+00 1.4573e-01 0.0000e+00 1.3196e-01 5.0000e-02 5.3785e-02 0.0000e+00 7.0000e-02 6.5389e-02 1.2311e-01
1.3983e-01 0.0000e+00 1.4568e-01 0.0000e+00 1.3177e-01 5.0000e-02 5.3256e-02 0.0000e+00 7.0500e-02 6.5895e-02 1.2310e-01
1.3984e-01 0.0000e+00 1.4565e-01 0.0000e+00 1.3159e-01 5.0000e-02 5.2739e-02 0.0000e+00 7.1000e-02 6.6395e-02 1.2310e-01
1.3986e-01 0.0000e+00 1.4561e-01 0.0000e+00 1.3140e-01 5.0000e-02 5.2213e-02 0.0000e+00 7.1500e-02 6.6901e-02 1.2310e-01
1.3987e-01 0.0000e+00 1.4555e-01 0.0000e+00 1.3122e-01 5.0000e-02 5.1702e-02 0.0000e+00 7.2000e-02 6.7407e-02 1.2309e-01
1.3988e-01 0.0000e+00 1.4551e-01 0.0000e+00 1.3104e-01 5.0000e-02 5.1194e-02 0.0000e+00 7.2500e-02 6.7912e-02 1.2309e-01
