1.3163e-01 0.0000e+00 1.6224e-01 0.0000e+00 1.8480e-01 2.1743e-01 2.1140e-02 0.0000e+00 5.4988e-02 3.7500e-02 1.2852e-01
1.3295e-01 0.0000e+00 1.6094e-01 0.0000e+00 1.8103e-01 2.1595e-01 1.9379e-02 0.0000e+00 5.4688e-02 3.8000e-02 1.2744e-01
1.3431e-01 0.0000e+00 1.5975e-01 0.0000e+00 1.7741e-01 2.1429e-01 1.7789e-02 0.0000e+00 5.4406e-02 3.8500e-02 1.2664e-01
1.3571e-01 0.0000e+00 1.5874e-01 0.0000e+00 1.7398e-01 2.1258e-01 1.6337e-02 0.0000e+00 5.4172e-02 3.9000e-02 1.2608e-01
1.3713e-01 0.0000e+00 1.5796e-01 0.0000e+00 1.7068e-01 2.1081e-01 1.5011e-02 0.0000e+00 5.3998e-02 3.9500e-02 1.2577e-01
1.3814e-01 0.0000e+00 1.5740e-01 0.0000e+00 1.6835e-01 2.0894e-01 1.4383e-02 0.0000e+00 5.3926e-02 4.0000e-02 1.2568e-01
1.3810e-01 0.0000e+00 1.5726e-01 0.0000e+00 1.6807e-01 2.0676e-01 1.5289e-02 0.0000e+00 5.4069e-02 4.0500e-02 1.2563e-01
1.3806e-01 0.0000e+00 1.5709e-01 0.0000e+00 1.6773e-01 2.0433e-01 1.6289e-02 0.0000e+00 5.4204e-02 4.1000e-02 1.2559e-01
1.3802e-01 0.0000e+00 1.5691e-01 0.0000e+00 1.6736e-01 2.0154e-01 1.7438e-02 0.0000e+00 5.4327e-02 4.1500e-02 1.2554e-01
1.3797e-01 0.0000e+00 1.5672e-01 0.0000e+00 1.6695e-01 1.9830e-01 1.8788e-02 0.0000e+00 5.4444e-02 4.2000e-02 1.2548e-01
1.3788e-01 0.0000e+00 1.5648e-01 0.0000e+00 1.6649e-01 1.9450e-01 2.0397e-02 0.0000e+00 5.4542e-02 4.2500e-02 1.2541e-01
1.3779e-01 0.0000e+00 1.5621e-01 0.0000e+00 1.6592e-01 1.8998e-01 2.2287e-02 0.0000e+00 5.4618e-02 4.3000e-02 1.2534e-01
1.3769e-01 0.0000e+00 1.5588e-01 0.0000e+00 1.6523e-01 1.8440e-01 2.4632e-02 0.0000e+00 5.4670e-02 4.3500e-02 1.2525e-01
1.3752e-01 0.0000e+00 1.5549e-01 0.0000e+00 1.6436e-01 1.7705e-01 2.7760e-02 0.0000e+00 5.4684e-02 4.4000e-02 1.2514e-01
1.3727e-01 0.0000e+00 1.5495e-01 0.0000e+00 1.6316e-01 1.6659e-01 3.2255e-02 0.0000e+00 5.4624e-02 4.4500e-02 1.2501e-01
1.3668e-01 0.0000e+00 1.5391e-01 0.0000e+00 1.6103e-01 1.4616e-01 4.1200e-02 0.0000e+00 5.4336e-02 4.5000e-02 1.2483e-01
1.3643e-01 0.0000e+00 1.5220e-01 0.0000e+00 1.5661e-01 1.1570e-01 5.3740e-02 0.0000e+00 5.3701e-02 4.5500e-02 1.2454e-01
1.3741e-01 0.0000e+00 1.5195e-01 0.0000e+00 1.5491e-01 1.1811e-01 5.1350e-02 0.0000e+00 5.3761e-02 4.6000e-02 1.2433e-01
1.3739e-01 0.0000e+00 1.5124e-01 0.0000e+00 1.5286e-01 1.0621e-01 5.5762e-02 0.0000e+00 5.3863e-02 4.6500e-02 1.2418e-01
1.3721e-01 0.0000e+00 1.5019e-01 0.0000e+00 1.4995e-01 8.7123e-02 6.3116e-02 0.0000e+00 5.3854e-02 4.7000e-02 1.2401e-01
1.3690e-01 0.0000e+00 1.4838e-01 0.0000e+00 1.4497e-01 5.4263e-02 7.5858e-02 0.0000e+00 5.3552e-02 4.7500e-02 1.2380e-01
1.3752e-01 0.0000e+00 1.4789e-01 0.0000e+00 1.4279e-01 5.0000e-02 7.6440e-02 0.0000e+00 5.3581e-02 4.8000e-02 1.2359e-01
1.3826e-01 0.0000e+00 1.4770e-01 0.0000e+00 1.4116e-01 5.0000e-02 7.5291e-02 0.0000e+00 5.3697e-02 4.8500e-02 1.2345e-01
1.3901e-01 0.0000e+00 1.4752e-01 0.0000e+00 1.3956e-01 5.0000e-02 7.4161e-02 0.0000e+00 5.3812e-02 4.9000e-02 1.2338e-01
1.3928e-01 0.0000e+00 1.4743e-01 0.0000e+00 1.3886e-01 5.0000e-02 7.3318e-02 0.0000e+00 5.4189e-02 4.9500e-02 1.2336e-01
1.3930e-01 0.0000e+00 1.4738e-01 0.0000e+00 1.3863e-01 5.0000e-02 7.2609e-02 0.0000e+00 5.4693e-02 5.0000e-02 1.2335e-01
1.3931e-01 0.0000e+00 1.4731e-01 0.0000e+00 1.3838e-01 5.0000e-02 7.1909e-02 0.0000e+00 5.5195e-02 5.0500e-02 1.2334e-01
1.3933e-01 0.0000e+00 1.4727e-01 0.0000e+00 1.3814e-01 5.0000e-02 7.1216e-02 0.0000e+00 5.5703e-02 5.1000e-02 1.2332e-01
1.3935e-01 0.0000e+00 1.4721e-01 0.0000e+00 1.3790e-01 5.0000e-02 7.0524e-02 0.0000e+00 5.6204e-02 5.1500e-02 1.2331e-01
1.3937e-01 0.0000e+00 1.4716e-01 0.0000e+00 1.3766e-01 5.0000e-02 6.9839e-02 0.0000e+00 5.6704e-02 5.2000e-02 1.2330e-01
1.3937e-01 0.0000e+00 1.4711e-01 0.0000e+00 1.3744e-01 5.0000e-02 6.9173e-02 0.0000e+00 5.7214e-02 5.2500e-02 1.2329e-01
1.3940e-01 0.0000e+00 1.4706e-01 0.0000e+00 1.3719e-01 5.0000e-02 6.8498e-02 0.0000e+00 5.7715e-02 5.3000e-02 1.2328e-01
1.3941e-01 0.0000e+00 1.4699e-01 0.0000e+00 1.3696e-01 5.0000e-02 6.7839e-02 0.0000e+00 5.8211e-02 5.3500e-02 1.2327e-01
1.3942e-01 0.0000e+00 1.4695e-01 0.0000e+00 1.3675e-01 5.0000e-02 6.7183e-02 0.0000e+00 5.8724e-02 5.4000e-02 1.2326e-01
1.3944e-01 0.0000e+00 1.4689e-01 0.0000e+00 1.3651e-01 5.0000e-02 6.6534e-02 0.0000e+00 5.9218e-02 5.4500e-02 1.2325e-01
1.3946e-01 0.0000e+00 1.4683e-01 0.0000e+00 1.3630e-01 5.0000e-02 6.5891e-02 0.0000e+00 5.9719e-02 5.5000e-02 1.2324e-01
1.3948e-01 0.0000e+00 1.4679e-01 0.0000e+00 1.3608e-01 5.0000e-02 6.5249e-02 0.0000e+00 6.0221e-02 5.5500e-02 1.2323e-01
1.3948e-01 0.0000e+00 1.4673e-01 0.0000e+00 1.3586e-01 5.0000e-02 6.4625e-02 0.0000e+00 6.0724e-02 5.6000e-02 1.2323e-01
1.3986e-01 0.0000e+00 1.4664e-01 0.0000e+00 1.3507e-01 5.0000e-02 6.3860e-02 0.0000e+00 6.1028e-02 5.6500e-02 1.2322e-01
1.4055e-01 0.0000e+00 1.4653e-01 0.0000e+00 1.3380e-01 5.0000e-02 6.2987e-02 0.0000e+00 6.1158e-02 5.7000e-02 1.2326e-01
1.4124e-01 0.0000e+00 1.4643e-01 0.0000e+00 1.3256e-01 5.0000e-02 6.2138e-02 0.0000e+00 6.1297e-02 5.7500e-02 1.2335e-01
1.4195e-01 0.0000e+00 1.4638e-01 0.0000e+00 1.3135e-01 5.0000e-02 6.1307e-02 0.0000e+00 6.1447e-02 5.8000e-02 1.2347e-01
1.4265e-01 0.0000e+00 1.4634e-01 0.0000e+00 1.3016e-01 5.0000e-02 6.0494e-02 0.0000e+00 6.1602e-02 5.8500e-02 1.2363e-01
1.4335e-01 0.0000e+00 1.4631e-01 0.0000e+00 1.2901e-01 5.0000e-02 5.9704e-02 0.0000e+00 6.1762e-02 5.9000e-02 1.2384e-01
1.4406e-01 0.0000e+00 1.4631e-01 0.0000e+00 1.2788e-01 5.0001e-02 5.8926e-02 0.0000e+00 6.1928e-02 5.9500e-02 1.2408e-01
1.4477e-01 0.0000e+00 1.4633e-01 0.0000e+00 1.2678e-01 5.0001e-02 5.8169e-02 0.0000e+00 6.2102e-02 6.0000e-02 1.2435e-01
1.4549e-01 0.0000e+00 1.4638e-01 0.0000e+00 1.2569e-01 5.0000e-02 5.7423e-02 0.0000e+00 6.2283e-02 6.0500e-02 1.2466e-01
1.4620e-01 0.0000e+00 1.4642e-01 0.0000e+00 1.2464e-01 5.0004e-02 5.6699e-02 0.0000e+00 6.2463e-02 6.1000e-02 1.2499e-01
1.4691e-01 0.0000e+00 1.4647e-01 0.0000e+00 1.2361e-01 5.0000e-02 5.5993e-02 0.0000e+00 6.2645e-02 6.1500e-02 1.2536e-01
1.4762e-01 0.0000e+00 1.4655e-01 0.0000e+00 1.2260e-01 5.0007e-02 5.5296e-02 0.0000e+00 6.2836e-02 6.2000e-02 1.2575e-01
1.4835e-01 0.0000e+00 1.4664e-01 0.0000e+00 1.2162e-01 5.0020e-02 5.4606e-02 0.0000e+00 6.3031e-02 6.2500e-02 1.2617e-01
