0.0000e+00 5.0000e-02 5.0000e-02 2.5000e-02 4.9214e-01 1.0000e-01 3.0353e-01 2.4628e-02 1.0766e-01 6.3745e-02 5.0543e-01
0.0000e+00 5.0000e-02 1.2580e-01 3.0000e-02 4.3082e-01 1.0000e-01 2.6443e-01 2.3163e-02 2.1036e-01 6.6041e-02 4.4028e-01
0.0000e+00 5.0000e-02 1.9342e-01 3.5000e-02 3.8398e-01 1.0000e-01 2.3945e-01 2.4275e-02 2.7051e-01 6.3400e-02 3.7932e-01
0.0000e+00 5.0000e-02 2.2463e-01 4.0000e-02 3.3164e-01 1.0000e-01 2.1140e-01 2.4934e-02 2.7859e-01 6.2496e-02 3.2630e-01
0.0000e+00 5.0000e-02 2.3847e-01 4.5000e-02 2.8625e-01 1.0000e-01 1.8597e-01 2.5222e-02 2.7017e-01 6.3060e-02 2.8125e-01
0.0000e+00 5.0000e-02 2.4375e-01 5.0000e-02 2.4924e-01 1.0000e-01 1.6402e-01 2.5476e-02 2.5720e-01 6.4483e-02 2.4338e-01
0.0000e+00 5.0000e-02 2.4414e-01 5.5000e-02 2.1889e-01 1.0000e-01 1.4501e-01 2.5970e-02 2.4366e-01 6.6283e-02 2.1180e-01
0.0000e+00 5.0000e-02 2.4187e-01 6.0000e-02 1.9393e-01 1.0000e-01 1.2852e-01 2.6957e-02 2.3108e-01 6.7900e-02 1.8576e-01
0.0000e+00 5.0000e-02 2.3803e-01 6.5000e-02 1.7286e-01 1.0000e-01 1.1394e-01 2.8484e-02 2.1997e-01 6.9260e-02 1.6471e-01
0.0000e+00 5.0000e-02 2.3676e-01 7.0000e-02 1.5703e-01 1.0000e-01 1.0278e-01 2.9820e-02 2.1146e-01 7.0266e-02 1.4884e-01
0.0000e+00 5.0000e-02 2.3461e-01 7.5000e-02 1.4496e-01 1.0000e-01 9.5004e-02 3.1380e-02 2.0440e-01 7.0761e-02 1.3925e-01
0.0000e+00 5.0000e-02 2.2556e-01 8.0000e-02 1.3109e-01 8.8783e-02 8.9492e-02 3.3312e-02 1.9549e-01 7.2386e-02 1.3237e-01
0.0000e+00 5.0000e-02 2.1713e-01 8.5000e-02 1.1874e-01 7.7301e-02 8.4913e-02 3.5348e-02 1.8813e-01 7.4300e-02 1.2735e-01
0.0000e+00 5.9441e-02 2.0884e-01 9.0000e-02 1.1516e-01 7.3418e-02 8.4635e-02 3.7515e-02 1.7951e-01 6.7443e-02 1.2383e-01
0.0000e+00 7.2937e-02 1.9947e-01 9.5000e-02 1.1418e-01 7.0506e-02 8.6124e-02 3.9639e-02 1.7029e-01 5.7759e-02 1.2128e-01
0.0000e+00 8.8372e-02 1.8973e-01 1.0000e-01 1.1414e-01 6.7185e-02 8.8524e-02 4.1581e-02 1.6127e-01 4.7461e-02 1.1957e-01
0.0000e+00 1.0664e-01 1.7918e-01 1.0500e-01 1.1565e-01 6.3004e-02 9.2546e-02 4.3216e-02 1.5205e-01 3.6323e-02 1.1852e-01
0.0000e+00 1.2734e-01 1.6810e-01 1.1000e-01 1.1878e-01 5.8140e-02 9.8219e-02 4.4514e-02 1.4279e-01 2.4759e-02 1.1796e-01
0.0000e+00 1.4543e-01 1.5976e-01 1.1500e-01 1.2193e-01 5.3034e-02 1.0437e-01 4.5064e-02 1.3528e-01 1.5976e-02 1.1776e-01
0.0000e+00 1.4877e-01 1.6184e-01 1.2000e-01 1.2250e-01 5.1419e-02 1.0852e-01 4.4087e-02 1.3287e-01 1.5571e-02 1.1766e-01
0.0000e+00 1.5195e-01 1.6395e-01 1.2500e-01 1.2293e-01 4.9696e-02 1.1259e-01 4.3139e-02 1.3061e-01 1.5311e-02 1.1758e-01
0.0000e+00 1.5525e-01 1.6590e-01 1.3000e-01 1.2342e-01 4.7992e-02 1.1671e-01 4.2249e-02 1.2836e-01 1.4948e-02 1.1750e-01
0.0000e+00 1.5885e-01 1.6759e-01 1.3500e-01 1.2389e-01 4.6081e-02 1.2081e-01 4.1409e-02 1.2611e-01 1.4536e-02 1.1743e-01
0.0000e+00 1.6232e-01 1.6941e-01 1.4000e-01 1.2441e-01 4.4371e-02 1.2490e-01 4.0595e-02 1.2399e-01 1.4144e-02 1.1737e-01
0.0000e+00 1.6614e-01 1.7088e-01 1.4500e-01 1.2495e-01 4.2386e-02 1.2909e-01 3.9832e-02 1.2182e-01 1.3645e-02 1.1731e-01
0.0000e+00 1.7022e-01 1.7220e-01 1.5000e-01 1.2556e-01 4.0411e-02 1.3329e-01 3.9118e-02 1.1969e-01 1.3057e-02 1.1727e-01
0.0000e+00 1.7536e-01 1.7272e-01 1.5500e-01 1.2627e-01 3.7914e-02 1.3768e-01 3.8516e-02 1.1737e-01 1.2086e-02 1.1723e-01
0.0000e+00 1.9116e-01 1.6369e-01 1.6000e-01 1.2361e-01 2.2203e-02 1.4179e-01 3.8681e-02 1.1317e-01 1.0000e-02 1.1752e-01
0.0000e+00 2.0322e-01 1.5717e-01 1.6500e-01 1.1825e-01 1.0001e-02 1.4113e-01 3.8930e-02 1.1050e-01 1.0000e-02 1.1872e-01
0.0000e+00 2.1184e-01 1.5424e-01 1.7000e-01 1.1153e-01 1.0000e-02 1.3313e-01 3.9883e-02 1.0954e-01 1.0000e-02 1.2126e-01
0.0000e+00 2.2065e-01 1.5123e-01 1.7500e-01 1.0517e-01 1.0000e-02 1.2559e-01 4.0871e-02 1.0872e-01 1.0000e-02 1.2506e-01
0.0000e+00 2.2970e-01 1.4819e-01 1.8000e-01 9.9230e-02 1.0000e-02 1.1854e-01 4.1881e-02 1.0802e-01 1.0000e-02 1.2986e-01
0.0000e+00 2.3897e-01 1.4496e-01 1.8500e-01 9.3528e-02 1.0000e-02 1.1179e-01 4.2952e-02 1.0743e-01 1.0000e-02 1.3542e-01
0.0000e+00 2.4891e-01 1.4214e-01 1.9000e-01 8.8765e-02 1.0000e-02 1.0608e-01 4.3813e-02 1.0691e-01 1.0000e-02 1.4156e-01
0.0000e+00 2.5880e-01 1.3859e-01 1.9500e-01 8.3518e-02 1.0000e-02 9.9921e-02 4.4951e-02 1.0653e-01 1.0000e-02 1.4807e-01
0.0000e+00 2.6924e-01 1.3473e-01 2.0000e-01 7.8537e-02 1.0000e-02 9.4042e-02 4.6127e-02 1.0622e-01 1.0000e-02 1.5484e-01
0.0000e+00 2.8016e-01 1.3060e-01 2.0500e-01 7.3684e-02 1.0000e-02 8.8335e-02 4.7353e-02 1.0603e-01 1.0000e-02 1.6177e-01
0.0000e+00 2.9211e-01 1.2712e-01 2.1000e-01 7.0125e-02 1.0000e-02 8.4012e-02 4.8130e-02 1.0573e-01 1.0000e-02 1.6875e-01
0.0000e+00 3.0440e-01 1.2225e-01 2.1500e-01 6.5557e-02 1.0001e-02 7.8671e-02 4.9401e-02 1.0571e-01 1.0000e-02 1.7575e-01
0.0000e+00 3.1766e-01 1.1833e-01 2.2000e-01 6.2516e-02 1.0000e-02 7.4922e-02 5.0089e-02 1.0542e-01 1.0000e-02 1.8269e-01
0.0000e+00 3.3169e-01 1.1401e-01 2.2500e-01 5.9597e-02 1.0000e-02 7.1335e-02 5.0761e-02 1.0517e-01 1.0000e-02 1.8957e-01
0.0000e+00 3.4666e-01 1.0822e-01 2.3000e-01 5.5887e-02 1.0000e-02 6.6948e-02 5.1845e-02 1.0520e-01 1.0000e-02 1.9635e-01
0.0000e+00 3.6218e-01 1.0332e-01 2.3500e-01 5.3341e-02 1.0000e-02 6.3802e-02 5.2431e-02 1.0497e-01 1.0000e-02 2.0302e-01
0.0000e+00 3.7869e-01 9.8031e-02 2.4000e-01 5.1020e-02 1.0001e-02 6.0912e-02 5.2922e-02 1.0469e-01 1.0000e-02 2.0958e-01
0.0000e+00 3.9489e-01 9.4304e-02 2.4500e-01 5.0003e-02 1.0001e-02 5.9405e-02 5.2804e-02 1.0404e-01 1.0000e-02 2.1610e-01
0.0000e+00 4.1065e-01 9.1904e-02 2.5000e-01 5.0001e-02 1.0001e-02 5.8956e-02 5.2223e-02 1.0308e-01 1.0000e-02 2.2268e-01
0.0000e+00 4.2693e-01 8.9177e-02 2.5500e-01 5.0001e-02 1.0000e-02 5.8515e-02 5.1686e-02 1.0217e-01 1.0000e-02 2.2929e-01
0.0000e+00 4.4337e-01 8.6417e-02 2.6000e-01 5.0001e-02 1.0000e-02 5.8106e-02 5.1132e-02 1.0132e-01 1.0000e-02 2.3589e-01
0.0000e+00 4.6010e-01 8.3457e-02 2.6500e-01 5.0000e-02 1.0000e-02 5.7686e-02 5.0639e-02 1.0051e-01 1.0000e-02 2.4245e-01
0.0000e+00 4.7716e-01 8.0333e-02 2.7000e-01 5.0000e-02 1.0000e-02 5.7294e-02 5.0145e-02 9.9740e-02 1.0000e-02 2.4896e-01
0.0000e+00 4.9451e-01 7.7012e-02 2.7500e-01 5.0000e-02 1.0000e-02 5.6907e-02 4.9695e-02 9.9025e-02 1.0000e-02 2.5538e-01
