1.3784e-01 0.0000e+00 1.5504e-01 0.0000e+00 1.5502e-01 1.6292e-01 4.2152e-02 0.0000e+00 3.5609e-02 2.8663e-02 2.5587e-01
1.3952e-01 0.0000e+00 1.5455e-01 0.0000e+00 1.6027e-01 2.0000e-01 2.4970e-02 0.0000e+00 1.9605e-02 1.2305e-02 2.5672e-01
1.4377e-01 0.0000e+00 1.5159e-01 0.0000e+00 1.4139e-01 1.3063e-01 4.7347e-02 0.0000e+00 4.0627e-02 3.6787e-02 2.5576e-01
1.4534e-01 0.0000e+00 1.5225e-01 0.0000e+00 1.3886e-01 1.4062e-01 3.7072e-02 0.0000e+00 4.5476e-02 4.1176e-02 2.5578e-01
1.4137e-01 0.0000e+00 1.5594e-01 0.0000e+00 1.4446e-01 1.3926e-01 3.9402e-02 0.0000e+00 5.1119e-02 4.3462e-02 2.5539e-01
1.3967e-01 0.0000e+00 1.5442e-01 0.0000e+00 1.5856e-01 1.8462e-01 3.2081e-02 0.0000e+00 2.7426e-02 2.0782e-02 2.5663e-01
1.3699e-01 0.0000e+00 1.5054e-01 0.0000e+00 1.5016e-01 1.1542e-01 6.4400e-02 0.0000e+00 3.9844e-02 3.4030e-02 2.5550e-01
1.4185e-01 0.0000e+00 1.5372e-01 0.0000e+00 1.4255e-01 9.7458e-02 7.9360e-02 0.0000e+00 3.0505e-02 2.6831e-02 2.5537e-01
1.3782e-01 0.0000e+00 1.5333e-01 0.0000e+00 1.5532e-01 1.8548e-01 2.3591e-02 0.0000e+00 4.7718e-02 3.8285e-02 2.5622e-01
1.3721e-01 0.0000e+00 1.5611e-01 0.0000e+00 1.5180e-01 1.3249e-01 6.4610e-02 0.0000e+00 3.1192e-02 2.5363e-02 2.5578e-01
1.4185e-01 0.0000e+00 1.5372e-01 0.0000e+00 1.4255e-01 9.7458e-02 7.9360e-02 0.0000e+00 3.0505e-02 2.6831e-02 2.5537e-01
1.3791e-01 0.0000e+00 1.5824e-01 0.0000e+00 1.5452e-01 1.5478e-01 4.6629e-02 0.0000e+00 3.7113e-02 2.9388e-02 2.5581e-01
1.4221e-01 0.0000e+00 1.5060e-01 0.0000e+00 1.4556e-01 1.6039e-01 2.9004e-02 0.0000e+00 4.8319e-02 4.2064e-02 2.5623e-01
1.4185e-01 0.0000e+00 1.5372e-01 0.0000e+00 1.4255e-01 9.7458e-02 7.9360e-02 0.0000e+00 3.0505e-02 2.6831e-02 2.5537e-01
1.3831e-01 0.0000e+00 1.5764e-01 0.0000e+00 1.5093e-01 8.8382e-02 1.0000e-01 0.0000e+00 2.5620e-02 2.0942e-02 2.5617e-01
1.4032e-01 0.0000e+00 1.5364e-01 0.0000e+00 1.4633e-01 1.7137e-01 1.6970e-02 0.0000e+00 7.7571e-02 6.7674e-02 2.5521e-01
1.3823e-01 0.0000e+00 1.5580e-01 0.0000e+00 1.5111e-01 1.4966e-01 3.6437e-02 0.0000e+00 5.5794e-02 4.6836e-02 2.5561e-01
1.3639e-01 0.0000e+00 1.5581e-01 0.0000e+00 1.5887e-01 1.9437e-01 2.4531e-02 0.0000e+00 3.9499e-02 2.9773e-02 2.5636e-01
1.3954e-01 0.0000e+00 1.5183e-01 0.0000e+00 1.5011e-01 9.3012e-02 9.3953e-02 0.0000e+00 2.4420e-02 2.0719e-02 2.5595e-01
1.3630e-01 0.0000e+00 1.5060e-01 0.0000e+00 1.5392e-01 1.4738e-01 4.5533e-02 0.0000e+00 4.4666e-02 3.8313e-02 2.5664e-01
1.4119e-01 0.0000e+00 1.5052e-01 0.0000e+00 1.4810e-01 1.5948e-01 3.0453e-02 0.0000e+00 5.0455e-02 4.4562e-02 2.5619e-01
1.3755e-01 0.0000e+00 1.5919e-01 0.0000e+00 1.5589e-01 1.8060e-01 2.5983e-02 0.0000e+00 5.1708e-02 4.0580e-02 2.5636e-01
1.3732e-01 0.0000e+00 1.4986e-01 0.0000e+00 1.5442e-01 1.4500e-01 5.4098e-02 0.0000e+00 3.2875e-02 2.7512e-02 2.5606e-01
1.3631e-01 0.0000e+00 1.5442e-01 0.0000e+00 1.5817e-01 1.5739e-01 4.7776e-02 0.0000e+00 3.6286e-02 2.9293e-02 2.5612e-01
1.4369e-01 0.0000e+00 1.5761e-01 0.0000e+00 1.4188e-01 1.3738e-01 3.3429e-02 0.0000e+00 5.9907e-02 5.1639e-02 2.5578e-01
1.4075e-01 0.0000e+00 1.5751e-01 0.0000e+00 1.4226e-01 1.2499e-01 4.4989e-02 0.0000e+00 5.4458e-02 4.6914e-02 2.5537e-01
1.4185e-01 0.0000e+00 1.5372e-01 0.0000e+00 1.4255e-01 9.7458e-02 7.9360e-02 0.0000e+00 3.0505e-02 2.6831e-02 2.5537e-01
1.3884e-01 0.0000e+00 1.6219e-01 0.0000e+00 1.5016e-01 1.7278e-01 1.3848e-02 0.0000e+00 1.0000e-01 8.2070e-02 2.5628e-01
1.4185e-01 0.0000e+00 1.5372e-01 0.0000e+00 1.4255e-01 9.7458e-02 7.9360e-02 0.0000e+00 3.0505e-02 2.6831e-02 2.5537e-01
1.3530e-01 0.0000e+00 1.5150e-01 0.0000e+00 1.6093e-01 1.7015e-01 5.1556e-02 0.0000e+00 2.1038e-02 1.5910e-02 2.5682e-01
1.3773e-01 0.0000e+00 1.5411e-01 0.0000e+00 1.5166e-01 1.8577e-01 1.5517e-02 0.0000e+00 7.2521e-02 5.9918e-02 2.5594e-01
1.3630e-01 0.0000e+00 1.5060e-01 0.0000e+00 1.5392e-01 1.4738e-01 4.5533e-02 0.0000e+00 4.4666e-02 3.8313e-02 2.5664e-01
1.4185e-01 0.0000e+00 1.5372e-01 0.0000e+00 1.4255e-01 9.7458e-02 7.9360e-02 0.0000e+00 3.0505e-02 2.6831e-02 2.5537e-01
1.4060e-01 0.0000e+00 1.5642e-01 0.0000e+00 1.5502e-01 1.8880e-01 2.0580e-02 0.0000e+00 4.5862e-02 3.5845e-02 2.5632e-01
1.3628e-01 0.0000e+00 1.5248e-01 0.0000e+00 1.5825e-01 1.6647e-01 3.8506e-02 0.0000e+00 4.1819e-02 3.4120e-02 2.5619e-01
1.4339e-01 0.0000e+00 1.5118e-01 0.0000e+00 1.4353e-01 1.3215e-01 4.6028e-02 0.0000e+00 4.1689e-02 3.7101e-02 2.5574e-01
1.3884e-01 0.0000e+00 1.6219e-01 0.0000e+00 1.5016e-01 1.7278e-01 1.3848e-02 0.0000e+00 1.0000e-01 8.2070e-02 2.5628e-01
1.3924e-01 0.0000e+00 1.5307e-01 0.0000e+00 1.4861e-01 1.6875e-01 2.6295e-02 0.0000e+00 5.4556e-02 4.6259e-02 2.5565e-01
1.4089e-01 0.0000e+00 1.5301e-01 0.0000e+00 1.5199e-01 1.8789e-01 2.1469e-02 0.0000e+00 3.9936e-02 3.2378e-02 2.5637e-01
1.3845e-01 0.0000e+00 1.5388e-01 0.0000e+00 1.4570e-01 1.4179e-01 3.8378e-02 0.0000e+00 5.5689e-02 4.7933e-02 2.5591e-01
1.3666e-01 0.0000e+00 1.5567e-01 0.0000e+00 1.5747e-01 1.8105e-01 2.7534e-02 0.0000e+00 4.8509e-02 3.8378e-02 2.5604e-01
1.3954e-01 0.0000e+00 1.5183e-01 0.0000e+00 1.5011e-01 9.3012e-02 9.3953e-02 0.0000e+00 2.4420e-02 2.0719e-02 2.5595e-01
1.3746e-01 0.0000e+00 1.5501e-01 0.0000e+00 1.5097e-01 1.2259e-01 6.4350e-02 0.0000e+00 3.6925e-02 3.0360e-02 2.5604e-01
1.4015e-01 0.0000e+00 1.5712e-01 0.0000e+00 1.5769e-01 1.9417e-01 2.0633e-02 0.0000e+00 4.1311e-02 3.1698e-02 2.5653e-01
1.4185e-01 0.0000e+00 1.5372e-01 0.0000e+00 1.4255e-01 9.7458e-02 7.9360e-02 0.0000e+00 3.0505e-02 2.6831e-02 2.5537e-01
1.3824e-01 0.0000e+00 1.5711e-01 0.0000e+00 1.5927e-01 1.8691e-01 2.8506e-02 0.0000e+00 3.7138e-02 2.8297e-02 2.5625e-01
1.4018e-01 0.0000e+00 1.5343e-01 0.0000e+00 1.5019e-01 1.6364e-01 3.9086e-02 0.0000e+00 3.3191e-02 2.7598e-02 2.5614e-01
1.3871e-01 0.0000e+00 1.5713e-01 0.0000e+00 1.4769e-01 1.6586e-01 2.0636e-02 0.0000e+00 7.6221e-02 6.3335e-02 2.5577e-01
1.3986e-01 0.0000e+00 1.5213e-01 0.0000e+00 1.4181e-01 1.4300e-01 3.8224e-02 0.0000e+00 5.0002e-02 4.3578e-02 2.5620e-01
1.4185e-01 0.0000e+00 1.5372e-01 0.0000e+00 1.4255e-01 9.7458e-02 7.9360e-02 0.0000e+00 3.0505e-02 2.6831e-02 2.5537e-01
1.4065e-01 0.0000e+00 1.5106e-01 0.0000e+00 1.4884e-01 1.1790e-01 6.9595e-02 0.0000e+00 2.9527e-02 2.5472e-02 2.5636e-01
1.3761e-01 0.0000e+00 1.5511e-01 0.0000e+00 1.5418e-01 1.4620e-01 5.7801e-02 0.0000e+00 2.8650e-02 2.2849e-02 2.5603e-01
1.3860e-01 0.0000e+00 1.5412e-01 0.0000e+00 1.6064e-01 2.1249e-01 1.0000e-02 0.0000e+00 5.4272e-02 4.0257e-02 2.5690e-01
1.4185e-01 0.0000e+00 1.5372e-01 0.0000e+00 1.4255e-01 9.7458e-02 7.9360e-02 0.0000e+00 3.0505e-02 2.6831e-02 2.5537e-01
1.4169e-01 0.0000e+00 1.5705e-01 0.0000e+00 1.4656e-01 1.3633e-01 4.8922e-02 0.0000e+00 4.0016e-02 3.3870e-02 2.5584e-01
1.4065e-01 0.0000e+00 1.5106e-01 0.0000e+00 1.4884e-01 1.1790e-01 6.9595e-02 0.0000e+00 2.9527e-02 2.5472e-02 2.5636e-01
1.3719e-01 0.0000e+00 1.5573e-01 0.0000e+00 1.6557e-01 2.1829e-01 1.6391e-02 0.0000e+00 2.0680e-02 1.0000e-02 2.5702e-01
1.4162e-01 0.0000e+00 1.5004e-01 0.0000e+00 1.4263e-01 1.3830e-01 4.4010e-02 0.0000e+00 4.1932e-02 3.7749e-02 2.5578e-01
1.4130e-01 0.0000e+00 1.5408e-01 0.0000e+00 1.4972e-01 1.3892e-01 5.5236e-02 0.0000e+00 3.0490e-02 2.5424e-02 2.5590e-01
1.3583e-01 0.0000e+00 1.5418e-01 0.0000e+00 1.5305e-01 1.2273e-01 7.3559e-02 0.0000e+00 3.0134e-02 2.4717e-02 2.5588e-01
1.3795e-01 0.0000e+00 1.5838e-01 0.0000e+00 1.5171e-01 1.2577e-01 6.7307e-02 0.0000e+00 3.2899e-02 2.6755e-02 2.5577e-01
1.3721e-01 0.0000e+00 1.5611e-01 0.0000e+00 1.5180e-01 1.3249e-01 6.4610e-02 0.0000e+00 3.1192e-02 2.5363e-02 2.5578e-01
1.3908e-01 0.0000e+00 1.4858e-01 0.0000e+00 1.4699e-01 1.3329e-01 4.9728e-02 0.0000e+00 4.1249e-02 3.6161e-02 2.5573e-01
1.4185e-01 0.0000e+00 1.5372e-01 0.0000e+00 1.4255e-01 9.7458e-02 7.9360e-02 0.0000e+00 3.0505e-02 2.6831e-02 2.5537e-01
1.3914e-01 0.0000e+00 1.5469e-01 0.0000e+00 1.5954e-01 1.8625e-01 3.5247e-02 0.0000e+00 1.9906e-02 1.3684e-02 2.5658e-01
1.3883e-01 0.0000e+00 1.5668e-01 0.0000e+00 1.5094e-01 1.5071e-01 4.0043e-02 0.0000e+00 4.7451e-02 3.9133e-02 2.5539e-01
1.4185e-01 0.0000e+00 1.5372e-01 0.0000e+00 1.4255e-01 9.7458e-02 7.9360e-02 0.0000e+00 3.0505e-02 2.6831e-02 2.5537e-01
1.3719e-01 0.0000e+00 1.5573e-01 0.0000e+00 1.6557e-01 2.1829e-01 1.6391e-02 0.0000e+00 2.0680e-02 1.0000e-02 2.5702e-01
1.4185e-01 0.0000e+00 1.5372e-01 0.0000e+00 1.4255e-01 9.7458e-02 7.9360e-02 0.0000e+00 3.0505e-02 2.6831e-02 2.5537e-01
1.4185e-01 0.0000e+00 1.5372e-01 0.0000e+00 1.4255e-01 9.7458e-02 7.9360e-02 0.0000e+00 3.0505e-02 2.6831e-02 2.5537e-01
1.3820e-01 0.0000e+00 1.5318e-01 0.0000e+00 1.5679e-01 1.8779e-01 2.3352e-02 0.0000e+00 4.5060e-02 3.5842e-02 2.5624e-01
1.3700e-01 0.0000e+00 1.5675e-01 0.0000e+00 1.5643e-01 1.6131e-01 4.0090e-02 0.0000e+00 4.3586e-02 3.4727e-02 2.5616e-01
1.4339e-01 0.0000e+00 1.5118e-01 0.0000e+00 1.4353e-01 1.3215e-01 4.6028e-02 0.0000e+00 4.1689e-02 3.7101e-02 2.5574e-01
1.3734e-01 0.0000e+00 1.5477e-01 0.0000e+00 1.6033e-01 1.8189e-01 3.4764e-02 0.0000e+00 3.2167e-02 2.4646e-02 2.5634e-01
1.4221e-01 0.0000e+00 1.5060e-01 0.0000e+00 1.4556e-01 1.6039e-01 2.9004e-02 0.0000e+00 4.8319e-02 4.2064e-02 2.5623e-01
1.3991e-01 0.0000e+00 1.5093e-01 0.0000e+00 1.4094e-01 7.2251e-02 1.0000e-01 0.0000e+00 2.7862e-02 2.4670e-02 2.5557e-01
1.4034e-01 0.0000e+00 1.5338e-01 0.0000e+00 1.4430e-01 1.4732e-01 3.1122e-02 0.0000e+00 6.0887e-02 5.3374e-02 2.5514e-01
1.4506e-01 0.0000e+00 1.4949e-01 0.0000e+00 1.3539e-01 1.4035e-01 2.7583e-02 0.0000e+00 6.2259e-02 5.8092e-02 2.5531e-01
1.4110e-01 0.0000e+00 1.5793e-01 0.0000e+00 1.5229e-01 1.5989e-01 3.9713e-02 0.0000e+00 3.6970e-02 2.9860e-02 2.5599e-01
1.4034e-01 0.0000e+00 1.5338e-01 0.0000e+00 1.4430e-01 1.4732e-01 3.1122e-02 0.0000e+00 6.0887e-02 5.3374e-02 2.5514e-01
1.4185e-01 0.0000e+00 1.5372e-01 0.0000e+00 1.4255e-01 9.7458e-02 7.9360e-02 0.0000e+00 3.0505e-02 2.6831e-02 2.5537e-01
1.3823e-01 0.0000e+00 1.5580e-01 0.0000e+00 1.5111e-01 1.4966e-01 3.6437e-02 0.0000e+00 5.5794e-02 4.6836e-02 2.5561e-01
1.4185e-01 0.0000e+00 1.5372e-01 0.0000e+00 1.4255e-01 9.7458e-02 7.9360e-02 0.0000e+00 3.0505e-02 2.6831e-02 2.5537e-01
1.4284e-01 0.0000e+00 1.5784e-01 0.0000e+00 1.3865e-01 7.7489e-02 7.8492e-02 0.0000e+00 4.0974e-02 3.5759e-02 2.5590e-01
1.4038e-01 0.0000e+00 1.5657e-01 0.0000e+00 1.5313e-01 1.5307e-01 5.1405e-02 0.0000e+00 2.6484e-02 2.0806e-02 2.5610e-01
1.4185e-01 0.0000e+00 1.5372e-01 0.0000e+00 1.4255e-01 9.7458e-02 7.9360e-02 0.0000e+00 3.0505e-02 2.6831e-02 2.5537e-01
1.4075e-01 0.0000e+00 1.5751e-01 0.0000e+00 1.4226e-01 1.2499e-01 4.4989e-02 0.0000e+00 5.4458e-02 4.6914e-02 2.5537e-01
1.4185e-01 0.0000e+00 1.5372e-01 0.0000e+00 1.4255e-01 9.7458e-02 7.9360e-02 0.0000e+00 3.0505e-02 2.6831e-02 2.5537e-01
1.3825e-01 0.0000e+00 1.5494e-01 0.0000e+00 1.4413e-01 1.0396e-01 7.5599e-02 0.0000e+00 3.4065e-02 2.8781e-02 2.5568e-01
1.4185e-01 0.0000e+00 1.5372e-01 0.0000e+00 1.4255e-01 9.7458e-02 7.9360e-02 0.0000e+00 3.0505e-02 2.6831e-02 2.5537e-01
1.3988e-01 0.0000e+00 1.5064e-01 0.0000e+00 1.4842e-01 1.0609e-01 8.8182e-02 0.0000e+00 2.0616e-02 1.7310e-02 2.5640e-01
1.4105e-01 0.0000e+00 1.4761e-01 0.0000e+00 1.4325e-01 9.9103e-02 8.1342e-02 0.0000e+00 2.6842e-02 2.4196e-02 2.5611e-01
1.3457e-01 0.0000e+00 1.5606e-01 0.0000e+00 1.5603e-01 1.2963e-01 7.0105e-02 0.0000e+00 3.2068e-02 2.5572e-02 2.5610e-01
1.4185e-01 0.0000e+00 1.5372e-01 0.0000e+00 1.4255e-01 9.7458e-02 7.9360e-02 0.0000e+00 3.0505e-02 2.6831e-02 2.5537e-01
1.3883e-01 0.0000e+00 1.5668e-01 0.0000e+00 1.5094e-01 1.5071e-01 4.0043e-02 0.0000e+00 4.7451e-02 3.9133e-02 2.5539e-01
1.4369e-01 0.0000e+00 1.5761e-01 0.0000e+00 1.4188e-01 1.3738e-01 3.3429e-02 0.0000e+00 5.9907e-02 5.1639e-02 2.5578e-01
1.3833e-01 0.0000e+00 1.5426e-01 0.0000e+00 1.5550e-01 1.5963e-01 5.2983e-02 0.0000e+00 2.2348e-02 1.7437e-02 2.5617e-01
1.3945e-01 0.0000e+00 1.5317e-01 0.0000e+00 1.5111e-01 1.3082e-01 7.1015e-02 0.0000e+00 2.2186e-02 1.8429e-02 2.5602e-01
1.4185e-01 0.0000e+00 1.5372e-01 0.0000e+00 1.4255e-01 9.7458e-02 7.9360e-02 0.0000e+00 3.0505e-02 2.6831e-02 2.5537e-01
1.3795e-01 0.0000e+00 1.5838e-01 0.0000e+00 1.5171e-01 1.2577e-01 6.7307e-02 0.0000e+00 3.2899e-02 2.6755e-02 2.5577e-01
