1.2436e-01 0.0000e+00 2.7241e-01 0.0000e+00 3.0856e-01 2.0873e-01 8.8928e-02 0.0000e+00 9.3896e-02 3.6730e-02 4.3317e-01
1.2771e-01 0.0000e+00 2.4915e-01 0.0000e+00 2.6589e-01 2.7303e-01 3.4236e-02 0.0000e+00 9.4373e-02 4.8490e-02 4.4477e-01
1.1894e-01 0.0000e+00 2.4347e-01 0.0000e+00 3.7092e-01 3.7078e-01 4.4395e-02 0.0000e+00 7.6654e-02 3.2782e-02 4.6045e-01
1.0006e-01 0.0000e+00 1.8411e-01 0.0000e+00 2.1658e-01 1.3904e-01 8.9902e-02 0.0000e+00 9.1614e-02 5.0103e-02 3.6147e-01
1.2771e-01 0.0000e+00 2.4915e-01 0.0000e+00 2.6589e-01 2.7303e-01 3.4236e-02 0.0000e+00 9.4373e-02 4.8490e-02 4.4477e-01
1.1163e-01 0.0000e+00 2.5624e-01 0.0000e+00 2.8820e-01 2.2532e-01 9.1698e-02 0.0000e+00 1.0000e-01 4.1110e-02 4.1619e-01
1.2771e-01 0.0000e+00 2.4915e-01 0.0000e+00 2.6589e-01 2.7303e-01 3.4236e-02 0.0000e+00 9.4373e-02 4.8490e-02 4.4477e-01
8.0812e-02 0.0000e+00 1.0142e-01 0.0000e+00 3.5301e-01 3.2597e-01 1.0000e-01 0.0000e+00 5.4450e-02 3.9321e-02 4.5167e-01
1.4000e-01 0.0000e+00 3.1849e-01 0.0000e+00 2.6435e-01 1.1716e-01 1.0000e-01 0.0000e+00 1.0000e-01 3.9613e-02 3.8605e-01
1.2771e-01 0.0000e+00 2.4915e-01 0.0000e+00 2.6589e-01 2.7303e-01 3.4236e-02 0.0000e+00 9.4373e-02 4.8490e-02 4.4477e-01
9.9095e-02 0.0000e+00 1.5545e-01 0.0000e+00 3.2921e-01 4.4229e-01 1.0000e-02 0.0000e+00 7.2537e-02 4.7325e-02 4.2550e-01
9.6177e-02 0.0000e+00 2.0764e-01 0.0000e+00 3.5034e-01 5.0000e-01 1.0000e-02 0.0000e+00 1.0000e-01 4.8454e-02 3.9994e-01
1.2771e-01 0.0000e+00 2.4915e-01 0.0000e+00 2.6589e-01 2.7303e-01 3.4236e-02 0.0000e+00 9.4373e-02 4.8490e-02 4.4477e-01
1.2771e-01 0.0000e+00 2.4915e-01 0.0000e+00 2.6589e-01 2.7303e-01 3.4236e-02 0.0000e+00 9.4373e-02 4.8490e-02 4.4477e-01
8.7449e-02 0.0000e+00 2.1204e-01 0.0000e+00 3.3886e-01 4.4849e-01 5.0936e-02 0.0000e+00 1.0000e-01 4.0954e-02 3.9307e-01
1.1533e-01 0.0000e+00 1.6725e-01 0.0000e+00 2.3790e-01 1.0627e-01 9.8890e-02 0.0000e+00 7.5151e-02 5.4497e-02 4.9589e-01
1.1074e-01 0.0000e+00 2.8961e-01 0.0000e+00 3.8114e-01 4.2359e-01 5.2861e-02 0.0000e+00 9.7264e-02 3.0492e-02 4.3313e-01
1.1894e-01 0.0000e+00 2.4347e-01 0.0000e+00 3.7092e-01 3.7078e-01 4.4395e-02 0.0000e+00 7.6654e-02 3.2782e-02 4.6045e-01
9.9952e-02 0.0000e+00 2.4572e-01 0.0000e+00 3.7815e-01 3.3800e-01 1.0000e-01 0.0000e+00 9.0316e-02 3.2694e-02 3.7141e-01
9.3298e-02 0.0000e+00 2.5651e-01 0.0000e+00 5.0000e-01 5.0000e-01 1.0000e-01 0.0000e+00 1.0000e-01 3.0353e-02 3.8357e-01
1.2831e-01 0.0000e+00 2.8359e-01 0.0000e+00 3.0932e-01 1.5211e-01 1.0000e-01 0.0000e+00 1.0000e-01 4.1961e-02 4.2673e-01
1.2394e-01 0.0000e+00 3.2597e-01 0.0000e+00 4.2789e-01 2.9879e-01 1.0000e-01 0.0000e+00 1.0000e-01 3.2876e-02 4.6937e-01
1.0517e-01 0.0000e+00 1.4000e-01 0.0000e+00 2.9709e-01 2.5192e-01 7.1464e-02 0.0000e+00 5.6225e-02 3.9375e-02 3.6584e-01
8.5572e-02 0.0000e+00 1.3544e-01 0.0000e+00 2.3824e-01 1.9258e-01 1.0000e-01 0.0000e+00 7.4448e-02 4.9663e-02 4.3790e-01
9.2178e-02 0.0000e+00 9.8461e-02 0.0000e+00 3.0092e-01 2.2793e-01 1.0000e-01 0.0000e+00 4.1987e-02 3.3702e-02 3.7954e-01
8.6704e-02 0.0000e+00 5.0000e-02 0.0000e+00 4.2951e-01 5.0000e-01 5.2598e-02 0.0000e+00 2.1843e-02 3.5493e-02 4.7101e-01
1.2771e-01 0.0000e+00 2.4915e-01 0.0000e+00 2.6589e-01 2.7303e-01 3.4236e-02 0.0000e+00 9.4373e-02 4.8490e-02 4.4477e-01
9.9952e-02 0.0000e+00 2.4572e-01 0.0000e+00 3.7815e-01 3.3800e-01 1.0000e-01 0.0000e+00 9.0316e-02 3.2694e-02 3.7141e-01
1.2771e-01 0.0000e+00 2.4915e-01 0.0000e+00 2.6589e-01 2.7303e-01 3.4236e-02 0.0000e+00 9.4373e-02 4.8490e-02 4.4477e-01
1.2771e-01 0.0000e+00 2.4915e-01 0.0000e+00 2.6589e-01 2.7303e-01 3.4236e-02 0.0000e+00 9.4373e-02 4.8490e-02 4.4477e-01
9.9745e-02 0.0000e+00 2.0619e-01 0.0000e+00 3.3590e-01 3.3410e-01 6.3534e-02 0.0000e+00 9.0169e-02 4.0635e-02 4.3722e-01
1.9012e-01 0.0000e+00 1.3150e-01 0.0000e+00 1.0515e-01 5.0000e-02 3.8754e-02 0.0000e+00 4.5598e-02 6.0944e-02 4.0414e-01
1.1074e-01 0.0000e+00 1.9975e-01 0.0000e+00 2.1857e-01 1.0760e-01 1.0000e-01 0.0000e+00 8.5850e-02 5.0905e-02 4.5227e-01
1.1469e-01 0.0000e+00 2.4440e-01 0.0000e+00 3.1072e-01 3.5366e-01 3.5902e-02 0.0000e+00 8.5856e-02 3.4866e-02 3.5362e-01
1.2771e-01 0.0000e+00 2.4915e-01 0.0000e+00 2.6589e-01 2.7303e-01 3.4236e-02 0.0000e+00 9.4373e-02 4.8490e-02 4.4477e-01
1.2771e-01 0.0000e+00 2.4915e-01 0.0000e+00 2.6589e-01 2.7303e-01 3.4236e-02 0.0000e+00 9.4373e-02 4.8490e-02 4.4477e-01
9.9745e-02 0.0000e+00 2.0619e-01 0.0000e+00 3.3590e-01 3.3410e-01 6.3534e-02 0.0000e+00 9.0169e-02 4.0635e-02 4.3722e-01
1.2771e-01 0.0000e+00 2.4915e-01 0.0000e+00 2.6589e-01 2.7303e-01 3.4236e-02 0.0000e+00 9.4373e-02 4.8490e-02 4.4477e-01
1.2771e-01 0.0000e+00 2.4915e-01 0.0000e+00 2.6589e-01 2.7303e-01 3.4236e-02 0.0000e+00 9.4373e-02 4.8490e-02 4.4477e-01
1.2043e-01 0.0000e+00 1.0918e-01 0.0000e+00 2.0304e-01 2.3064e-01 2.8000e-02 0.0000e+00 5.0934e-02 5.5403e-02 4.4642e-01
1.2771e-01 0.0000e+00 2.4915e-01 0.0000e+00 2.6589e-01 2.7303e-01 3.4236e-02 0.0000e+00 9.4373e-02 4.8490e-02 4.4477e-01
1.1406e-01 0.0000e+00 2.3442e-01 0.0000e+00 2.4167e-01 1.6189e-01 1.0000e-01 0.0000e+00 8.1065e-02 3.5606e-02 2.8749e-01
1.5174e-01 0.0000e+00 3.0509e-01 0.0000e+00 2.7267e-01 2.2723e-01 4.6980e-02 0.0000e+00 8.1389e-02 3.3530e-02 4.6167e-01
1.2771e-01 0.0000e+00 2.4915e-01 0.0000e+00 2.6589e-01 2.7303e-01 3.4236e-02 0.0000e+00 9.4373e-02 4.8490e-02 4.4477e-01
1.7949e-01 0.0000e+00 2.1849e-01 0.0000e+00 1.6516e-01 5.0000e-02 6.5189e-02 0.0000e+00 6.1981e-02 4.7512e-02 4.3375e-01
9.9909e-02 0.0000e+00 2.7759e-01 0.0000e+00 4.5600e-01 5.0000e-01 6.7632e-02 0.0000e+00 1.0000e-01 3.1558e-02 4.0675e-01
1.0300e-01 0.0000e+00 2.1377e-01 0.0000e+00 5.0000e-01 5.0000e-01 5.9080e-02 0.0000e+00 8.3740e-02 3.5632e-02 4.9963e-01
1.2771e-01 0.0000e+00 2.4915e-01 0.0000e+00 2.6589e-01 2.7303e-01 3.4236e-02 0.0000e+00 9.4373e-02 4.8490e-02 4.4477e-01
1.7949e-01 0.0000e+00 2.1849e-01 0.0000e+00 1.6516e-01 5.0000e-02 6.5189e-02 0.0000e+00 6.1981e-02 4.7512e-02 4.3375e-01
1.2771e-01 0.0000e+00 2.4915e-01 0.0000e+00 2.6589e-01 2.7303e-01 3.4236e-02 0.0000e+00 9.4373e-02 4.8490e-02 4.4477e-01
8.2931e-02 0.0000e+00 1.4276e-01 0.0000e+00 5.0000e-01 5.0000e-01 1.0000e-01 0.0000e+00 6.7686e-02 3.5256e-02 4.4483e-01
1.0009e-01 0.0000e+00 2.3722e-01 0.0000e+00 3.7063e-01 4.6758e-01 3.6120e-02 0.0000e+00 8.8293e-02 3.1459e-02 3.6326e-01
1.2771e-01 0.0000e+00 2.4915e-01 0.0000e+00 2.6589e-01 2.7303e-01 3.4236e-02 0.0000e+00 9.4373e-02 4.8490e-02 4.4477e-01
1.1648e-01 0.0000e+00 2.5386e-01 0.0000e+00 3.1459e-01 1.9846e-01 9.6515e-02 0.0000e+00 9.7476e-02 4.0828e-02 3.7033e-01
1.0790e-01 0.0000e+00 2.1089e-01 0.0000e+00 3.6379e-01 3.3710e-01 7.0017e-02 0.0000e+00 8.1847e-02 3.7389e-02 4.4378e-01
8.7834e-02 0.0000e+00 1.7778e-01 0.0000e+00 4.2336e-01 4.1000e-01 1.0000e-01 0.0000e+00 7.5325e-02 3.3518e-02 4.2057e-01
1.2771e-01 0.0000e+00 2.4915e-01 0.0000e+00 2.6589e-01 2.7303e-01 3.4236e-02 0.0000e+00 9.4373e-02 4.8490e-02 4.4477e-01
1.2771e-01 0.0000e+00 2.4915e-01 0.0000e+00 2.6589e-01 2.7303e-01 3.4236e-02 0.0000e+00 9.4373e-02 4.8490e-02 4.4477e-01
8.6896e-02 0.0000e+00 1.6718e-01 0.0000e+00 2.3468e-01 2.4768e-01 6.8139e-02 0.0000e+00 1.0000e-01 5.6217e-02 4.3813e-01
1.1562e-01 0.0000e+00 2.5982e-01 0.0000e+00 2.6558e-01 1.6046e-01 1.0000e-01 0.0000e+00 1.0000e-01 4.5842e-02 4.5001e-01
8.0454e-02 0.0000e+00 1.5402e-01 0.0000e+00 3.9703e-01 5.0000e-01 5.3556e-02 0.0000e+00 9.1419e-02 5.2688e-02 4.7474e-01
8.8891e-02 0.0000e+00 8.9283e-02 0.0000e+00 2.7380e-01 2.7137e-01 7.0348e-02 0.0000e+00 4.4839e-02 4.1115e-02 3.8993e-01
9.9066e-02 0.0000e+00 9.4111e-02 0.0000e+00 1.6717e-01 2.3189e-01 2.8000e-02 0.0000e+00 5.0755e-02 5.2167e-02 4.2462e-01
9.9295e-02 0.0000e+00 2.0483e-01 0.0000e+00 3.3624e-01 2.8159e-01 9.4847e-02 0.0000e+00 8.3928e-02 3.8307e-02 3.6817e-01
1.2771e-01 0.0000e+00 2.4915e-01 0.0000e+00 2.6589e-01 2.7303e-01 3.4236e-02 0.0000e+00 9.4373e-02 4.8490e-02 4.4477e-01
8.6894e-02 0.0000e+00 2.1010e-01 0.0000e+00 5.0000e-01 5.0000e-01 1.0000e-01 0.0000e+00 9.9822e-02 3.7134e-02 4.3031e-01
8.3710e-02 0.0000e+00 1.8070e-01 0.0000e+00 5.0000e-01 4.8414e-01 1.0000e-01 0.0000e+00 1.0000e-01 4.4810e-02 4.9668e-01
1.3044e-01 0.0000e+00 1.7477e-01 0.0000e+00 2.0785e-01 2.2690e-01 2.8209e-02 0.0000e+00 6.9775e-02 4.9000e-02 4.1894e-01
9.5034e-02 0.0000e+00 5.0000e-02 0.0000e+00 1.9789e-01 1.4313e-01 8.2000e-02 0.0000e+00 2.3945e-02 4.1410e-02 4.5943e-01
9.0051e-02 0.0000e+00 2.2109e-01 0.0000e+00 5.0000e-01 5.0000e-01 1.0000e-01 0.0000e+00 9.0059e-02 3.1069e-02 4.0102e-01
1.1731e-01 0.0000e+00 2.5760e-01 0.0000e+00 3.2483e-01 4.1000e-01 1.0000e-02 0.0000e+00 1.0000e-01 4.3511e-02 4.5788e-01
1.2771e-01 0.0000e+00 2.4915e-01 0.0000e+00 2.6589e-01 2.7303e-01 3.4236e-02 0.0000e+00 9.4373e-02 4.8490e-02 4.4477e-01
1.2466e-01 0.0000e+00 1.8478e-01 0.0000e+00 2.2312e-01 1.5702e-01 7.4352e-02 0.0000e+00 6.2079e-02 3.6957e-02 3.6683e-01
1.2771e-01 0.0000e+00 2.4915e-01 0.0000e+00 2.6589e-01 2.7303e-01 3.4236e-02 0.0000e+00 9.4373e-02 4.8490e-02 4.4477e-01
1.0415e-01 0.0000e+00 1.8715e-01 0.0000e+00 3.8398e-01 5.0000e-01 1.0000e-02 0.0000e+00 8.8009e-02 4.8451e-02 4.6934e-01
1.5991e-01 0.0000e+00 1.5922e-01 0.0000e+00 1.8010e-01 1.9994e-01 1.0000e-02 0.0000e+00 4.9247e-02 4.4427e-02 3.6790e-01
1.2575e-01 0.0000e+00 3.5162e-01 0.0000e+00 3.7181e-01 2.7621e-01 1.0000e-01 0.0000e+00 1.0000e-01 2.7829e-02 3.4730e-01
1.1894e-01 0.0000e+00 2.4347e-01 0.0000e+00 3.7092e-01 3.7078e-01 4.4395e-02 0.0000e+00 7.6654e-02 3.2782e-02 4.6045e-01
9.2056e-02 0.0000e+00 2.4623e-01 0.0000e+00 5.0000e-01 5.0000e-01 1.0000e-01 0.0000e+00 1.0000e-01 3.1065e-02 3.8473e-01
1.2771e-01 0.0000e+00 2.4915e-01 0.0000e+00 2.6589e-01 2.7303e-01 3.4236e-02 0.0000e+00 9.4373e-02 4.8490e-02 4.4477e-01
1.0935e-01 0.0000e+00 2.3908e-01 0.0000e+00 3.1838e-01 2.1807e-01 9.6420e-02 0.0000e+00 1.0000e-01 4.2400e-02 3.7187e-01
1.0300e-01 0.0000e+00 2.1377e-01 0.0000e+00 5.0000e-01 5.0000e-01 5.9080e-02 0.0000e+00 8.3740e-02 3.5632e-02 4.9963e-01
1.1731e-01 0.0000e+00 2.5760e-01 0.0000e+00 3.2483e-01 4.1000e-01 1.0000e-02 0.0000e+00 1.0000e-01 4.3511e-02 4.5788e-01
9.8736e-02 0.0000e+00 1.6094e-01 0.0000e+00 3.6845e-01 5.0000e-01 1.0000e-02 0.0000e+00 6.1640e-02 3.1606e-02 4.2941e-01
1.2771e-01 0.0000e+00 2.4915e-01 0.0000e+00 2.6589e-01 2.7303e-01 3.4236e-02 0.0000e+00 9.4373e-02 4.8490e-02 4.4477e-01
1.2648e-01 0.0000e+00 2.2115e-01 0.0000e+00 2.5847e-01 1.0204e-01 1.0000e-01 0.0000e+00 8.9973e-02 5.2828e-02 5.0636e-01
1.3044e-01 0.0000e+00 1.7477e-01 0.0000e+00 2.0785e-01 2.2690e-01 2.8209e-02 0.0000e+00 6.9775e-02 4.9000e-02 4.1894e-01
1.2771e-01 0.0000e+00 2.4915e-01 0.0000e+00 2.6589e-01 2.7303e-01 3.4236e-02 0.0000e+00 9.4373e-02 4.8490e-02 4.4477e-01
8.2931e-02 0.0000e+00 1.4276e-01 0.0000e+00 5.0000e-01 5.0000e-01 1.0000e-01 0.0000e+00 6.7686e-02 3.5256e-02 4.4483e-01
1.1079e-01 0.0000e+00 2.7240e-01 0.0000e+00 3.4132e-01 3.2520e-01 7.2664e-02 0.0000e+00 9.0790e-02 3.4411e-02 4.3522e-01
7.7230e-02 0.0000e+00 1.7392e-01 0.0000e+00 4.2653e-01 4.6287e-01 1.0000e-01 0.0000e+00 9.6202e-02 4.4517e-02 4.7184e-01
1.2466e-01 0.0000e+00 1.8478e-01 0.0000e+00 2.2312e-01 1.5702e-01 7.4352e-02 0.0000e+00 6.2079e-02 3.6957e-02 3.6683e-01
8.8976e-02 0.0000e+00 1.6924e-01 0.0000e+00 5.0000e-01 5.0000e-01 1.0000e-01 0.0000e+00 6.6056e-02 2.9833e-02 4.5249e-01
1.0512e-01 0.0000e+00 1.9896e-01 0.0000e+00 3.4112e-01 2.4601e-01 1.0000e-01 0.0000e+00 7.7503e-02 3.7257e-02 3.6754e-01
8.9676e-02 0.0000e+00 1.7982e-01 0.0000e+00 2.6365e-01 2.1030e-01 1.0000e-01 0.0000e+00 1.0000e-01 5.4549e-02 4.8103e-01
9.4086e-02 0.0000e+00 1.7740e-01 0.0000e+00 3.7387e-01 3.4900e-01 8.0926e-02 0.0000e+00 8.0353e-02 4.3958e-02 4.7184e-01
9.8736e-02 0.0000e+00 1.6094e-01 0.0000e+00 3.6845e-01 5.0000e-01 1.0000e-02 0.0000e+00 6.1640e-02 3.1606e-02 4.2941e-01
1.3348e-01 0.0000e+00 1.4000e-01 0.0000e+00 2.2829e-01 2.3234e-01 2.9548e-02 0.0000e+00 4.7440e-02 4.2671e-02 4.1145e-01
1.0521e-01 0.0000e+00 2.3508e-01 0.0000e+00 3.1633e-01 3.6578e-01 4.5606e-02 0.0000e+00 1.0000e-01 4.1915e-02 3.8491e-01
1.2771e-01 0.0000e+00 2.4915e-01 0.0000e+00 2.6589e-01 2.7303e-01 3.4236e-02 0.0000e+00 9.4373e-02 4.8490e-02 4.4477e-01
