0.0000e+00 5.5000e-02 2.1657e-01 1.1408e-01 9.7630e-02 6.0625e-02 8.5177e-02 3.6595e-02 1.6622e-01 7.4022e-02 1.2138e-01
0.0000e+00 6.0000e-02 2.0396e-01 1.1271e-01 9.6589e-02 4.2838e-02 9.1604e-02 3.6777e-02 1.6257e-01 7.3898e-02 1.2217e-01
0.0000e+00 6.5000e-02 2.0987e-01 1.0506e-01 1.0545e-01 6.1112e-02 8.7122e-02 3.7531e-02 1.6801e-01 6.6699e-02 1.2100e-01
0.0000e+00 7.0000e-02 2.2081e-01 1.2908e-01 1.0133e-01 6.1381e-02 9.5082e-02 3.5430e-02 1.5409e-01 6.2499e-02 1.2001e-01
0.0000e+00 7.5000e-02 2.2126e-01 1.2828e-01 1.0841e-01 6.5354e-02 1.0194e-01 3.4659e-02 1.5250e-01 5.7312e-02 1.1991e-01
0.0000e+00 8.0000e-02 2.2467e-01 1.3814e-01 1.0592e-01 5.9989e-02 1.0570e-01 3.2937e-02 1.4786e-01 5.8213e-02 1.1934e-01
0.0000e+00 8.5000e-02 2.0905e-01 1.2613e-01 1.0588e-01 6.1202e-02 9.7543e-02 3.7024e-02 1.5052e-01 5.3128e-02 1.1927e-01
0.0000e+00 9.0000e-02 2.1510e-01 1.3491e-01 1.0778e-01 5.8189e-02 1.0622e-01 3.4830e-02 1.4637e-01 5.1670e-02 1.1896e-01
0.0000e+00 9.5000e-02 2.1149e-01 1.3643e-01 1.1061e-01 5.7148e-02 1.1026e-01 3.4974e-02 1.4271e-01 4.7929e-02 1.1868e-01
0.0000e+00 1.0000e-01 2.1072e-01 1.4319e-01 1.0872e-01 5.8849e-02 1.0996e-01 3.5427e-02 1.3897e-01 4.5368e-02 1.1840e-01
0.0000e+00 1.0500e-01 2.1474e-01 1.4715e-01 1.1340e-01 5.5647e-02 1.1930e-01 3.3750e-02 1.3645e-01 4.3354e-02 1.1828e-01
0.0000e+00 1.1000e-01 2.1486e-01 1.5332e-01 1.1242e-01 5.9150e-02 1.1915e-01 3.3753e-02 1.3329e-01 4.0948e-02 1.1805e-01
0.0000e+00 1.1500e-01 2.2015e-01 1.6208e-01 1.1391e-01 5.6832e-02 1.2614e-01 3.2091e-02 1.2976e-01 4.0368e-02 1.1794e-01
0.0000e+00 1.2000e-01 2.1490e-01 1.6364e-01 1.1310e-01 4.9814e-02 1.2887e-01 3.2300e-02 1.2749e-01 3.9143e-02 1.1783e-01
0.0000e+00 1.2500e-01 2.1226e-01 1.6212e-01 1.1552e-01 4.7900e-02 1.3130e-01 3.2625e-02 1.2698e-01 3.6677e-02 1.1771e-01
0.0000e+00 1.3000e-01 2.0198e-01 1.5308e-01 1.1601e-01 5.0872e-02 1.2427e-01 3.5330e-02 1.2880e-01 3.2235e-02 1.1761e-01
0.0000e+00 1.3500e-01 1.9904e-01 1.5610e-01 1.1587e-01 4.7222e-02 1.2695e-01 3.5500e-02 1.2631e-01 3.0389e-02 1.1755e-01
0.0000e+00 1.4000e-01 2.0281e-01 1.6275e-01 1.1792e-01 4.9711e-02 1.3153e-01 3.4410e-02 1.2384e-01 2.9042e-02 1.1749e-01
0.0000e+00 1.4500e-01 1.9674e-01 1.5763e-01 1.2105e-01 4.8323e-02 1.3260e-01 3.5357e-02 1.2397e-01 2.5722e-02 1.1741e-01
0.0000e+00 1.5000e-01 1.9639e-01 1.6366e-01 1.2058e-01 4.2993e-02 1.3781e-01 3.4876e-02 1.2087e-01 2.4520e-02 1.1738e-01
0.0000e+00 1.5500e-01 1.9561e-01 1.6681e-01 1.2087e-01 4.1730e-02 1.3923e-01 3.4625e-02 1.1918e-01 2.3736e-02 1.1735e-01
0.0000e+00 1.6000e-01 1.8891e-01 1.6422e-01 1.2177e-01 4.0553e-02 1.3919e-01 3.5877e-02 1.1830e-01 2.0180e-02 1.1729e-01
0.0000e+00 1.6500e-01 1.8171e-01 1.5952e-01 1.2319e-01 3.8554e-02 1.3831e-01 3.6971e-02 1.1830e-01 1.7522e-02 1.1725e-01
0.0000e+00 1.7000e-01 1.8710e-01 1.6923e-01 1.2507e-01 3.7919e-02 1.4623e-01 3.5355e-02 1.1511e-01 1.7194e-02 1.1722e-01
0.0000e+00 1.7500e-01 1.8312e-01 1.6726e-01 1.2678e-01 3.6143e-02 1.4715e-01 3.5900e-02 1.1464e-01 1.4895e-02 1.1721e-01
0.0000e+00 1.8000e-01 1.7853e-01 1.6838e-01 1.2455e-01 3.5398e-02 1.4443e-01 3.6812e-02 1.1345e-01 1.3093e-02 1.1720e-01
0.0000e+00 1.8500e-01 1.8549e-01 1.8023e-01 1.2640e-01 2.8997e-02 1.5646e-01 3.4522e-02 1.0994e-01 1.4160e-02 1.1716e-01
0.0000e+00 1.9000e-01 1.8266e-01 1.8063e-01 1.2698e-01 2.8644e-02 1.5661e-01 3.4937e-02 1.0904e-01 1.2272e-02 1.1715e-01
0.0000e+00 1.9500e-01 1.7922e-01 1.8195e-01 1.2727e-01 2.6455e-02 1.5805e-01 3.5319e-02 1.0762e-01 1.0526e-02 1.1714e-01
0.0000e+00 2.0000e-01 1.8175e-01 1.8820e-01 1.2922e-01 2.3120e-02 1.6555e-01 3.4219e-02 1.0562e-01 1.0224e-02 1.1714e-01
0.0000e+00 2.0500e-01 1.8427e-01 1.9636e-01 1.2953e-01 2.0594e-02 1.7131e-01 3.3368e-02 1.0317e-01 1.0009e-02 1.1715e-01
0.0000e+00 2.1000e-01 1.8536e-01 2.0233e-01 1.2934e-01 1.7225e-02 1.7550e-01 3.2695e-02 1.0148e-01 1.0000e-02 1.1717e-01
0.0000e+00 2.1500e-01 1.8578e-01 2.0824e-01 1.2933e-01 1.1522e-02 1.8121e-01 3.2046e-02 9.9595e-02 1.0001e-02 1.1720e-01
0.0000e+00 2.2000e-01 1.8910e-01 2.1704e-01 1.2915e-01 1.0146e-02 1.8579e-01 3.1210e-02 9.7476e-02 1.0004e-02 1.1726e-01
0.0000e+00 2.2500e-01 1.9387e-01 2.2750e-01 1.2996e-01 1.0000e-02 1.9213e-01 3.0127e-02 9.5030e-02 1.0000e-02 1.1735e-01
0.0000e+00 2.3000e-01 1.9739e-01 2.3687e-01 1.2981e-01 1.0000e-02 1.9596e-01 2.9342e-02 9.2921e-02 1.0000e-02 1.1749e-01
0.0000e+00 2.3500e-01 2.0074e-01 2.4664e-01 1.2934e-01 1.0000e-02 1.9945e-01 2.8627e-02 9.0800e-02 1.0000e-02 1.1766e-01
0.0000e+00 2.4000e-01 2.0421e-01 2.5593e-01 1.2939e-01 1.0000e-02 2.0324e-01 2.7886e-02 8.8832e-02 1.0000e-02 1.1786e-01
0.0000e+00 2.4500e-01 2.0724e-01 2.6540e-01 1.2893e-01 1.0000e-02 2.0624e-01 2.7232e-02 8.6861e-02 1.0000e-02 1.1810e-01
0.0000e+00 2.5000e-01 2.1036e-01 2.7491e-01 1.2862e-01 1.0000e-02 2.0937e-01 2.6579e-02 8.4946e-02 1.0000e-02 1.1837e-01
0.0000e+00 2.5500e-01 2.1319e-01 2.8408e-01 1.2822e-01 1.0000e-02 2.1200e-01 2.5989e-02 8.3155e-02 1.0000e-02 1.1866e-01
0.0000e+00 2.6000e-01 2.1588e-01 2.9338e-01 1.2766e-01 1.0000e-02 2.1427e-01 2.5440e-02 8.1389e-02 1.0000e-02 1.1897e-01
0.0000e+00 2.6500e-01 2.1850e-01 3.0255e-01 1.2714e-01 1.0000e-02 2.1645e-01 2.4906e-02 7.9698e-02 1.0000e-02 1.1930e-01
0.0000e+00 2.7000e-01 2.2073e-01 3.0769e-01 1.2888e-01 1.0000e-02 2.2029e-01 2.4330e-02 7.8856e-02 1.0000e-02 1.1971e-01
0.0000e+00 2.7500e-01 2.2282e-01 3.1239e-01 1.3071e-01 1.0000e-02 2.2405e-01 2.3790e-02 7.8133e-02 1.0000e-02 1.2027e-01
0.0000e+00 2.8000e-01 2.2583e-01 3.1759e-01 1.3338e-01 1.0000e-02 2.2967e-01 2.3108e-02 7.7323e-02 1.0000e-02 1.2097e-01
0.0000e+00 2.8500e-01 2.2796e-01 3.2245e-01 1.3520e-01 1.0000e-02 2.3351e-01 2.2598e-02 7.6615e-02 1.0000e-02 1.2177e-01
0.0000e+00 2.9000e-01 2.2999e-01 3.2721e-01 1.3695e-01 1.0000e-02 2.3717e-01 2.2120e-02 7.5950e-02 1.0000e-02 1.2270e-01
0.0000e+00 2.9500e-01 2.3186e-01 3.3191e-01 1.3858e-01 1.0000e-02 2.4057e-01 2.1677e-02 7.5313e-02 1.0000e-02 1.2373e-01
0.0000e+00 3.0000e-01 2.3366e-01 3.3656e-01 1.4022e-01 1.0000e-02 2.4397e-01 2.1250e-02 7.4701e-02 1.0000e-02 1.2487e-01
0.0000e+00 3.0500e-01 2.3528e-01 3.4113e-01 1.4166e-01 1.0000e-02 2.4693e-01 2.0869e-02 7.4122e-02 1.0000e-02 1.2610e-01
