0.0000e+00 5.0000e-02 2.2040e-01 5.0000e-02 1.3507e-01 9.1425e-02 5.0000e-02 5.3312e-02 2.2571e-01 6.9117e-02 2.5050e-01
0.0000e+00 5.9000e-02 4.1766e-01 3.9678e-01 8.9327e-02 5.1049e-02 1.4994e-01 1.0000e-02 8.0698e-02 6.4620e-02 2.4077e-01
0.0000e+00 6.8000e-02 1.8139e-01 6.3362e-02 1.0819e-01 6.7497e-02 5.0000e-02 6.1398e-02 1.9252e-01 5.8207e-02 2.4055e-01
0.0000e+00 7.7000e-02 3.7927e-01 3.3942e-01 9.5142e-02 5.7486e-02 1.4315e-01 1.4752e-02 9.2396e-02 6.1327e-02 2.3976e-01
0.0000e+00 8.6000e-02 3.4896e-01 2.8583e-01 1.0374e-01 5.7748e-02 1.4480e-01 1.8810e-02 1.0406e-01 5.8039e-02 2.3914e-01
0.0000e+00 9.5000e-02 1.4699e-01 5.0530e-02 1.2390e-01 6.4652e-02 5.0000e-02 6.6542e-02 1.8269e-01 3.3402e-02 2.4164e-01
0.0000e+00 1.0400e-01 3.7230e-01 3.4568e-01 1.0187e-01 6.3589e-02 1.5043e-01 1.5246e-02 8.8837e-02 5.3852e-02 2.3874e-01
0.0000e+00 1.1300e-01 1.5768e-01 7.2021e-02 1.1134e-01 5.7259e-02 5.7571e-02 6.4062e-02 1.6800e-01 2.7464e-02 2.3913e-01
0.0000e+00 1.2200e-01 1.8986e-01 1.1290e-01 1.1216e-01 7.1519e-02 7.6458e-02 5.4568e-02 1.4968e-01 2.4561e-02 2.3752e-01
0.0000e+00 1.3100e-01 3.7642e-01 3.9144e-01 9.8302e-02 6.1707e-02 1.5037e-01 1.4607e-02 7.9580e-02 4.9056e-02 2.3832e-01
0.0000e+00 1.4000e-01 2.4342e-01 2.4370e-01 8.8989e-02 3.9235e-02 1.1408e-01 3.9266e-02 1.0708e-01 3.1732e-02 2.4097e-01
0.0000e+00 1.4900e-01 3.2776e-01 2.2179e-01 1.6850e-01 7.6154e-02 2.0444e-01 2.1155e-02 1.1881e-01 3.3791e-02 2.4302e-01
0.0000e+00 1.5800e-01 3.2755e-01 3.0255e-01 1.2194e-01 6.4693e-02 1.6847e-01 1.9634e-02 9.4594e-02 3.9252e-02 2.3804e-01
0.0000e+00 1.6700e-01 2.1946e-01 1.6224e-01 1.3755e-01 6.8040e-02 1.2669e-01 4.0083e-02 1.2601e-01 1.5947e-02 2.3779e-01
0.0000e+00 1.7600e-01 2.6736e-01 2.1810e-01 1.3092e-01 1.0000e-01 1.2311e-01 3.3803e-02 1.1439e-01 2.0453e-02 2.3784e-01
0.0000e+00 1.8500e-01 3.9491e-01 4.4875e-01 1.1366e-01 6.6891e-02 1.8704e-01 1.0000e-02 6.6287e-02 4.1367e-02 2.3821e-01
0.0000e+00 1.9400e-01 2.9946e-01 3.1881e-01 1.2087e-01 4.5500e-02 1.8177e-01 2.1979e-02 8.6597e-02 2.9466e-02 2.3797e-01
0.0000e+00 2.0300e-01 2.4328e-01 2.4493e-01 1.1874e-01 6.9670e-02 1.3227e-01 3.5513e-02 1.0143e-01 1.4004e-02 2.3669e-01
0.0000e+00 2.1200e-01 3.0022e-01 3.4622e-01 8.8728e-02 8.0204e-02 9.0459e-02 3.1957e-02 8.8478e-02 2.4817e-02 2.5931e-01
0.0000e+00 2.2100e-01 3.4766e-01 4.2657e-01 1.1100e-01 6.7151e-02 1.7167e-01 1.6360e-02 6.9467e-02 3.0821e-02 2.3810e-01
0.0000e+00 2.3000e-01 3.3296e-01 3.5037e-01 1.5225e-01 7.9997e-02 2.2116e-01 1.7407e-02 7.9713e-02 2.3094e-02 2.3969e-01
0.0000e+00 2.3900e-01 1.9382e-01 1.2239e-01 1.7822e-01 1.4647e-02 1.3444e-01 3.6729e-02 1.3878e-01 1.0319e-02 2.6993e-01
0.0000e+00 2.4800e-01 3.2749e-01 4.2198e-01 1.1250e-01 6.3087e-02 1.7176e-01 1.8942e-02 6.9475e-02 2.4628e-02 2.3795e-01
0.0000e+00 2.5700e-01 2.9184e-01 4.1408e-01 8.8934e-02 6.0999e-02 1.2330e-01 2.7481e-02 7.3163e-02 1.8623e-02 2.3928e-01
0.0000e+00 2.6600e-01 2.7710e-01 3.5708e-01 1.2144e-01 5.6421e-02 1.7502e-01 2.5246e-02 7.7394e-02 1.4172e-02 2.3736e-01
0.0000e+00 2.7500e-01 2.5371e-01 3.2388e-01 1.2886e-01 3.7165e-02 1.8813e-01 2.7688e-02 8.1813e-02 1.0000e-02 2.3724e-01
0.0000e+00 2.8400e-01 1.9884e-01 3.1348e-01 6.8705e-02 1.8012e-02 8.8868e-02 4.9497e-02 9.1500e-02 1.0604e-02 2.7888e-01
0.0000e+00 2.9300e-01 3.7598e-01 5.0000e-01 1.3632e-01 4.6835e-02 2.5212e-01 1.0000e-02 5.6595e-02 2.6546e-02 2.3983e-01
0.0000e+00 3.0200e-01 3.0477e-01 5.0000e-01 6.2357e-02 1.0000e-01 5.0000e-02 3.3445e-02 6.8600e-02 1.0000e-02 2.4419e-01
0.0000e+00 3.1100e-01 3.4074e-01 3.4491e-01 2.0425e-01 7.5541e-02 2.9357e-01 1.8173e-02 8.7971e-02 1.0000e-02 2.4520e-01
0.0000e+00 3.2000e-01 3.2921e-01 4.8156e-01 1.2488e-01 3.5122e-02 2.2471e-01 1.6044e-02 5.9612e-02 1.8469e-02 2.3901e-01
0.0000e+00 3.2900e-01 3.5320e-01 3.9853e-01 1.8894e-01 9.6173e-02 2.6633e-01 1.7069e-02 7.5301e-02 1.0300e-02 2.4312e-01
0.0000e+00 3.3800e-01 2.8611e-01 4.3556e-01 1.2657e-01 3.9745e-02 2.0875e-01 2.1574e-02 6.5038e-02 1.0002e-02 2.3799e-01
0.0000e+00 3.4700e-01 2.7871e-01 4.3582e-01 1.2807e-01 1.0000e-02 2.3285e-01 2.1153e-02 6.4332e-02 1.0000e-02 2.3847e-01
0.0000e+00 3.5600e-01 3.0240e-01 5.0000e-01 1.4971e-01 1.0000e-02 3.0127e-01 1.5414e-02 5.0000e-02 1.0373e-02 2.4536e-01
0.0000e+00 3.6500e-01 3.8029e-01 4.9361e-01 1.7572e-01 5.4835e-02 3.0999e-01 1.0714e-02 6.0961e-02 1.7585e-02 2.4412e-01
0.0000e+00 3.7400e-01 3.7737e-01 5.0000e-01 1.8453e-01 1.0000e-02 3.7004e-01 1.0000e-02 5.8831e-02 1.6859e-02 2.4424e-01
0.0000e+00 3.8300e-01 2.5058e-01 5.0000e-01 5.0000e-02 6.6331e-02 5.0000e-02 3.7314e-02 7.3212e-02 1.0000e-02 2.5719e-01
0.0000e+00 3.9200e-01 2.8537e-01 4.9964e-01 1.1460e-01 1.1189e-02 2.1436e-01 2.0390e-02 5.8867e-02 1.0096e-02 2.4016e-01
0.0000e+00 4.0100e-01 3.5106e-01 4.8742e-01 1.8671e-01 5.4743e-02 3.2071e-01 1.3509e-02 6.1865e-02 1.0422e-02 2.4377e-01
0.0000e+00 4.1000e-01 3.6231e-01 4.9946e-01 1.9922e-01 3.8530e-02 3.5963e-01 1.2540e-02 5.9834e-02 1.0000e-02 2.4450e-01
0.0000e+00 4.1900e-01 3.1083e-01 5.0000e-01 1.5007e-01 1.0000e-02 2.8108e-01 1.6120e-02 5.9945e-02 1.0000e-02 2.4222e-01
0.0000e+00 4.2800e-01 3.1546e-01 4.9998e-01 1.5472e-01 1.0000e-02 2.8689e-01 1.5787e-02 6.1237e-02 1.0000e-02 2.4414e-01
0.0000e+00 4.3700e-01 3.3137e-01 5.0000e-01 1.7734e-01 1.0108e-02 3.3154e-01 1.3806e-02 6.2221e-02 1.0000e-02 2.4746e-01
0.0000e+00 4.4600e-01 3.2002e-01 5.0000e-01 1.6079e-01 1.0000e-02 2.9214e-01 1.5405e-02 6.3685e-02 1.0000e-02 2.4927e-01
0.0000e+00 4.5500e-01 3.2001e-01 5.0000e-01 1.6156e-01 1.0000e-02 2.9008e-01 1.5425e-02 6.4866e-02 1.0000e-02 2.5245e-01
0.0000e+00 4.6400e-01 3.1800e-01 5.0000e-01 1.6050e-01 1.0000e-02 2.8465e-01 1.5596e-02 6.5946e-02 1.0000e-02 2.5599e-01
0.0000e+00 4.7300e-01 3.0924e-01 5.0000e-01 1.5486e-01 1.0490e-02 2.6948e-01 1.6260e-02 6.6465e-02 1.0000e-02 2.5992e-01
0.0000e+00 4.8200e-01 3.1464e-01 5.0000e-01 1.5971e-01 1.0000e-02 2.7657e-01 1.5808e-02 6.7964e-02 1.0000e-02 2.6394e-01
0.0000e+00 4.9100e-01 3.2111e-01 4.9987e-01 1.6914e-01 1.0000e-02 2.8940e-01 1.5291e-02 6.9498e-02 1.0000e-02 2.6858e-01
