0.0000e+00 5.0000e-02 2.3174e-01 1.0048e-01 1.0247e-01 5.9018e-02 7.2982e-02 4.5126e-02 1.8016e-01 7.4439e-02 2.4237e-01
0.0000e+00 5.9000e-02 2.4857e-01 9.7587e-02 1.3096e-01 7.6985e-02 8.9103e-02 3.8919e-02 1.8093e-01 6.5269e-02 2.4525e-01
0.0000e+00 6.8000e-02 2.1929e-01 1.1250e-01 9.9360e-02 5.8107e-02 7.3934e-02 4.8043e-02 1.6572e-01 6.2152e-02 2.3952e-01
0.0000e+00 7.7000e-02 5.0000e-02 5.0000e-02 5.0000e-01 1.0000e-02 5.0000e-01 1.0000e-01 5.0000e-02 1.0000e-01 1.0000e+10
0.0000e+00 8.6000e-02 5.0000e-02 5.0000e-02 5.0002e-02 1.0000e-01 5.0000e-01 1.0000e-02 5.0000e-01 1.0000e-02 1.0000e+10
0.0000e+00 9.5000e-02 3.3836e-01 9.9454e-02 2.1644e-01 3.1945e-02 1.6928e-01 3.0813e-02 2.1416e-01 5.4948e-02 3.6921e-01
0.0000e+00 1.0400e-01 5.0000e-01 4.9785e-01 5.0000e-02 1.0000e-02 5.0001e-02 1.0000e-01 5.0000e-01 1.0000e-01 1.0000e+10
0.0000e+00 1.1300e-01 1.8492e-01 1.0708e-01 1.0821e-01 1.0000e-01 6.1428e-02 6.4529e-02 1.5267e-01 1.0000e-02 2.4206e-01
0.0000e+00 1.2200e-01 5.0000e-02 5.0000e-01 5.0000e-02 1.0000e-01 5.0000e-01 1.0000e-01 5.0000e-02 1.0000e-02 1.0000e+10
0.0000e+00 1.3100e-01 5.0000e-01 5.0000e-01 5.0000e-02 1.0000e-02 5.0000e-01 1.0000e-02 5.0000e-01 1.0000e-01 1.0000e+10
0.0000e+00 1.4000e-01 2.3131e-01 1.3150e-01 1.5670e-01 7.7029e-02 1.2291e-01 5.3146e-02 1.4979e-01 1.0000e-02 3.3116e-01
0.0000e+00 1.4900e-01 5.0000e-02 5.0000e-01 5.0000e-01 1.0000e-01 5.0000e-01 9.9999e-02 5.0000e-02 1.0000e-02 1.0000e+10
0.0000e+00 1.5800e-01 2.1318e-01 1.8437e-01 8.0453e-02 2.2940e-02 7.2395e-02 5.4730e-02 1.2415e-01 3.9555e-02 3.2868e-01
0.0000e+00 1.6700e-01 2.0205e-01 1.2648e-01 2.4592e-01 1.9648e-02 2.3044e-01 3.6962e-02 1.3081e-01 1.0000e-02 2.9612e-01
0.0000e+00 1.7600e-01 2.3925e-01 1.5607e-01 1.6229e-01 6.4238e-02 1.4861e-01 3.6566e-02 1.3375e-01 1.5771e-02 2.4250e-01
0.0000e+00 1.8500e-01 1.8684e-01 1.4739e-01 1.3460e-01 1.0000e-02 1.3454e-01 4.1185e-02 1.2360e-01 1.7429e-02 2.4837e-01
0.0000e+00 1.9400e-01 1.7096e-01 1.5400e-01 1.1127e-01 2.4464e-02 9.0732e-02 6.1183e-02 1.1929e-01 1.0000e-02 3.1153e-01
0.0000e+00 2.0300e-01 5.0000e-01 5.0000e-01 5.0000e-02 1.0000e-01 5.0000e-01 1.0000e-02 5.0000e-02 1.0000e-01 1.0000e+10
0.0000e+00 2.1200e-01 2.1695e-01 1.7505e-01 1.2656e-01 9.6661e-02 9.4200e-02 4.2845e-02 1.2507e-01 1.0000e-02 2.4555e-01
0.0000e+00 2.2100e-01 2.0261e-01 1.7712e-01 1.4269e-01 9.0483e-02 8.7690e-02 5.0446e-02 1.1168e-01 1.0465e-02 3.5886e-01
0.0000e+00 2.3000e-01 5.0000e-02 5.0000e-01 5.0000e-02 1.0000e-01 5.0009e-02 1.0000e-01 4.9999e-01 1.0000e-01 1.0000e+10
0.0000e+00 2.3900e-01 5.0000e-01 5.0000e-01 5.0000e-01 1.1058e-02 5.0000e-01 1.0000e-01 5.0000e-02 1.0026e-02 1.0000e+10
0.0000e+00 2.4800e-01 5.0000e-01 5.0000e-01 5.0000e-02 1.0000e-02 4.9957e-01 1.0000e-01 5.0000e-01 1.0000e-01 1.0000e+10
0.0000e+00 2.5700e-01 5.0000e-02 5.0000e-02 5.0000e-01 1.0000e-01 5.0000e-01 1.0000e-02 5.0000e-02 1.0000e-01 1.0000e+10
0.0000e+00 2.6600e-01 5.0000e-02 5.0000e-02 5.0000e-02 1.0000e-01 5.0000e-01 1.0000e-01 5.0000e-02 1.0000e-02 1.0000e+10
0.0000e+00 2.7500e-01 5.0000e-01 5.0000e-02 5.0000e-02 1.0000e-01 5.0000e-01 2.2489e-02 5.0000e-01 1.0000e-01 1.0000e+10
0.0000e+00 2.8400e-01 1.9700e-01 1.9679e-01 1.1093e-01 1.9075e-02 1.0373e-01 4.0784e-02 1.1720e-01 1.9888e-02 3.3622e-01
0.0000e+00 2.9300e-01 5.0000e-02 5.0000e-02 5.0000e-01 1.0000e-02 5.0000e-01 1.0000e-02 5.0000e-01 1.0000e-01 1.0000e+10
0.0000e+00 3.0200e-01 5.0000e-01 5.0000e-02 5.0000e-02 1.0000e-02 5.0000e-01 1.0000e-01 5.0000e-01 1.0000e-01 1.0000e+10
0.0000e+00 3.1100e-01 5.0000e-02 5.0000e-01 5.0000e-01 1.0000e-01 5.0000e-01 1.0000e-01 5.0000e-01 1.0000e-01 1.0000e+10
0.0000e+00 3.2000e-01 2.3894e-01 2.1466e-01 1.5557e-01 2.1745e-02 1.4196e-01 3.5216e-02 1.1571e-01 1.0040e-02 3.0563e-01
0.0000e+00 3.2900e-01 5.0000e-02 5.0000e-02 5.0000e-01 1.0000e-02 5.0000e-02 9.9982e-02 5.0000e-01 1.0000e-01 1.0000e+10
0.0000e+00 3.3800e-01 5.0000e-01 5.0000e-01 5.0000e-01 1.0001e-02 5.0000e-02 1.0000e-01 5.0000e-01 1.0000e-02 1.0000e+10
0.0000e+00 3.4700e-01 5.0000e-02 5.0000e-01 5.0000e-01 1.0000e-02 5.0000e-02 1.0000e-02 5.0000e-01 9.7425e-02 1.0000e+10
0.0000e+00 3.5600e-01 5.0000e-02 5.0000e-01 5.0000e-02 1.0000e-02 5.0000e-02 1.0000e-01 5.0000e-02 1.0000e-02 1.0000e+10
0.0000e+00 3.6500e-01 5.0000e-01 5.0000e-02 5.0000e-01 9.9998e-02 5.0000e-01 1.0001e-02 5.0000e-02 1.0001e-02 1.0000e+10
0.0000e+00 3.7400e-01 5.0000e-02 5.0000e-01 5.0000e-01 1.0000e-01 5.0000e-01 1.0000e-01 5.0000e-02 1.0000e-01 1.0000e+10
0.0000e+00 3.8300e-01 5.0000e-01 5.0000e-01 5.0000e-01 1.0000e-02 5.0000e-01 1.0000e-01 5.0000e-01 1.0000e-02 1.0000e+10
0.0000e+00 3.9200e-01 5.0000e-01 5.0000e-01 5.0000e-01 1.0000e-01 5.0000e-02 1.0000e-02 5.0000e-01 1.0000e-02 1.0000e+10
0.0000e+00 4.0100e-01 5.0000e-01 5.0000e-01 5.0000e-02 1.0000e-02 5.0000e-01 1.0000e-01 5.0000e-01 1.0000e-02 1.0000e+10
0.0000e+00 4.1000e-01 5.0000e-01 5.0000e-01 1.2315e-01 1.0000e-02 5.0000e-01 1.0000e-02 5.0000e-02 1.0000e-02 1.0000e+10
0.0000e+00 4.1900e-01 2.1889e-01 2.7076e-01 1.0181e-01 1.0000e-02 9.5513e-02 4.1237e-02 1.0295e-01 1.0000e-02 3.9227e-01
0.0000e+00 4.2800e-01 5.0000e-02 5.0000e-01 5.0000e-01 1.0000e-02 5.0000e-02 1.0000e-02 5.0000e-02 1.0000e-01 1.0000e+10
0.0000e+00 4.3700e-01 5.0000e-02 5.0014e-02 5.0000e-01 1.0000e-01 5.0000e-02 1.0000e-01 5.0000e-02 9.9997e-02 1.0000e+10
0.0000e+00 4.4600e-01 5.0000e-02 5.0000e-01 5.0000e-02 1.0000e-01 5.0000e-02 1.0000e-02 5.0000e-02 1.0000e-01 1.0000e+10
0.0000e+00 4.5500e-01 5.0000e-02 5.0000e-02 5.0000e-01 1.0000e-01 5.0000e-01 1.0000e-02 5.0000e-01 1.0000e-01 1.0000e+10
0.0000e+00 4.6400e-01 4.9851e-01 5.0000e-01 5.0000e-01 1.0000e-01 5.0000e-02 1.0000e-01 5.0000e-01 1.0001e-02 1.0000e+10
0.0000e+00 4.7300e-01 5.0000e-02 5.0000e-02 5.0000e-02 1.0000e-02 5.0000e-01 1.0000e-01 5.0000e-01 1.0000e-02 1.0000e+10
0.0000e+00 4.8200e-01 3.5965e-01 2.9444e-01 1.4402e-01 1.0000e-02 8.2927e-02 7.5561e-02 1.2523e-01 1.0008e-02 8.1287e-01
0.0000e+00 4.9100e-01 5.0000e-02 5.0000e-02 5.0000e-02 1.0000e-01 5.0000e-01 1.0000e-02 5.0000e-01 1.0000e-02 1.0000e+10
