0.0000e+00 5.5000e-02 3.1513e-01 1.0093e-01 1.6354e-01 7.9850e-02 1.5540e-01 1.2767e-02 2.1257e-01 8.5500e-02 2.8301e-01
0.0000e+00 6.0000e-02 2.7643e-01 8.8374e-02 1.4652e-01 8.6208e-02 1.1501e-01 2.5378e-02 2.0676e-01 6.7334e-02 2.7629e-01
0.0000e+00 6.5000e-02 2.8808e-01 9.1378e-02 1.3747e-01 7.5318e-02 1.1166e-01 1.9604e-02 2.1679e-01 8.2722e-02 2.7790e-01
0.0000e+00 7.0000e-02 2.7483e-01 9.5077e-02 1.5686e-01 9.5988e-02 1.2836e-01 2.4677e-02 1.9743e-01 5.9384e-02 2.7404e-01
0.0000e+00 7.5000e-02 3.3227e-01 9.8158e-02 1.6554e-01 1.0000e-01 1.2458e-01 1.8397e-02 2.2190e-01 7.4300e-02 2.7811e-01
0.0000e+00 8.0000e-02 3.1030e-01 1.0557e-01 1.8499e-01 1.0000e-01 1.5246e-01 2.0611e-02 1.9447e-01 5.7829e-02 2.8134e-01
0.0000e+00 8.5000e-02 3.4616e-01 1.0144e-01 1.8561e-01 1.0000e-01 1.3693e-01 1.7989e-02 2.1530e-01 6.5959e-02 2.8951e-01
0.0000e+00 9.0000e-02 2.9207e-01 9.4715e-02 1.8977e-01 1.0000e-01 1.4795e-01 2.5426e-02 2.0033e-01 4.5774e-02 2.7734e-01
0.0000e+00 9.5000e-02 2.7264e-01 9.9238e-02 1.8211e-01 9.7470e-02 1.3802e-01 2.7091e-02 1.8291e-01 4.3416e-02 2.7639e-01
0.0000e+00 1.0000e-01 2.9059e-01 1.0541e-01 2.0708e-01 1.0000e-01 1.7175e-01 2.1199e-02 1.8796e-01 4.8775e-02 2.8588e-01
0.0000e+00 1.0500e-01 2.6162e-01 9.7789e-02 1.7972e-01 1.0000e-01 1.3931e-01 2.3365e-02 1.8871e-01 4.8791e-02 2.7648e-01
0.0000e+00 1.1000e-01 2.8525e-01 1.1018e-01 2.0658e-01 1.0000e-01 1.7097e-01 1.9627e-02 1.8291e-01 5.0255e-02 2.9038e-01
0.0000e+00 1.1500e-01 2.7308e-01 9.9580e-02 2.1178e-01 1.0000e-01 1.6574e-01 2.5503e-02 1.8836e-01 3.6906e-02 2.8797e-01
0.0000e+00 1.2000e-01 2.6496e-01 9.2570e-02 2.1804e-01 1.0000e-01 1.7155e-01 2.9981e-02 1.9236e-01 2.1483e-02 2.9028e-01
0.0000e+00 1.2500e-01 2.7543e-01 1.0392e-01 2.2754e-01 1.0000e-01 1.8159e-01 2.3733e-02 1.8450e-01 3.5942e-02 2.8790e-01
0.0000e+00 1.3000e-01 2.3106e-01 9.7534e-02 2.1649e-01 1.0000e-01 1.7905e-01 3.4022e-02 1.7221e-01 1.0000e-02 2.9555e-01
0.0000e+00 1.3500e-01 1.3849e-01 1.2012e-01 5.0000e-02 1.2515e-02 5.0000e-02 4.9625e-02 1.6258e-01 8.3835e-02 2.8932e-01
0.0000e+00 1.4000e-01 1.7029e-01 1.5039e-01 7.1519e-02 2.6712e-02 7.5053e-02 4.4623e-02 1.3793e-01 4.9401e-02 2.4884e-01
0.0000e+00 1.4500e-01 1.4330e-01 1.3573e-01 5.7178e-02 1.0000e-02 6.0662e-02 5.1698e-02 1.5005e-01 6.7075e-02 2.5057e-01
0.0000e+00 1.5000e-01 1.5856e-01 1.5318e-01 5.2899e-02 2.6637e-02 5.2187e-02 5.5226e-02 1.4675e-01 5.3302e-02 2.5502e-01
0.0000e+00 1.5500e-01 1.4139e-01 1.2356e-01 6.9819e-02 3.2582e-02 5.9539e-02 5.7501e-02 1.4340e-01 3.1786e-02 2.5138e-01
0.0000e+00 1.6000e-01 1.4373e-01 1.2984e-01 7.1881e-02 1.3283e-02 7.1491e-02 4.7286e-02 1.4229e-01 5.1016e-02 2.4815e-01
0.0000e+00 1.6500e-01 1.6094e-01 1.5645e-01 7.3647e-02 1.0000e-02 8.6259e-02 4.0488e-02 1.3379e-01 5.1163e-02 2.5091e-01
0.0000e+00 1.7000e-01 1.5580e-01 1.6476e-01 6.2062e-02 3.2918e-02 6.1028e-02 5.3620e-02 1.3211e-01 3.5405e-02 2.5202e-01
0.0000e+00 1.7500e-01 1.6282e-01 1.5174e-01 9.7335e-02 3.5694e-02 9.9082e-02 4.2162e-02 1.2241e-01 2.1389e-02 2.4874e-01
0.0000e+00 1.8000e-01 1.4908e-01 1.6536e-01 5.8167e-02 2.3259e-02 6.0614e-02 5.2196e-02 1.3295e-01 4.1860e-02 2.5245e-01
0.0000e+00 1.8500e-01 1.3495e-01 1.5139e-01 6.5781e-02 1.3347e-02 7.0331e-02 5.3262e-02 1.3024e-01 3.3981e-02 2.5107e-01
0.0000e+00 1.9000e-01 1.4059e-01 1.5471e-01 7.2277e-02 1.0000e-02 8.1506e-02 4.7628e-02 1.2586e-01 3.0618e-02 2.4832e-01
0.0000e+00 1.9500e-01 1.5457e-01 1.7555e-01 6.2712e-02 2.6343e-02 6.5369e-02 4.8623e-02 1.2712e-01 3.7478e-02 2.5306e-01
0.0000e+00 2.0000e-01 1.3563e-01 1.5806e-01 6.9241e-02 1.4436e-02 7.6818e-02 4.7439e-02 1.2662e-01 3.3025e-02 2.5190e-01
0.0000e+00 2.0500e-01 1.4800e-01 1.6806e-01 6.9751e-02 1.6240e-02 7.5407e-02 4.7663e-02 1.2372e-01 3.0790e-02 2.5070e-01
0.0000e+00 2.1000e-01 1.4128e-01 1.6241e-01 8.7417e-02 2.1012e-02 9.3741e-02 4.6165e-02 1.1556e-01 1.4985e-02 2.4936e-01
0.0000e+00 2.1500e-01 1.5394e-01 1.7535e-01 7.8330e-02 1.0000e-02 9.0445e-02 4.1328e-02 1.2091e-01 3.3442e-02 2.5029e-01
0.0000e+00 2.2000e-01 1.3804e-01 1.7030e-01 7.4101e-02 1.5469e-02 8.4037e-02 4.6325e-02 1.1764e-01 2.0392e-02 2.5069e-01
0.0000e+00 2.2500e-01 1.2350e-01 1.5133e-01 7.1787e-02 1.7880e-02 7.0964e-02 5.1131e-02 1.2381e-01 2.2607e-02 2.5311e-01
0.0000e+00 2.3000e-01 1.3544e-01 1.6609e-01 7.9480e-02 2.2878e-02 8.3777e-02 4.8004e-02 1.1830e-01 1.3948e-02 2.5304e-01
0.0000e+00 2.3500e-01 1.3401e-01 1.7500e-01 7.0971e-02 1.7795e-02 7.8316e-02 4.8469e-02 1.1679e-01 1.7175e-02 2.5321e-01
0.0000e+00 2.4000e-01 1.2868e-01 1.7530e-01 7.2536e-02 1.0000e-02 8.4552e-02 4.8594e-02 1.1468e-01 1.4244e-02 2.5254e-01
0.0000e+00 2.4500e-01 1.2537e-01 1.8422e-01 6.4544e-02 1.0000e-02 7.6497e-02 5.0553e-02 1.1633e-01 2.0675e-02 2.5425e-01
0.0000e+00 2.5000e-01 1.2114e-01 1.7253e-01 7.1715e-02 2.1450e-02 7.6814e-02 5.0419e-02 1.1461e-01 1.0000e-02 2.5364e-01
0.0000e+00 2.5500e-01 1.1877e-01 1.7591e-01 7.8017e-02 1.0492e-02 8.9622e-02 4.6778e-02 1.1012e-01 1.2585e-02 2.5411e-01
0.0000e+00 2.6000e-01 1.2772e-01 1.9588e-01 7.1198e-02 1.0000e-02 8.6355e-02 4.8271e-02 1.0939e-01 1.3917e-02 2.5519e-01
0.0000e+00 2.6500e-01 1.2697e-01 1.9421e-01 7.1614e-02 1.2764e-02 8.4349e-02 4.7798e-02 1.0724e-01 1.0460e-02 2.5425e-01
0.0000e+00 2.7000e-01 1.2320e-01 1.8203e-01 7.4834e-02 1.0000e-02 8.6174e-02 4.6862e-02 1.1070e-01 1.0000e-02 2.5422e-01
0.0000e+00 2.7500e-01 1.2793e-01 1.9122e-01 7.8688e-02 2.1177e-02 8.6816e-02 4.4838e-02 1.0729e-01 1.0000e-02 2.5752e-01
0.0000e+00 2.8000e-01 1.2438e-01 1.9424e-01 7.5488e-02 1.0000e-02 9.0146e-02 4.5036e-02 1.0673e-01 1.0000e-02 2.5647e-01
0.0000e+00 2.8500e-01 1.2146e-01 1.9987e-01 6.2419e-02 1.6832e-02 7.1023e-02 4.9936e-02 1.1141e-01 1.3567e-02 2.5829e-01
0.0000e+00 2.9000e-01 1.2129e-01 2.0877e-01 5.8915e-02 1.5117e-02 6.9291e-02 4.9963e-02 1.1006e-01 1.5012e-02 2.5859e-01
0.0000e+00 2.9500e-01 1.2137e-01 2.0344e-01 6.5114e-02 1.8306e-02 7.2854e-02 4.7560e-02 1.0981e-01 1.5564e-02 2.6125e-01
0.0000e+00 3.0000e-01 1.1078e-01 2.0773e-01 5.7506e-02 1.0000e-02 7.1071e-02 5.1299e-02 1.0847e-01 1.0000e-02 2.5899e-01
0.0000e+00 3.0500e-01 1.1938e-01 2.0632e-01 6.7646e-02 1.4474e-02 7.6865e-02 4.6906e-02 1.0608e-01 1.2261e-02 2.6228e-01
