0.0000e+00 5.0000e-02 5.0002e-02 2.3000e-02 4.3515e-01 1.0000e-01 2.5098e-01 1.3582e-02 1.1133e-01 8.6372e-02 1.9749e+01
0.0000e+00 5.0000e-02 9.9483e-02 3.2000e-02 2.9242e-01 1.0000e-01 1.7564e-01 2.8676e-02 1.6849e-01 6.0475e-02 1.1372e+01
0.0000e+00 5.0000e-02 1.6193e-01 4.1000e-02 2.2970e-01 9.9997e-02 1.3700e-01 3.2095e-02 2.1310e-01 5.8160e-02 6.0945e+00
0.0000e+00 5.0000e-02 2.0073e-01 5.0000e-02 1.8660e-01 1.0000e-01 1.0778e-01 3.3550e-02 2.2249e-01 6.2608e-02 3.1809e+00
0.0000e+00 5.0000e-02 2.1637e-01 5.9000e-02 1.5248e-01 1.0000e-01 8.5340e-02 3.4918e-02 2.1799e-01 7.0091e-02 1.9271e+00
0.0000e+00 5.0000e-02 2.0316e-01 6.8000e-02 1.2322e-01 8.6185e-02 7.2481e-02 3.9910e-02 2.0124e-01 7.2315e-02 1.4463e+00
0.0000e+00 6.0542e-02 1.8807e-01 7.7000e-02 1.0880e-01 6.9875e-02 7.0236e-02 4.3972e-02 1.8559e-01 6.7132e-02 1.2794e+00
0.0000e+00 8.9914e-02 1.7282e-01 8.6000e-02 1.1115e-01 6.9367e-02 7.5083e-02 4.7516e-02 1.6708e-01 4.3807e-02 1.2114e+00
0.0000e+00 1.2214e-01 1.5789e-01 9.5000e-02 1.1751e-01 6.2298e-02 8.5878e-02 4.8548e-02 1.4978e-01 2.3768e-02 1.1897e+00
0.0000e+00 1.3860e-01 1.5475e-01 1.0400e-01 1.2097e-01 5.6650e-02 9.5387e-02 4.7397e-02 1.4069e-01 1.6579e-02 1.1837e+00
0.0000e+00 1.4423e-01 1.5883e-01 1.1300e-01 1.2179e-01 5.3664e-02 1.0277e-01 4.5474e-02 1.3620e-01 1.6055e-02 1.1795e+00
0.0000e+00 1.4995e-01 1.6274e-01 1.2200e-01 1.2261e-01 5.0703e-02 1.1011e-01 4.3695e-02 1.3199e-01 1.5528e-02 1.1761e+00
0.0000e+00 1.5620e-01 1.6609e-01 1.3100e-01 1.2356e-01 4.7584e-02 1.1755e-01 4.2102e-02 1.2784e-01 1.4745e-02 1.1732e+00
0.0000e+00 1.6237e-01 1.6934e-01 1.4000e-01 1.2439e-01 4.4210e-02 1.2494e-01 4.0591e-02 1.2397e-01 1.4159e-02 1.1709e+00
0.0000e+00 1.6933e-01 1.7192e-01 1.4900e-01 1.2537e-01 4.0643e-02 1.3245e-01 3.9253e-02 1.2011e-01 1.3235e-02 1.1691e+00
0.0000e+00 1.7676e-01 1.7414e-01 1.5800e-01 1.2641e-01 3.7034e-02 1.3997e-01 3.8041e-02 1.1639e-01 1.2182e-02 1.1677e+00
0.0000e+00 1.8439e-01 1.7601e-01 1.6700e-01 1.2734e-01 3.2909e-02 1.4755e-01 3.6910e-02 1.1283e-01 1.1225e-02 1.1668e+00
0.0000e+00 1.9285e-01 1.7736e-01 1.7600e-01 1.2851e-01 2.8627e-02 1.5535e-01 3.5895e-02 1.0932e-01 1.0010e-02 1.1663e+00
0.0000e+00 1.9848e-01 1.8026e-01 1.8500e-01 1.2881e-01 2.4875e-02 1.6226e-01 3.4757e-02 1.0652e-01 1.0000e-02 1.1661e+00
0.0000e+00 2.0417e-01 1.8298e-01 1.9400e-01 1.2902e-01 2.0913e-02 1.6910e-01 3.3688e-02 1.0382e-01 1.0001e-02 1.1663e+00
0.0000e+00 2.0988e-01 1.8564e-01 2.0300e-01 1.2924e-01 1.6974e-02 1.7592e-01 3.2668e-02 1.0124e-01 1.0000e-02 1.1669e+00
0.0000e+00 2.2360e-01 1.7918e-01 2.1200e-01 1.1937e-01 1.0001e-02 1.6624e-01 3.3618e-02 9.9012e-02 1.0000e-02 1.1869e+00
0.0000e+00 2.3558e-01 1.7438e-01 2.2100e-01 1.0918e-01 1.0000e-02 1.5227e-01 3.5005e-02 9.7675e-02 1.0000e-02 1.2506e+00
0.0000e+00 2.4780e-01 1.6960e-01 2.3000e-01 9.9747e-02 1.0001e-02 1.3942e-01 3.6479e-02 9.6648e-02 1.0000e-02 1.3513e+00
0.0000e+00 2.6077e-01 1.6514e-01 2.3900e-01 9.1536e-02 1.0000e-02 1.2818e-01 3.7875e-02 9.5869e-02 1.0000e-02 1.4825e+00
0.0000e+00 2.7399e-01 1.6017e-01 2.4800e-01 8.3473e-02 1.0000e-02 1.1723e-01 3.9464e-02 9.5345e-02 1.0000e-02 1.6381e+00
0.0000e+00 2.8862e-01 1.5531e-01 2.5700e-01 7.6627e-02 1.0000e-02 1.0783e-01 4.0861e-02 9.4943e-02 1.0000e-02 1.8140e+00
0.0000e+00 3.0397e-01 1.4975e-01 2.6600e-01 6.9852e-02 1.0000e-02 9.8588e-02 4.2425e-02 9.4768e-02 1.0000e-02 2.0059e+00
0.0000e+00 3.2107e-01 1.4414e-01 2.7500e-01 6.4188e-02 1.0000e-02 9.0735e-02 4.3741e-02 9.4592e-02 1.0000e-02 2.2111e+00
0.0000e+00 3.3980e-01 1.3804e-01 2.8400e-01 5.9089e-02 1.0000e-02 8.3639e-02 4.4943e-02 9.4474e-02 1.0000e-02 2.4274e+00
0.0000e+00 3.6019e-01 1.3209e-01 2.9300e-01 5.5089e-02 1.0000e-02 7.7949e-02 4.5770e-02 9.4209e-02 1.0000e-02 2.6529e+00
0.0000e+00 3.8244e-01 1.2479e-01 3.0200e-01 5.1002e-02 1.0001e-02 7.2168e-02 4.6715e-02 9.4051e-02 1.0000e-02 2.8868e+00
0.0000e+00 4.0513e-01 1.2071e-01 3.1100e-01 5.0000e-02 1.0000e-02 7.0209e-02 4.6365e-02 9.3004e-02 1.0000e-02 3.1321e+00
0.0000e+00 4.2779e-01 1.1783e-01 3.2000e-01 5.0000e-02 1.0000e-02 6.9532e-02 4.5618e-02 9.1750e-02 1.0000e-02 3.3988e+00
0.0000e+00 4.5098e-01 1.1455e-01 3.2900e-01 5.0000e-02 1.0000e-02 6.8858e-02 4.4930e-02 9.0550e-02 1.0000e-02 3.6820e+00
0.0000e+00 4.7467e-01 1.1096e-01 3.3800e-01 5.0000e-02 1.0000e-02 6.8225e-02 4.4280e-02 8.9446e-02 1.0000e-02 3.9795e+00
0.0000e+00 4.9833e-01 1.0743e-01 3.4700e-01 5.0000e-02 1.0000e-02 6.7658e-02 4.3666e-02 8.8456e-02 1.0000e-02 4.2877e+00
0.0000e+00 5.0000e-01 1.1869e-01 3.5600e-01 5.0000e-02 1.0000e-02 6.7163e-02 4.3097e-02 8.7461e-02 1.0000e-02 4.7166e+00
0.0000e+00 5.0000e-01 1.3376e-01 3.6500e-01 5.0000e-02 2.4262e-02 5.8582e-02 4.3028e-02 8.8084e-02 1.0000e-02 5.3703e+00
0.0000e+00 5.0000e-01 1.4966e-01 3.7400e-01 5.0000e-02 3.8670e-02 5.0000e-02 4.2888e-02 8.8710e-02 1.0000e-02 6.1156e+00
0.0000e+00 5.0000e-01 1.6345e-01 3.8300e-01 5.0000e-02 3.6745e-02 5.0000e-02 4.1836e-02 8.8965e-02 1.3532e-02 7.0064e+00
0.0000e+00 5.0000e-01 1.7844e-01 3.9200e-01 5.0000e-02 3.4309e-02 5.0000e-02 4.0308e-02 9.0728e-02 2.0075e-02 7.9764e+00
0.0000e+00 5.0000e-01 1.9439e-01 4.0100e-01 5.0000e-02 3.1811e-02 5.0000e-02 3.8583e-02 9.3344e-02 2.7891e-02 8.9885e+00
0.0000e+00 5.0000e-01 2.1735e-01 4.1000e-01 5.0000e-02 1.0000e-02 5.8873e-02 3.1613e-02 1.0908e-01 6.4853e-02 9.9488e+00
0.0000e+00 5.0000e-01 2.4074e-01 4.1900e-01 5.0000e-02 1.0000e-02 5.7720e-02 2.7837e-02 1.1994e-01 8.5102e-02 1.0697e+01
0.0000e+00 5.0000e-01 2.5763e-01 4.2800e-01 5.0002e-02 1.0000e-02 5.7209e-02 2.7001e-02 1.2085e-01 8.6877e-02 1.1433e+01
0.0000e+00 5.0000e-01 2.7494e-01 4.3700e-01 5.0003e-02 1.0049e-02 5.6713e-02 2.6190e-02 1.2165e-01 8.8330e-02 1.2225e+01
0.0000e+00 5.0000e-01 2.9229e-01 4.4600e-01 5.0001e-02 1.0057e-02 5.6185e-02 2.5448e-02 1.2258e-01 9.0025e-02 1.3066e+01
0.0000e+00 5.0000e-01 3.1014e-01 4.5500e-01 5.0000e-02 1.0228e-02 5.5674e-02 2.4728e-02 1.2346e-01 9.1388e-02 1.3947e+01
0.0000e+00 4.9997e-01 3.2917e-01 4.6400e-01 5.0004e-02 1.0050e-02 5.5477e-02 2.3798e-02 1.2475e-01 9.3261e-02 1.4855e+01
0.0000e+00 5.0000e-01 3.4682e-01 4.7300e-01 5.0022e-02 1.0036e-02 5.4953e-02 2.3209e-02 1.2575e-01 9.4977e-02 1.5792e+01
0.0000e+00 4.9994e-01 3.6685e-01 4.8200e-01 5.0001e-02 1.0242e-02 5.4802e-02 2.2360e-02 1.2704e-01 9.6251e-02 1.6745e+01
0.0000e+00 4.9996e-01 3.8481e-01 4.9100e-01 5.0000e-02 1.0396e-02 5.4170e-02 2.1907e-02 1.2753e-01 9.7103e-02 1.7707e+01
0.0000e+00 4.9989e-01 4.0436e-01 5.0000e-01 5.0008e-02 1.0000e-02 5.4112e-02 2.1137e-02 1.2893e-01 9.9014e-02 1.8673e+01
