0.0000e+00 5.0000e-02 3.2896e-01 3.2124e-01 5.0000e-02 5.5222e-02 5.0950e-02 4.0297e-02 1.1845e-01 7.0558e-02 2.4732e-01
0.0000e+00 5.0000e-02 2.3923e-01 1.7553e-01 5.9000e-02 4.2113e-02 5.5565e-02 5.3892e-02 1.5515e-01 7.9432e-02 2.4513e-01
0.0000e+00 1.1921e-01 3.1830e-01 3.4448e-01 6.8000e-02 5.9983e-02 8.1895e-02 3.1512e-02 9.8094e-02 4.8706e-02 2.4151e-01
0.0000e+00 1.5895e-01 3.8350e-01 4.7394e-01 7.7000e-02 6.6870e-02 1.0781e-01 1.8299e-02 7.2281e-02 4.4293e-02 2.3968e-01
0.0000e+00 8.8456e-02 1.9451e-01 1.1716e-01 8.6000e-02 5.1760e-02 6.4459e-02 5.6472e-02 1.5933e-01 5.1392e-02 2.3956e-01
0.0000e+00 1.3728e-01 3.1358e-01 3.0800e-01 9.5000e-02 6.0766e-02 1.2548e-01 2.5040e-02 9.6956e-02 4.3506e-02 2.3821e-01
0.0000e+00 1.9184e-01 2.6122e-01 2.7829e-01 1.0400e-01 6.6273e-02 1.2335e-01 3.3111e-02 9.6783e-02 2.2123e-02 2.3728e-01
0.0000e+00 2.0258e-01 2.6302e-01 2.7655e-01 1.1300e-01 6.1836e-02 1.3963e-01 3.1113e-02 9.6587e-02 2.1017e-02 2.3715e-01
0.0000e+00 2.5378e-01 2.8196e-01 3.5592e-01 1.2200e-01 4.2975e-02 1.8837e-01 2.3890e-02 7.7598e-02 1.7539e-02 2.3754e-01
0.0000e+00 2.0475e-01 2.4909e-01 2.3160e-01 1.3100e-01 1.0000e-01 1.2615e-01 3.5946e-02 1.0571e-01 1.0008e-02 2.3711e-01
0.0000e+00 3.7013e-01 3.0559e-01 4.8049e-01 1.4000e-01 3.7523e-02 2.4556e-01 1.7771e-02 5.8828e-02 1.0064e-02 2.3883e-01
0.0000e+00 7.9188e-02 1.8893e-01 5.0000e-02 1.4900e-01 1.0000e-01 5.3716e-02 5.8686e-02 2.0156e-01 3.8091e-02 2.4709e-01
0.0000e+00 1.4032e-01 1.9991e-01 9.3966e-02 1.5800e-01 1.0000e-01 8.8901e-02 5.1059e-02 1.5826e-01 1.0078e-02 2.4065e-01
0.0000e+00 2.9947e-01 2.9161e-01 3.5101e-01 1.6700e-01 1.9397e-02 2.7144e-01 2.0914e-02 7.7974e-02 1.0670e-02 2.3990e-01
0.0000e+00 3.0220e-01 3.0934e-01 3.6157e-01 1.7600e-01 4.4765e-02 2.7575e-01 1.9565e-02 7.7030e-02 1.0190e-02 2.4050e-01
0.0000e+00 2.9503e-01 3.3615e-01 3.6647e-01 1.8500e-01 6.1498e-02 2.8623e-01 1.7100e-02 7.8866e-02 1.3566e-02 2.4208e-01
0.0000e+00 2.4437e-01 3.0672e-01 2.6254e-01 1.9400e-01 1.0000e-01 2.1985e-01 2.4988e-02 1.0248e-01 1.0069e-02 2.4280e-01
0.0000e+00 2.8585e-01 3.3046e-01 3.2321e-01 2.0300e-01 7.6081e-02 2.8033e-01 1.9860e-02 8.9106e-02 1.0003e-02 2.4337e-01
0.0000e+00 2.1306e-01 3.0094e-01 2.0271e-01 2.1200e-01 9.5202e-02 2.1830e-01 2.7748e-02 1.2456e-01 1.0000e-02 2.4550e-01
0.0000e+00 5.0090e-02 4.5827e-01 1.6045e-01 2.2100e-01 9.9993e-02 2.7593e-01 1.0001e-02 1.7617e-01 6.4321e-02 2.6475e-01
0.0000e+00 1.5906e-01 3.3190e-01 1.5184e-01 2.3000e-01 8.4006e-02 2.1120e-01 2.7949e-02 1.5848e-01 2.1242e-02 2.5442e-01
0.0000e+00 3.2043e-01 3.8612e-01 3.6653e-01 2.3900e-01 8.3220e-02 3.5376e-01 1.5648e-02 8.6338e-02 1.0000e-02 2.4859e-01
0.0000e+00 2.1832e-01 4.7165e-01 3.0880e-01 2.4800e-01 9.2629e-02 3.7144e-01 1.0160e-02 1.0992e-01 2.8718e-02 2.5371e-01
0.0000e+00 2.4000e-01 3.6769e-01 2.4380e-01 2.5700e-01 9.9682e-02 3.0065e-01 2.1888e-02 1.2142e-01 1.0217e-02 2.5159e-01
0.0000e+00 1.3083e-01 2.2478e-01 5.0000e-02 2.6600e-01 9.9849e-02 9.4191e-02 5.0114e-02 2.0447e-01 1.0000e-02 2.7410e-01
0.0000e+00 3.7266e-01 4.3959e-01 4.3385e-01 2.7500e-01 5.2977e-02 4.7068e-01 1.1731e-02 7.8146e-02 1.0003e-02 2.5445e-01
0.0000e+00 3.3347e-01 5.0000e-01 3.9962e-01 2.8400e-01 9.9427e-02 4.4299e-01 1.1161e-02 9.3070e-02 1.4057e-02 2.5764e-01
0.0000e+00 2.9508e-01 4.3945e-01 3.2163e-01 2.9300e-01 1.0000e-01 4.0619e-01 1.5961e-02 1.0741e-01 1.0001e-02 2.5658e-01
0.0000e+00 2.0911e-01 3.8535e-01 1.8420e-01 3.0200e-01 9.9849e-02 3.0032e-01 2.5318e-02 1.5596e-01 1.0000e-02 2.6093e-01
0.0000e+00 2.4455e-01 4.2990e-01 2.5576e-01 3.1100e-01 9.6967e-02 3.8828e-01 1.9025e-02 1.2820e-01 1.0949e-02 2.6063e-01
0.0000e+00 1.6949e-01 3.4647e-01 1.2316e-01 3.2000e-01 1.0000e-01 2.4376e-01 3.1799e-02 1.8470e-01 1.0000e-02 2.7039e-01
0.0000e+00 3.0602e-01 4.9983e-01 3.3401e-01 3.2900e-01 8.3767e-02 4.8463e-01 1.4338e-02 1.1454e-01 1.0567e-02 2.6260e-01
0.0000e+00 2.8367e-01 4.9407e-01 3.0279e-01 3.3800e-01 9.4174e-02 4.6731e-01 1.5914e-02 1.2387e-01 1.0035e-02 2.6366e-01
0.0000e+00 2.7420e-01 4.9443e-01 2.8459e-01 3.4700e-01 9.9902e-02 4.5882e-01 1.6768e-02 1.3209e-01 1.0000e-02 2.6505e-01
0.0000e+00 2.9103e-01 5.0000e-01 3.1222e-01 3.5600e-01 1.0000e-01 5.0000e-01 1.5020e-02 1.2141e-01 1.0000e-02 2.6667e-01
0.0000e+00 2.5928e-01 5.0000e-01 2.6470e-01 3.6500e-01 1.0000e-01 4.6870e-01 1.7602e-02 1.4162e-01 1.0000e-02 2.6798e-01
0.0000e+00 2.5692e-01 4.9891e-01 2.6486e-01 3.7400e-01 7.7278e-02 4.9963e-01 1.7429e-02 1.4034e-01 1.0000e-02 2.6987e-01
0.0000e+00 2.3500e-01 4.9689e-01 2.3372e-01 3.8300e-01 8.1719e-02 4.7770e-01 1.9257e-02 1.5580e-01 1.0097e-02 2.7171e-01
0.0000e+00 1.5543e-01 4.3198e-01 9.5018e-02 3.9200e-01 1.0000e-01 2.3950e-01 3.5763e-02 2.4717e-01 1.0014e-02 2.8558e-01
0.0000e+00 1.8805e-01 5.0000e-01 1.5895e-01 4.0100e-01 1.0000e-01 3.8518e-01 2.5646e-02 2.1042e-01 1.0000e-02 2.7779e-01
0.0000e+00 2.1721e-01 5.0000e-01 2.0823e-01 4.1000e-01 9.9761e-02 4.6743e-01 2.0889e-02 1.7083e-01 1.0000e-02 2.7646e-01
0.0000e+00 1.3142e-01 4.1037e-01 6.1901e-02 4.1900e-01 1.0000e-01 1.8033e-01 4.3488e-02 2.8360e-01 1.0200e-02 2.9959e-01
0.0000e+00 1.4144e-01 3.9329e-01 6.7547e-02 4.2800e-01 9.2610e-02 1.9936e-01 4.1626e-02 2.6899e-01 1.0000e-02 2.9958e-01
0.0000e+00 1.6659e-01 4.9019e-01 1.3406e-01 4.3700e-01 9.3225e-02 3.8984e-01 2.7971e-02 2.3099e-01 1.0000e-02 2.8643e-01
0.0000e+00 1.4727e-01 4.7262e-01 1.0644e-01 4.4600e-01 1.0000e-01 3.3999e-01 3.0980e-02 2.5918e-01 1.1616e-02 2.9730e-01
0.0000e+00 1.4464e-01 4.6894e-01 7.6564e-02 4.5500e-01 9.5257e-02 2.3628e-01 3.8840e-02 2.9184e-01 1.0000e-02 2.9884e-01
0.0000e+00 1.8370e-01 5.0000e-01 1.5593e-01 4.6400e-01 9.7066e-02 4.4827e-01 2.5176e-02 2.1228e-01 1.0011e-02 2.8717e-01
0.0000e+00 1.8347e-01 5.0000e-01 1.5589e-01 4.7300e-01 1.0000e-01 4.5547e-01 2.5091e-02 2.1199e-01 1.0001e-02 2.8885e-01
0.0000e+00 1.5961e-01 4.9761e-01 1.1676e-01 4.8200e-01 9.2111e-02 3.7710e-01 3.0523e-02 2.5191e-01 1.0000e-02 2.9298e-01
0.0000e+00 1.4613e-01 4.6784e-01 8.5866e-02 4.9100e-01 9.0998e-02 3.0043e-01 3.5606e-02 2.8383e-01 1.0000e-02 3.0236e-01
