0.0000e+00 5.0000e-02 2.1401e-01 1.6457e-01 5.0000e-02 1.0267e-02 5.9222e-02 5.6870e-02 1.6394e-01 9.8863e-02 2.5300e-01
0.0000e+00 5.0655e-02 2.2702e-01 1.5894e-01 5.9000e-02 4.2215e-02 5.2185e-02 5.7936e-02 1.6131e-01 7.9159e-02 2.4539e-01
0.0000e+00 1.4602e-01 1.8672e-01 1.7443e-01 6.8000e-02 5.6403e-02 5.7178e-02 6.2769e-02 1.3332e-01 2.2075e-02 2.4461e-01
0.0000e+00 8.0252e-02 2.1353e-01 1.4362e-01 7.7000e-02 5.2595e-02 6.3521e-02 5.3968e-02 1.5281e-01 5.7715e-02 2.4126e-01
0.0000e+00 1.1173e-01 2.1288e-01 1.5866e-01 8.6000e-02 5.4311e-02 7.6161e-02 5.0408e-02 1.3927e-01 4.0976e-02 2.3921e-01
0.0000e+00 1.1946e-01 2.1086e-01 1.5248e-01 9.5000e-02 6.1084e-02 8.0807e-02 4.9218e-02 1.3837e-01 3.5222e-02 2.3817e-01
0.0000e+00 1.4221e-01 2.0247e-01 1.5276e-01 1.0400e-01 6.3380e-02 8.8423e-02 4.8927e-02 1.3287e-01 2.3714e-02 2.3747e-01
0.0000e+00 5.0000e-01 5.0000e-01 5.0000e-01 1.1300e-01 1.0000e-01 5.0000e-01 1.0000e-01 5.0000e-02 1.0000e-01 1.0000e+10
0.0000e+00 1.7101e-01 1.9716e-01 1.4385e-01 1.2200e-01 9.4185e-02 8.8733e-02 4.7913e-02 1.3459e-01 1.0685e-02 2.3961e-01
0.0000e+00 1.2725e-01 2.0990e-01 1.1784e-01 1.3100e-01 8.5281e-02 8.7911e-02 4.8077e-02 1.4856e-01 2.4711e-02 2.3884e-01
0.0000e+00 1.5267e-01 2.0249e-01 1.2415e-01 1.4000e-01 8.4644e-02 9.8429e-02 4.8391e-02 1.4027e-01 1.1498e-02 2.3832e-01
0.0000e+00 1.8094e-01 2.1455e-01 1.5394e-01 1.4900e-01 7.1247e-02 1.2789e-01 4.1110e-02 1.2711e-01 1.0105e-02 2.3825e-01
0.0000e+00 5.0000e-01 5.0000e-01 5.0000e-01 1.5800e-01 1.0000e-02 5.0000e-02 1.0000e-02 5.0000e-02 1.0000e-02 1.0000e+10
0.0000e+00 9.5034e-02 3.1424e-01 1.3511e-01 1.6700e-01 9.9990e-02 1.3468e-01 2.9253e-02 1.6600e-01 4.6162e-02 2.4661e-01
0.0000e+00 7.0631e-02 3.2252e-01 1.1267e-01 1.7600e-01 9.5075e-02 1.3549e-01 2.7989e-02 1.8716e-01 5.6554e-02 2.5275e-01
0.0000e+00 1.7958e-01 2.5208e-01 1.5355e-01 1.8500e-01 1.0000e-01 1.5167e-01 3.6351e-02 1.3569e-01 1.0000e-02 2.4233e-01
0.0000e+00 1.6718e-01 2.7612e-01 1.3837e-01 1.9400e-01 9.6206e-02 1.5121e-01 3.4866e-02 1.5213e-01 1.5353e-02 2.4679e-01
0.0000e+00 1.6229e-01 2.4189e-01 1.1020e-01 2.0300e-01 9.3605e-02 1.3430e-01 4.0362e-02 1.5789e-01 1.0000e-02 2.4837e-01
0.0000e+00 1.6632e-01 2.6046e-01 1.2319e-01 2.1200e-01 9.8508e-02 1.4943e-01 3.8309e-02 1.5401e-01 1.0142e-02 2.4934e-01
0.0000e+00 1.4436e-01 2.8351e-01 1.1277e-01 2.2100e-01 1.0000e-01 1.5476e-01 3.8157e-02 1.6895e-01 1.2949e-02 2.5464e-01
0.0000e+00 6.0539e-02 3.6604e-01 1.0778e-01 2.3000e-01 1.3489e-02 2.5245e-01 2.1314e-02 2.0447e-01 5.4879e-02 2.9023e-01
0.0000e+00 1.6411e-01 2.7245e-01 1.1355e-01 2.3900e-01 1.0000e-01 1.6500e-01 3.6719e-02 1.6589e-01 1.0000e-02 2.5526e-01
0.0000e+00 1.6993e-01 2.7602e-01 1.2628e-01 2.4800e-01 9.4108e-02 1.9108e-01 3.4440e-02 1.5781e-01 1.0000e-02 2.5633e-01
0.0000e+00 5.0000e-02 5.0000e-02 5.0000e-01 2.5700e-01 1.0000e-02 5.0000e-02 1.0000e-01 5.0000e-02 1.0000e-01 1.0000e+10
0.0000e+00 1.7872e-01 3.1904e-01 1.3719e-01 2.6600e-01 1.0000e-01 2.1147e-01 3.2200e-02 1.6504e-01 1.0000e-02 2.5875e-01
0.0000e+00 1.8629e-01 3.4170e-01 1.5010e-01 2.7500e-01 9.8855e-02 2.3485e-01 2.9977e-02 1.6346e-01 1.0202e-02 2.5872e-01
0.0000e+00 5.0000e-02 4.7749e-01 1.0041e-01 2.8400e-01 1.0000e-01 2.5613e-01 1.9250e-02 2.5865e-01 5.9219e-02 2.9282e-01
0.0000e+00 8.9781e-02 4.9534e-01 1.1739e-01 2.9300e-01 1.0000e-01 2.6454e-01 2.1318e-02 2.4611e-01 4.3977e-02 2.8171e-01
0.0000e+00 1.8112e-01 3.6336e-01 1.4535e-01 3.0200e-01 9.8287e-02 2.5770e-01 2.9663e-02 1.7393e-01 1.0526e-02 2.6384e-01
0.0000e+00 1.3666e-01 4.3980e-01 1.0918e-01 3.1100e-01 9.3796e-02 2.2843e-01 2.9354e-02 2.3739e-01 2.4748e-02 2.7910e-01
0.0000e+00 1.8409e-01 3.8163e-01 1.4647e-01 3.2000e-01 9.9819e-02 2.7622e-01 2.8861e-02 1.7983e-01 1.0000e-02 2.6638e-01
0.0000e+00 5.0000e-02 3.4183e-01 1.2989e-01 3.2900e-01 1.0000e-02 2.4089e-01 9.9916e-02 3.1388e-01 1.0000e-01 7.8120e-01
0.0000e+00 1.4485e-01 3.5885e-01 1.0478e-01 3.3800e-01 7.0555e-02 2.5166e-01 3.4316e-02 2.0679e-01 1.2440e-02 2.8042e-01
0.0000e+00 6.6738e-02 4.4558e-01 7.1970e-02 3.4700e-01 9.8568e-02 2.2394e-01 3.1551e-02 2.9521e-01 4.1929e-02 3.1039e-01
0.0000e+00 1.7661e-01 4.2538e-01 1.4175e-01 3.5600e-01 1.0000e-01 3.0394e-01 2.8517e-02 1.9782e-01 1.1270e-02 2.7320e-01
0.0000e+00 5.1151e-02 4.9933e-01 9.1761e-02 3.6500e-01 9.9558e-02 3.3441e-01 2.1148e-02 2.8323e-01 5.1174e-02 3.2048e-01
0.0000e+00 1.5494e-01 4.1572e-01 1.1720e-01 3.7400e-01 1.0000e-01 2.8389e-01 3.2048e-02 2.1322e-01 1.0000e-02 2.8074e-01
0.0000e+00 5.0000e-02 5.0000e-01 8.9468e-02 3.8300e-01 1.0000e-01 3.5122e-01 2.1591e-02 2.8792e-01 5.0077e-02 3.2757e-01
0.0000e+00 1.5555e-01 4.9996e-01 1.2765e-01 3.9200e-01 9.7429e-02 3.2089e-01 2.9069e-02 2.3566e-01 1.4454e-02 2.8277e-01
0.0000e+00 8.5305e-02 4.9999e-01 9.8685e-02 4.0100e-01 9.9960e-02 3.5883e-01 1.0000e-02 2.9831e-01 6.5868e-02 3.6653e-01
0.0000e+00 5.0000e-02 5.0000e-02 5.0000e-01 4.1000e-01 1.0000e-01 5.0000e-01 1.0000e-01 5.0000e-01 1.0000e-02 1.0000e+10
0.0000e+00 5.0000e-01 5.0000e-02 5.0013e-02 4.1900e-01 1.0000e-01 5.0000e-02 1.0000e-02 5.0000e-01 1.0000e-01 1.0000e+10
0.0000e+00 1.8145e-01 4.9369e-01 1.4185e-01 4.2800e-01 1.0000e-01 3.6614e-01 2.7836e-02 2.2241e-01 1.0000e-02 2.8206e-01
0.0000e+00 1.7993e-01 5.0000e-01 1.4052e-01 4.3700e-01 1.0000e-01 3.7769e-01 2.7552e-02 2.2728e-01 1.0074e-02 2.8330e-01
0.0000e+00 1.7844e-01 5.0000e-01 1.3948e-01 4.4600e-01 1.0000e-01 3.8284e-01 2.7763e-02 2.2757e-01 1.0000e-02 2.8460e-01
0.0000e+00 1.7593e-01 4.9958e-01 1.3667e-01 4.5500e-01 9.7155e-02 3.9037e-01 2.7894e-02 2.3096e-01 1.0000e-02 2.8637e-01
0.0000e+00 5.0000e-02 5.0000e-01 5.0000e-01 4.6400e-01 1.0000e-01 4.9999e-01 1.0000e-02 5.0000e-01 1.0000e-02 1.0000e+10
0.0000e+00 1.6172e-01 4.8593e-01 1.2482e-01 4.7300e-01 1.0000e-01 3.9477e-01 2.9187e-02 2.3922e-01 1.0000e-02 2.9153e-01
0.0000e+00 1.7531e-01 4.9821e-01 1.3364e-01 4.8200e-01 1.0000e-01 4.0966e-01 2.7520e-02 2.3487e-01 1.0000e-02 2.9214e-01
0.0000e+00 1.7500e-01 4.9995e-01 1.3587e-01 4.9100e-01 5.0920e-02 4.4275e-01 2.7768e-02 2.3198e-01 1.0047e-02 2.9447e-01
