0.0000e+00 5.0000e-01 5.0000e-02 5.0000e-02 5.0000e-02 1.0000e-01 5.0000e-02 1.0000e-02 5.0000e-02 1.0002e-02 1.0000e+10
0.0000e+00 5.0000e-02 5.0000e-01 5.0000e-02 5.9000e-02 1.0000e-01 5.0000e-02 1.0000e-01 5.0000e-02 1.0000e-01 1.0000e+10
0.0000e+00 5.0000e-01 5.0000e-01 5.0000e-01 6.8000e-02 1.0000e-02 5.0000e-01 1.0000e-01 5.0042e-02 1.0000e-02 1.0000e+10
0.0000e+00 9.6327e-02 1.7885e-01 1.1757e-01 7.7000e-02 3.6953e-02 6.1263e-02 6.1752e-02 1.5765e-01 5.0497e-02 2.4194e-01
0.0000e+00 5.0000e-02 5.0040e-02 5.0000e-01 8.6000e-02 1.0000e-02 5.0000e-01 9.9998e-02 5.0000e-02 1.0218e-02 1.0000e+10
0.0000e+00 5.0000e-01 5.0000e-02 5.0000e-02 9.5000e-02 1.0000e-01 5.0000e-01 1.0000e-02 4.9999e-01 1.0000e-01 1.0000e+10
0.0000e+00 5.0000e-02 5.0000e-01 5.0000e-01 1.0400e-01 1.0000e-02 5.0000e-02 1.0643e-02 5.0000e-01 1.0000e-01 1.0000e+10
0.0000e+00 8.2260e-02 2.2830e-01 1.2046e-01 1.1300e-01 6.0769e-02 8.8091e-02 4.4277e-02 1.5737e-01 5.1997e-02 2.3999e-01
0.0000e+00 5.0000e-02 2.9150e-01 1.0042e-01 1.2200e-01 7.2035e-02 8.2749e-02 2.6190e-02 2.0575e-01 1.0000e-01 2.5958e-01
0.0000e+00 5.0000e-01 5.0000e-01 5.0000e-02 1.3100e-01 1.0000e-02 5.0000e-01 1.0000e-01 5.0000e-01 1.0000e-01 1.0000e+10
0.0000e+00 5.0000e-01 5.0000e-02 5.0000e-02 1.4000e-01 1.0000e-01 5.0003e-02 1.0000e-02 5.0000e-01 1.0000e-01 1.0000e+10
0.0000e+00 5.0000e-02 5.0000e-02 5.0000e-01 1.4900e-01 1.0000e-01 5.0000e-02 1.0000e-02 5.0000e-01 9.9963e-02 1.0000e+10
0.0000e+00 1.6991e-01 1.9114e-01 1.3604e-01 1.5800e-01 1.0000e-02 1.5520e-01 4.1223e-02 1.2569e-01 1.3420e-02 2.4461e-01
0.0000e+00 5.0000e-01 5.0000e-01 5.0000e-01 1.6700e-01 1.0000e-02 5.0000e-01 1.0000e-02 5.0000e-02 1.0000e-01 1.0000e+10
0.0000e+00 4.9999e-01 5.0000e-02 5.0000e-02 1.7600e-01 1.0000e-02 5.0000e-02 1.0000e-01 5.0000e-02 1.0000e-02 1.0000e+10
0.0000e+00 5.0000e-01 5.0000e-02 4.9994e-01 1.8500e-01 1.0000e-02 5.0000e-01 1.0000e-02 5.0000e-02 1.0000e-02 1.0000e+10
0.0000e+00 5.0000e-01 5.0000e-01 5.0000e-01 1.9400e-01 1.0000e-01 5.0000e-01 1.0000e-02 5.0000e-01 1.0330e-02 1.0000e+10
0.0000e+00 5.0000e-01 5.0000e-01 5.0000e-02 2.0300e-01 1.0000e-02 5.0000e-02 1.0000e-02 5.0000e-02 1.0000e-01 1.0000e+10
0.0000e+00 1.4408e-01 2.2137e-01 1.1172e-01 2.1200e-01 8.9635e-02 1.5931e-01 3.9304e-02 1.4668e-01 1.0000e-02 2.5893e-01
0.0000e+00 5.0000e-02 5.0000e-02 5.0000e-01 2.2100e-01 1.0000e-01 5.0000e-01 1.0000e-01 5.0000e-02 1.0000e-02 1.0000e+10
0.0000e+00 8.2771e-02 2.9315e-01 9.3432e-02 2.3000e-01 1.0000e-01 1.7645e-01 3.1631e-02 1.9807e-01 4.0324e-02 2.7960e-01
0.0000e+00 1.3966e-01 2.4319e-01 1.1179e-01 2.3900e-01 9.3062e-02 1.7503e-01 3.9361e-02 1.5116e-01 1.0735e-02 2.6246e-01
0.0000e+00 5.0000e-01 5.0000e-02 5.0000e-01 2.4800e-01 1.0000e-02 5.0000e-02 1.0000e-02 5.0000e-02 1.0048e-02 1.0000e+10
0.0000e+00 1.5724e-01 2.3165e-01 1.1806e-01 2.5700e-01 9.8847e-02 1.9560e-01 3.6661e-02 1.4669e-01 1.0001e-02 2.7539e-01
0.0000e+00 1.4206e-01 2.3630e-01 1.2259e-01 2.6600e-01 1.0000e-01 2.1920e-01 3.6291e-02 1.4112e-01 1.0000e-02 2.7942e-01
0.0000e+00 1.5217e-01 2.4029e-01 1.3064e-01 2.7500e-01 9.7723e-02 2.3153e-01 3.4886e-02 1.3718e-01 1.0000e-02 2.8457e-01
0.0000e+00 5.0000e-01 5.0000e-02 5.0001e-02 2.8400e-01 1.0000e-01 5.0000e-02 1.0000e-01 5.0000e-01 1.0000e-01 1.0000e+10
0.0000e+00 5.0000e-01 5.0000e-02 5.0000e-01 2.9300e-01 1.0000e-02 5.0000e-02 1.0000e-02 5.0000e-02 1.0000e-02 1.0000e+10
0.0000e+00 1.6371e-01 5.0000e-01 2.0691e-01 3.0200e-01 9.9765e-02 2.2360e-01 1.0000e-01 3.0435e-01 1.5258e-02 7.4615e-01
0.0000e+00 5.0000e-01 5.0000e-01 5.0000e-01 3.1100e-01 1.0000e-01 5.0000e-01 1.0000e-01 5.0000e-02 1.0000e-01 1.0000e+10
0.0000e+00 5.0000e-01 5.0000e-01 5.0000e-01 3.2000e-01 1.0000e-02 5.0000e-02 1.0000e-02 5.0000e-01 1.0000e-02 1.0000e+10
0.0000e+00 5.0444e-02 1.9183e-01 8.1873e-02 3.2900e-01 1.0000e-01 2.9460e-01 3.2571e-02 1.4079e-01 3.6823e-02 3.8383e-01
0.0000e+00 5.0000e-02 5.0000e-02 5.0000e-01 3.3800e-01 1.0000e-01 5.0000e-02 1.0000e-02 5.0000e-02 1.0000e-02 1.0000e+10
0.0000e+00 5.4250e-02 1.0352e-01 5.2909e-02 3.4700e-01 1.0000e-01 2.1406e-01 5.3500e-02 1.0955e-01 1.8290e-02 4.1099e-01
0.0000e+00 5.0000e-02 1.6028e-01 7.7619e-02 3.5600e-01 1.0000e-01 3.1818e-01 3.4941e-02 1.2413e-01 3.2309e-02 4.0939e-01
0.0000e+00 6.9220e-02 1.0492e-01 6.5521e-02 3.6500e-01 1.1784e-02 3.1323e-01 4.9302e-02 1.0591e-01 1.6095e-02 4.5098e-01
0.0000e+00 5.0000e-01 5.0000e-02 5.0000e-02 3.7400e-01 1.0000e-02 5.0000e-02 1.0000e-01 5.0000e-01 1.0000e-02 1.0000e+10
0.0000e+00 5.0000e-02 5.0000e-01 5.0000e-01 3.8300e-01 1.0000e-01 5.0000e-02 1.0000e-01 5.0000e-01 1.0000e-02 1.0000e+10
0.0000e+00 5.0000e-01 5.0000e-01 5.0000e-01 3.9200e-01 1.0000e-02 5.0000e-01 1.0000e-02 5.0000e-01 1.0000e-01 1.0000e+10
0.0000e+00 1.2626e-01 1.0325e-01 1.0094e-01 4.0100e-01 9.9666e-02 3.4244e-01 3.4402e-02 7.9447e-02 1.0140e-02 4.0026e-01
0.0000e+00 5.0000e-01 4.9998e-01 5.0000e-01 4.1000e-01 1.0000e-01 5.0000e-02 1.0000e-02 5.0136e-02 1.0000e-01 1.0000e+10
0.0000e+00 5.0000e-01 5.0000e-02 4.9992e-01 4.1900e-01 1.0000e-01 5.0000e-02 1.0000e-01 5.0000e-02 1.0000e-02 1.0000e+10
0.0000e+00 1.3953e-01 8.9044e-02 1.0249e-01 4.2800e-01 1.0000e-01 3.5940e-01 3.3099e-02 7.0853e-02 1.0002e-02 4.1592e-01
0.0000e+00 1.1127e-01 6.3870e-02 8.6967e-02 4.3700e-01 6.7232e-02 3.7914e-01 3.5289e-02 5.6557e-02 1.2799e-02 4.3100e-01
0.0000e+00 5.0000e-01 5.0000e-01 5.0000e-01 4.4600e-01 1.0000e-02 5.0000e-01 1.0000e-01 5.0000e-02 1.0000e-01 1.0000e+10
0.0000e+00 5.0000e-02 5.0000e-02 5.0000e-02 4.5500e-01 5.7742e-02 4.4564e-01 1.0000e-02 6.4136e-02 7.6785e-02 5.2735e-01
0.0000e+00 5.0000e-01 5.0000e-02 5.0000e-01 4.6400e-01 1.0000e-02 5.0000e-01 1.0000e-02 5.0000e-01 1.0000e-02 1.0000e+10
0.0000e+00 6.4076e-02 5.0000e-02 6.8687e-02 4.7300e-01 1.6076e-02 4.6147e-01 4.6881e-02 5.0000e-02 1.0000e-02 4.8603e-01
0.0000e+00 5.0000e-01 5.0000e-02 4.9996e-01 4.8200e-01 1.0000e-02 5.0000e-02 1.0000e-01 5.0000e-02 1.0000e-02 1.0000e+10
0.0000e+00 5.0000e-02 1.9709e-01 1.0297e-01 4.9100e-01 2.8713e-02 3.5315e-01 8.7688e-02 2.1517e-01 9.3557e-02 7.8999e-01
