0.0000e+00 4.6957e-01 4.8321e-01 3.6997e-01 5.0010e-02 1.0000e-02 5.8542e-02 9.9387e-02 2.8589e-01 3.9234e-02 6.9468e-01
0.0000e+00 6.1961e-02 2.1832e-01 8.9201e-02 1.2746e-01 1.1800e-02 1.0540e-01 3.8807e-02 1.7362e-01 6.9407e-02 2.5641e-01
0.0000e+00 1.8490e-01 3.3223e-01 1.3324e-01 2.8801e-01 1.3600e-02 2.6725e-01 3.1275e-02 1.7634e-01 1.0000e-02 2.7331e-01
0.0000e+00 1.7611e-01 1.5535e-01 1.3035e-01 1.1174e-01 1.5400e-02 1.0449e-01 5.2133e-02 1.2563e-01 1.0534e-02 2.3929e-01
0.0000e+00 1.8414e-01 1.8117e-01 1.4935e-01 1.4156e-01 1.7200e-02 1.4118e-01 4.4025e-02 1.1832e-01 1.0000e-02 2.4148e-01
0.0000e+00 1.7295e-01 4.8249e-01 1.0853e-01 4.1771e-01 1.9000e-02 3.0872e-01 3.2939e-02 2.5501e-01 1.0000e-02 2.9551e-01
0.0000e+00 1.1806e-01 2.7207e-01 1.0393e-01 1.6484e-01 2.0800e-02 1.3188e-01 3.0709e-02 1.7931e-01 4.8248e-02 2.6615e-01
0.0000e+00 5.1588e-02 3.0813e-01 9.3196e-02 1.7932e-01 2.2600e-02 1.6619e-01 2.3165e-02 2.0403e-01 7.1620e-02 2.7908e-01
0.0000e+00 5.0000e-02 2.6382e-01 5.0194e-02 2.4973e-01 2.4400e-02 1.5949e-01 2.9193e-02 2.5758e-01 7.0773e-02 3.4359e-01
0.0000e+00 5.0000e-01 5.0003e-02 5.0000e-01 5.0000e-01 2.6200e-02 5.0000e-02 1.0000e-01 5.0000e-02 1.0000e-01 1.0000e+10
0.0000e+00 5.3934e-02 2.4391e-01 8.4182e-02 1.6761e-01 2.8000e-02 1.3955e-01 2.9209e-02 1.8481e-01 6.9348e-02 2.7614e-01
0.0000e+00 5.0000e-02 2.6630e-01 5.0000e-02 2.5140e-01 2.9800e-02 1.5880e-01 2.9466e-02 2.6006e-01 6.9998e-02 3.4282e-01
0.0000e+00 1.7207e-01 1.6450e-01 1.2593e-01 1.2566e-01 3.1600e-02 1.0725e-01 5.0282e-02 1.2807e-01 1.0000e-02 2.3825e-01
0.0000e+00 6.1733e-02 2.1210e-01 1.2649e-01 8.2915e-02 3.3400e-02 7.4287e-02 5.0321e-02 1.5934e-01 7.0382e-02 2.4132e-01
0.0000e+00 8.1383e-02 2.2064e-01 9.7908e-02 1.3111e-01 3.5200e-02 1.0375e-01 3.5295e-02 1.7096e-01 6.7459e-02 2.5365e-01
0.0000e+00 6.2550e-02 2.4628e-01 1.1886e-01 1.3914e-01 3.7000e-02 1.3094e-01 3.2637e-02 1.5744e-01 6.5305e-02 2.6370e-01
0.0000e+00 9.8335e-02 2.1298e-01 9.8334e-02 1.3340e-01 3.8800e-02 1.0245e-01 4.1247e-02 1.6450e-01 4.7947e-02 2.4712e-01
0.0000e+00 1.6219e-01 1.6944e-01 1.4379e-01 1.0171e-01 4.0600e-02 9.1982e-02 5.3333e-02 1.2725e-01 1.4490e-02 2.3859e-01
0.0000e+00 5.0914e-02 4.5450e-01 9.7942e-02 1.8811e-01 4.2400e-02 1.5786e-01 1.9039e-02 2.6016e-01 7.8774e-02 3.0022e-01
0.0000e+00 1.6013e-01 1.6825e-01 1.2172e-01 1.1760e-01 4.4200e-02 9.3983e-02 5.3339e-02 1.3410e-01 1.1503e-02 2.3771e-01
0.0000e+00 1.7510e-01 2.2092e-01 1.4127e-01 1.7667e-01 4.6000e-02 1.6084e-01 3.8123e-02 1.3184e-01 1.0693e-02 2.4385e-01
0.0000e+00 6.4565e-02 2.6583e-01 7.7781e-02 1.8550e-01 4.7800e-02 1.3259e-01 3.1768e-02 2.0162e-01 5.9874e-02 2.7330e-01
0.0000e+00 1.6612e-01 5.0000e-01 1.2308e-01 4.8374e-01 4.9600e-02 4.1057e-01 2.9297e-02 2.4624e-01 1.0115e-02 2.9588e-01
0.0000e+00 4.1713e-01 5.0000e-01 3.6804e-01 5.2027e-02 5.1400e-02 5.0068e-02 1.0000e-01 2.7721e-01 1.1115e-02 7.2030e-01
0.0000e+00 1.3550e-01 2.2830e-01 1.4844e-01 1.3684e-01 5.3200e-02 1.2730e-01 3.9814e-02 1.3373e-01 2.6791e-02 2.4083e-01
0.0000e+00 5.2507e-02 2.6410e-01 7.4580e-02 1.5526e-01 5.5000e-02 1.0552e-01 3.1392e-02 2.1372e-01 7.6342e-02 2.6515e-01
0.0000e+00 4.9853e-01 4.9603e-01 4.1923e-01 5.3662e-02 5.6800e-02 5.0000e-02 9.9965e-02 2.6118e-01 1.0027e-02 7.4158e-01
0.0000e+00 4.1945e-01 5.0000e-01 3.8181e-01 5.3773e-02 5.8600e-02 5.0000e-02 1.0000e-01 2.7083e-01 1.0000e-02 7.3274e-01
0.0000e+00 5.0000e-02 5.0770e-02 5.0000e-01 5.0000e-02 6.0400e-02 5.0000e-01 1.0000e-02 5.0000e-01 1.0000e-02 1.0000e+10
0.0000e+00 9.3389e-02 1.8920e-01 1.2002e-01 7.9727e-02 6.2200e-02 5.4244e-02 6.5355e-02 1.5852e-01 3.9514e-02 2.4156e-01
0.0000e+00 4.9982e-01 5.0000e-02 5.0000e-02 5.0000e-02 6.4000e-02 5.0000e-02 1.0000e-02 5.0000e-01 1.0000e-02 1.0000e+10
0.0000e+00 4.9999e-01 4.9999e-01 5.0000e-02 5.0000e-01 6.5800e-02 5.0001e-02 1.0000e-02 5.0000e-02 1.0000e-02 1.0000e+10
0.0000e+00 5.0000e-02 5.0000e-02 5.0000e-01 4.9990e-01 6.7600e-02 5.0000e-01 1.0000e-01 5.0000e-01 1.0000e-02 1.0000e+10
0.0000e+00 5.0773e-02 2.8530e-01 8.8225e-02 1.4595e-01 6.9400e-02 1.0370e-01 3.0855e-02 2.0448e-01 7.3218e-02 2.5624e-01
0.0000e+00 5.0450e-02 3.8677e-01 1.2873e-01 1.4843e-01 7.1200e-02 1.3497e-01 1.0766e-02 2.0931e-01 9.9993e-02 2.7703e-01
0.0000e+00 5.0622e-02 2.4508e-01 8.5229e-02 1.3311e-01 7.3000e-02 8.7183e-02 3.8784e-02 1.9353e-01 7.1859e-02 2.4917e-01
0.0000e+00 5.0000e-01 5.0000e-01 5.0000e-01 5.0000e-02 7.4800e-02 5.0000e-02 1.0000e-02 5.0000e-02 1.0000e-01 1.0000e+10
0.0000e+00 5.0000e-02 2.7665e-01 5.0000e-02 2.6123e-01 7.6600e-02 1.5161e-01 3.1527e-02 2.6590e-01 6.3579e-02 3.3024e-01
0.0000e+00 9.1221e-02 2.4729e-01 9.3106e-02 1.5983e-01 7.8400e-02 1.0350e-01 3.7467e-02 1.7986e-01 4.9301e-02 2.4961e-01
0.0000e+00 5.0000e-02 5.0000e-01 5.0000e-02 5.0000e-01 8.0200e-02 4.4533e-01 4.4410e-02 5.0000e-01 1.0000e-02 5.9711e-01
0.0000e+00 5.0000e-01 3.5554e-01 3.4236e-01 8.5221e-02 8.2000e-02 5.0023e-02 3.8067e-02 1.1158e-01 1.0009e-02 4.8385e-01
0.0000e+00 2.4082e-01 1.7889e-01 1.9139e-01 5.2246e-02 8.3800e-02 5.0650e-02 4.5192e-02 1.5202e-01 1.0000e-02 6.5106e-01
0.0000e+00 6.6100e-02 2.2940e-01 8.6680e-02 1.6411e-01 8.5600e-02 1.0204e-01 4.2298e-02 1.7123e-01 4.9278e-02 2.6790e-01
0.0000e+00 5.0000e-02 2.5692e-01 5.6365e-02 2.1648e-01 8.7400e-02 1.2983e-01 3.6192e-02 2.3852e-01 5.7616e-02 3.0511e-01
0.0000e+00 1.5015e-01 2.5104e-01 1.0672e-01 1.8869e-01 8.9200e-02 1.2741e-01 3.9706e-02 1.6737e-01 1.5075e-02 2.5234e-01
0.0000e+00 7.5567e-02 3.5085e-01 1.1884e-01 1.8905e-01 9.1000e-02 1.6253e-01 2.1632e-02 1.9477e-01 6.1054e-02 2.5824e-01
0.0000e+00 9.4056e-02 3.1129e-01 8.9530e-02 2.1437e-01 9.2800e-02 1.4888e-01 3.0971e-02 2.1205e-01 4.2654e-02 2.6762e-01
0.0000e+00 1.3034e-01 2.4568e-01 1.0362e-01 1.8288e-01 9.4600e-02 1.1922e-01 4.2937e-02 1.6337e-01 1.5981e-02 2.4868e-01
0.0000e+00 1.6912e-01 4.1776e-01 1.0444e-01 3.6246e-01 9.6400e-02 2.3602e-01 3.4287e-02 2.3307e-01 1.0000e-02 2.8535e-01
0.0000e+00 1.2901e-01 1.8085e-01 1.1445e-01 9.3439e-02 9.8200e-02 5.0000e-02 6.7489e-02 1.5348e-01 1.0000e-02 2.4127e-01
0.0000e+00 1.4483e-01 2.0952e-01 1.1111e-01 1.6715e-01 1.0000e-01 1.0863e-01 4.6400e-02 1.4622e-01 1.0000e-02 2.4255e-01
