0.0000e+00 1.2576e-01 1.9578e-01 1.5359e-01 7.4141e-02 7.7251e-02 5.0000e-02 6.3889e-02 1.4385e-01 2.4686e-02 2.4350e-01
0.0000e+00 5.0000e-02 2.1975e-01 1.0840e-01 8.5205e-02 5.7168e-02 5.9000e-02 5.3065e-02 1.7640e-01 7.5774e-02 2.4058e-01
0.0000e+00 5.0000e-01 5.0000e-02 5.0000e-02 5.0000e-01 1.0000e-01 6.8000e-02 1.0000e-02 5.0007e-02 1.0000e-01 1.0000e+10
0.0000e+00 1.5019e-01 1.8354e-01 1.2339e-01 1.1417e-01 8.1581e-02 7.7000e-02 5.5559e-02 1.4050e-01 1.0504e-02 2.3726e-01
0.0000e+00 5.0000e-01 5.0000e-01 4.9875e-01 5.0000e-02 1.0000e-01 8.6000e-02 1.0000e-01 5.0000e-02 1.0000e-02 1.0000e+10
0.0000e+00 5.0000e-02 3.0539e-01 1.1394e-01 1.3567e-01 9.9991e-02 9.5000e-02 2.9217e-02 1.8863e-01 7.6590e-02 2.4763e-01
0.0000e+00 5.4258e-02 2.2955e-01 1.0458e-01 1.1682e-01 2.5369e-02 1.0400e-01 3.8615e-02 1.6621e-01 6.9500e-02 2.4922e-01
0.0000e+00 1.6474e-01 2.2003e-01 1.3533e-01 1.5372e-01 9.5957e-02 1.1300e-01 4.2805e-02 1.3942e-01 1.1573e-02 2.3915e-01
0.0000e+00 1.6455e-01 2.0593e-01 1.5590e-01 1.3331e-01 5.7889e-02 1.2200e-01 4.2770e-02 1.2524e-01 1.5875e-02 2.3777e-01
0.0000e+00 1.7612e-01 2.0711e-01 1.5529e-01 1.4452e-01 6.2025e-02 1.3100e-01 4.1407e-02 1.2453e-01 1.1256e-02 2.3810e-01
0.0000e+00 5.0000e-02 3.0312e-01 1.2421e-01 1.4375e-01 5.5173e-02 1.4000e-01 2.5596e-02 1.7272e-01 6.9721e-02 2.5049e-01
0.0000e+00 6.2319e-02 2.9954e-01 1.2499e-01 1.5299e-01 5.6588e-02 1.4900e-01 2.6558e-02 1.6983e-01 6.1453e-02 2.5116e-01
0.0000e+00 1.6778e-01 2.2843e-01 1.3301e-01 1.8603e-01 6.0968e-02 1.5800e-01 3.8558e-02 1.3800e-01 1.0000e-02 2.4577e-01
0.0000e+00 1.6526e-01 2.6406e-01 1.4514e-01 1.9916e-01 9.8975e-02 1.6700e-01 3.3936e-02 1.4366e-01 1.4261e-02 2.4636e-01
0.0000e+00 1.5550e-01 2.2314e-01 1.3993e-01 1.7436e-01 2.6284e-02 1.7600e-01 3.6516e-02 1.3363e-01 1.7341e-02 2.4847e-01
0.0000e+00 1.8653e-01 2.1990e-01 1.5321e-01 1.7775e-01 1.8292e-02 1.8500e-01 3.6154e-02 1.2575e-01 1.0070e-02 2.4558e-01
0.0000e+00 5.0000e-02 5.0000e-02 5.0000e-02 5.0000e-02 1.0000e-01 1.9400e-01 1.0000e-01 5.0000e-02 1.0000e-01 1.0000e+10
0.0000e+00 1.8825e-01 2.4481e-01 1.5253e-01 2.0331e-01 2.7313e-02 2.0300e-01 3.3761e-02 1.3216e-01 1.0306e-02 2.4937e-01
0.0000e+00 1.6890e-01 2.5971e-01 1.4269e-01 2.2019e-01 5.1423e-02 2.1200e-01 3.2208e-02 1.4265e-01 1.3252e-02 2.5454e-01
0.0000e+00 1.4988e-01 3.4071e-01 1.3082e-01 2.5475e-01 6.9104e-02 2.2100e-01 2.9180e-02 1.7800e-01 2.2279e-02 2.6342e-01
0.0000e+00 1.6539e-01 3.5392e-01 1.4405e-01 2.6585e-01 9.7265e-02 2.3000e-01 2.9541e-02 1.7133e-01 1.5325e-02 2.5969e-01
0.0000e+00 1.5561e-01 3.4856e-01 1.3734e-01 2.7067e-01 9.2298e-02 2.3900e-01 2.8848e-02 1.7532e-01 1.7311e-02 2.6240e-01
0.0000e+00 1.9504e-01 2.8195e-01 1.5265e-01 2.4225e-01 1.2577e-02 2.4800e-01 3.0714e-02 1.4443e-01 1.0000e-02 2.5866e-01
0.0000e+00 1.9488e-01 2.8642e-01 1.5190e-01 2.5119e-01 1.0000e-02 2.5700e-01 3.0409e-02 1.4606e-01 1.0013e-02 2.6049e-01
0.0000e+00 5.0000e-02 5.0002e-02 5.0000e-01 5.0000e-02 1.0000e-01 2.6600e-01 1.0000e-02 5.0000e-02 1.0000e-02 1.0000e+10
0.0000e+00 1.5523e-01 5.0000e-01 1.2921e-01 3.3854e-01 1.0000e-01 2.7500e-01 2.7690e-02 2.3664e-01 1.9629e-02 2.8009e-01
0.0000e+00 1.8994e-01 3.1296e-01 1.4687e-01 2.8280e-01 1.1502e-02 2.8400e-01 2.9684e-02 1.5809e-01 1.0042e-02 2.6714e-01
0.0000e+00 5.2800e-02 4.7798e-01 5.0000e-02 5.0000e-01 1.0000e-01 2.9300e-01 3.5259e-02 3.9777e-01 4.0668e-02 3.7059e-01
0.0000e+00 5.0000e-02 4.7583e-01 8.7043e-02 3.2084e-01 4.3496e-02 3.0200e-01 2.7504e-02 2.8293e-01 4.5774e-02 3.3420e-01
0.0000e+00 5.0000e-01 5.0000e-02 5.0000e-01 5.0000e-01 1.0000e-01 3.1100e-01 1.0000e-01 5.0000e-01 1.0000e-02 1.0000e+10
0.0000e+00 5.0000e-02 5.0000e-02 7.5798e-02 3.1043e-01 1.0000e-02 3.2000e-01 5.9084e-02 5.0242e-02 1.0000e-02 4.8226e-01
0.0000e+00 5.0000e-02 5.0000e-01 5.0000e-02 5.0000e-01 3.0131e-02 3.2900e-01 3.3757e-02 4.2376e-01 4.4706e-02 3.8949e-01
0.0000e+00 1.8989e-01 3.9688e-01 1.4734e-01 3.4326e-01 1.6209e-02 3.3800e-01 2.8115e-02 1.8637e-01 1.0065e-02 2.7623e-01
0.0000e+00 5.0000e-02 5.0000e-02 5.0000e-02 5.0000e-02 1.0000e-02 3.4700e-01 1.0000e-01 5.0000e-02 1.0000e-02 1.0000e+10
0.0000e+00 5.0000e-02 5.0000e-01 4.9999e-01 5.0000e-02 1.0000e-01 3.5600e-01 1.0000e-01 5.0000e-02 1.0000e-02 1.0000e+10
0.0000e+00 1.6933e-01 4.7761e-01 1.3837e-01 4.0455e-01 7.9589e-02 3.6500e-01 2.8209e-02 2.1958e-01 1.0612e-02 2.8175e-01
0.0000e+00 1.6523e-01 4.7817e-01 1.1044e-01 4.5679e-01 1.0000e-02 3.7400e-01 3.0946e-02 2.5766e-01 1.0000e-02 3.0056e-01
0.0000e+00 5.0000e-01 5.0000e-02 5.0000e-02 5.0000e-01 1.0000e-02 3.8300e-01 1.0000e-02 5.0000e-01 1.0000e-01 1.0000e+10
0.0000e+00 5.0000e-02 5.0000e-01 8.6257e-02 4.0000e-01 7.4059e-02 3.9200e-01 2.2193e-02 3.0049e-01 4.7879e-02 3.3990e-01
0.0000e+00 5.0000e-01 5.0000e-02 5.0000e-01 5.0000e-02 1.0000e-01 4.0100e-01 1.0000e-02 5.0000e-01 1.0000e-02 1.0000e+10
0.0000e+00 5.0000e-01 5.0000e-02 5.0000e-01 4.9999e-01 1.0000e-01 4.1000e-01 1.0000e-01 5.0000e-01 1.0000e-01 1.0000e+10
0.0000e+00 5.7136e-02 3.0827e-01 1.9675e-01 4.9688e-01 1.0000e-02 4.1900e-01 9.7245e-02 2.1540e-01 8.9526e-02 7.2556e-01
0.0000e+00 1.8400e-01 5.0000e-01 1.4177e-01 4.4510e-01 1.5083e-02 4.2800e-01 2.7352e-02 2.2873e-01 1.0000e-02 2.8937e-01
0.0000e+00 5.0000e-02 5.0000e-02 4.9957e-01 5.0000e-01 1.0000e-02 4.3700e-01 1.0000e-02 5.0000e-02 1.0000e-01 1.0000e+10
0.0000e+00 5.0000e-01 5.0000e-02 5.0000e-02 5.0000e-01 1.0000e-02 4.4600e-01 1.0000e-01 5.0000e-02 1.0000e-02 1.0000e+10
0.0000e+00 1.7750e-01 5.0000e-01 1.3710e-01 4.7423e-01 1.2045e-02 4.5500e-01 2.7459e-02 2.3398e-01 1.0000e-02 2.9399e-01
0.0000e+00 5.4883e-02 5.0000e-01 8.1756e-02 4.8464e-01 7.3193e-02 4.6400e-01 2.3371e-02 3.1383e-01 4.3374e-02 3.6125e-01
0.0000e+00 5.0000e-01 5.0000e-02 5.0000e-01 5.0000e-02 1.0000e-01 4.7300e-01 1.0000e-02 5.0000e-02 1.0000e-01 1.0000e+10
0.0000e+00 1.7125e-01 5.0000e-01 1.3242e-01 5.0000e-01 1.0000e-02 4.8200e-01 2.7460e-02 2.4084e-01 1.0000e-02 2.9964e-01
0.0000e+00 5.0000e-01 5.0000e-02 5.0000e-01 5.0000e-01 1.0000e-01 4.9100e-01 1.0000e-01 5.0000e-01 1.0000e-02 1.0000e+10
