0.0000e+00 5.0000e-02 2.8235e-01 1.0878e-01 9.2415e-02 1.0000e-01 2.0000e-02 8.3573e-02 1.3631e-01 1.0000e-02 8.4054e-01
0.0000e+00 3.4532e-01 4.9164e-01 3.2063e-01 1.4476e-01 1.0000e-01 2.4000e-02 9.4285e-02 1.0731e-01 1.0000e-02 1.1326e+00
0.0000e+00 1.0604e-01 2.0856e-01 9.5732e-02 7.1782e-02 4.9996e-02 2.8000e-02 8.5303e-02 1.4224e-01 1.0000e-02 7.0982e-01
0.0000e+00 5.0000e-02 4.0759e-01 2.1347e-01 1.1550e-01 9.5897e-02 3.2000e-02 9.7806e-02 1.2169e-01 1.0000e-02 9.2097e-01
0.0000e+00 5.0000e-02 5.0000e-01 1.9675e-01 1.2480e-01 7.9084e-02 3.6000e-02 1.0000e-01 1.4354e-01 3.1704e-02 1.0034e+00
0.0000e+00 5.0000e-02 4.8392e-01 2.7876e-01 1.2242e-01 4.2550e-02 4.0000e-02 1.0000e-01 1.2287e-01 5.5643e-02 1.0651e+00
0.0000e+00 5.0000e-02 3.3462e-01 1.8537e-01 9.8581e-02 5.9384e-02 4.4000e-02 1.0000e-01 1.2270e-01 1.0000e-02 8.1549e-01
0.0000e+00 5.0000e-02 3.2741e-01 1.8038e-01 1.0578e-01 7.7383e-02 4.8000e-02 1.0000e-01 1.5875e-01 4.1575e-02 8.3199e-01
0.0000e+00 5.0000e-02 2.4657e-01 1.5267e-01 1.2509e-01 8.9844e-02 5.2000e-02 1.0000e-01 1.2670e-01 1.0000e-02 7.8021e-01
0.0000e+00 5.0000e-02 1.2993e-01 5.0000e-02 8.5081e-02 7.8444e-02 5.6000e-02 8.4563e-02 2.7040e-01 3.7642e-02 8.3142e-01
0.0000e+00 1.0239e-01 5.0000e-02 5.0000e-02 1.0619e-01 1.4574e-02 6.0000e-02 8.5294e-02 9.5152e-02 1.0000e-02 8.5415e-01
0.0000e+00 5.0000e-01 1.9953e-01 3.0131e-01 8.9766e-02 2.6761e-02 6.4000e-02 4.7602e-02 9.4131e-02 1.0000e-02 6.1606e-01
0.0000e+00 1.0204e-01 2.9744e-01 1.5936e-01 1.1776e-01 7.8470e-02 6.8000e-02 7.1679e-02 1.3697e-01 1.0000e-02 6.3990e-01
0.0000e+00 2.5178e-01 2.4203e-01 1.8658e-01 1.5454e-01 7.3939e-02 7.2000e-02 5.3304e-02 1.1123e-01 1.9890e-02 6.5614e-01
0.0000e+00 5.0000e-02 2.6539e-01 1.6392e-01 8.5723e-02 3.1168e-02 7.6000e-02 7.6469e-02 1.3146e-01 1.0000e-02 6.9204e-01
0.0000e+00 2.7214e-01 1.7191e-01 1.9338e-01 1.1547e-01 3.3789e-02 8.0000e-02 5.5511e-02 9.9851e-02 1.0000e-02 4.9665e-01
0.0000e+00 9.6024e-02 2.5898e-01 1.4637e-01 9.8674e-02 2.9993e-02 8.4000e-02 3.6819e-02 1.5348e-01 6.9559e-02 3.6917e-01
0.0000e+00 1.5460e-01 1.8046e-01 1.6626e-01 8.5108e-02 2.8000e-02 8.8000e-02 4.4873e-02 1.2250e-01 3.3621e-02 2.6964e-01
0.0000e+00 5.0000e-02 2.0348e-01 9.3695e-02 1.0017e-01 4.4191e-02 9.2000e-02 4.4936e-02 1.7969e-01 5.7923e-02 3.2383e-01
0.0000e+00 5.0000e-02 1.4537e-01 8.4858e-02 1.1785e-01 7.7945e-02 9.6000e-02 5.5214e-02 1.5334e-01 4.3707e-02 4.3850e-01
0.0000e+00 6.5303e-02 2.2557e-01 1.1394e-01 1.1132e-01 3.7667e-02 1.0000e-01 4.0590e-02 1.5779e-01 5.6356e-02 3.0458e-01
0.0000e+00 7.8095e-02 1.4214e-01 1.0211e-01 1.4282e-01 9.5906e-02 1.0400e-01 5.5586e-02 1.2823e-01 2.6320e-02 3.7606e-01
0.0000e+00 5.0000e-02 1.9196e-01 8.0930e-02 1.1594e-01 2.4942e-02 1.0800e-01 3.8497e-02 1.7821e-01 6.4577e-02 3.0161e-01
0.0000e+00 1.0914e-01 2.0744e-01 1.1590e-01 1.1722e-01 2.6206e-02 1.1200e-01 3.6998e-02 1.5197e-01 4.4213e-02 2.8735e-01
0.0000e+00 5.3386e-02 2.6320e-01 1.1452e-01 1.1983e-01 4.7683e-02 1.1600e-01 2.7497e-02 1.7243e-01 7.1140e-02 2.7054e-01
0.0000e+00 9.4504e-02 2.0781e-01 1.2061e-01 1.1199e-01 1.0000e-02 1.2000e-01 2.9030e-02 1.5184e-01 6.7393e-02 2.7624e-01
0.0000e+00 5.0668e-02 2.1803e-01 9.4419e-02 1.2055e-01 1.0000e-02 1.2400e-01 2.5313e-02 1.7192e-01 8.1820e-02 2.8067e-01
0.0000e+00 5.0000e-02 2.8668e-01 1.0539e-01 1.2157e-01 1.0000e-02 1.2800e-01 1.5454e-02 1.9643e-01 1.0000e-01 2.6867e-01
0.0000e+00 5.9153e-02 2.8713e-01 1.0817e-01 1.2076e-01 1.0000e-02 1.3200e-01 1.5472e-02 1.9317e-01 9.2342e-02 2.7529e-01
0.0000e+00 7.2020e-02 2.6073e-01 1.3344e-01 1.1041e-01 1.3937e-02 1.3600e-01 1.9898e-02 1.6560e-01 8.2294e-02 2.6290e-01
0.0000e+00 7.7464e-02 2.3717e-01 1.1406e-01 1.2201e-01 1.0000e-02 1.4000e-01 2.1818e-02 1.6831e-01 7.4020e-02 2.6561e-01
0.0000e+00 1.3322e-01 2.1826e-01 1.4212e-01 1.2547e-01 2.1921e-02 1.4400e-01 2.8180e-02 1.4147e-01 4.3297e-02 2.5692e-01
0.0000e+00 1.4699e-01 2.4665e-01 1.1290e-01 1.8967e-01 1.0000e-01 1.4800e-01 3.3519e-02 1.6199e-01 1.3475e-02 2.6945e-01
0.0000e+00 1.2343e-01 2.6798e-01 1.3650e-01 1.4167e-01 3.0373e-02 1.5200e-01 2.3303e-02 1.5750e-01 4.8153e-02 2.6192e-01
0.0000e+00 1.6856e-01 2.2299e-01 1.3060e-01 1.5612e-01 1.0000e-02 1.5600e-01 2.7593e-02 1.4647e-01 3.2960e-02 2.6254e-01
0.0000e+00 1.4396e-01 2.1139e-01 1.1772e-01 1.6560e-01 2.3963e-02 1.6000e-01 3.0389e-02 1.4279e-01 2.5157e-02 2.7416e-01
0.0000e+00 1.1542e-01 2.3570e-01 1.1659e-01 1.7745e-01 8.7172e-02 1.6400e-01 2.5529e-02 1.5890e-01 3.7672e-02 2.7763e-01
0.0000e+00 1.7733e-01 2.5867e-01 1.3237e-01 1.7482e-01 2.1456e-02 1.6800e-01 2.7695e-02 1.5496e-01 2.3479e-02 2.7296e-01
0.0000e+00 1.3726e-01 2.0359e-01 1.1819e-01 1.5386e-01 1.0000e-02 1.7200e-01 2.7033e-02 1.4922e-01 3.4278e-02 2.7332e-01
0.0000e+00 1.2098e-01 2.4768e-01 1.1173e-01 1.7645e-01 2.2759e-02 1.7600e-01 2.7447e-02 1.6387e-01 3.3966e-02 2.7766e-01
0.0000e+00 1.5238e-01 2.2985e-01 1.2696e-01 1.7134e-01 2.1086e-02 1.8000e-01 2.1633e-02 1.5239e-01 4.0500e-02 2.7477e-01
0.0000e+00 1.5774e-01 2.3399e-01 1.2690e-01 1.7967e-01 1.0000e-02 1.8400e-01 2.7746e-02 1.4721e-01 2.5815e-02 2.7558e-01
0.0000e+00 1.8514e-01 2.0231e-01 1.2604e-01 1.8813e-01 1.0617e-02 1.8800e-01 3.0984e-02 1.3602e-01 1.0000e-02 2.7097e-01
0.0000e+00 1.5246e-01 2.4880e-01 1.3053e-01 1.8186e-01 1.0000e-02 1.9200e-01 2.3323e-02 1.5019e-01 3.3486e-02 2.7601e-01
0.0000e+00 1.6748e-01 2.1586e-01 1.4101e-01 1.8326e-01 3.3275e-02 1.9600e-01 3.1484e-02 1.3096e-01 1.1980e-02 2.7271e-01
0.0000e+00 1.8551e-01 2.2390e-01 1.3323e-01 2.0283e-01 3.1743e-02 2.0000e-01 2.8268e-02 1.4093e-01 1.3930e-02 2.7207e-01
0.0000e+00 1.0836e-01 2.8297e-01 1.2557e-01 1.8752e-01 5.2059e-02 2.0400e-01 2.2607e-02 1.6611e-01 3.9366e-02 2.7815e-01
0.0000e+00 1.9088e-01 1.8596e-01 1.3873e-01 1.8536e-01 1.0000e-02 2.0800e-01 2.8454e-02 1.2605e-01 1.2438e-02 2.7050e-01
0.0000e+00 1.6208e-01 2.6588e-01 1.3117e-01 2.1257e-01 4.1437e-02 2.1200e-01 2.4100e-02 1.5841e-01 2.5585e-02 2.7577e-01
0.0000e+00 1.2695e-01 2.7090e-01 1.3016e-01 1.9527e-01 3.0412e-02 2.1600e-01 2.2834e-02 1.5689e-01 3.4575e-02 2.7933e-01
0.0000e+00 1.5721e-01 2.7816e-01 1.3790e-01 2.1467e-01 5.3644e-02 2.2000e-01 2.3133e-02 1.5423e-01 2.4312e-02 2.7977e-01
