0.0000e+00 9.8795e-02 1.5729e-01 1.0692e-01 5.7101e-02 9.5595e-02 2.3000e-02 8.5277e-02 1.7393e-01 1.0000e-02 2.1528e+00
0.0000e+00 5.0000e-02 1.7378e-01 9.9132e-02 5.6413e-02 6.5100e-02 3.2000e-02 7.3409e-02 1.9253e-01 7.3649e-02 1.8159e+00
0.0000e+00 5.0023e-02 1.7979e-01 1.0176e-01 6.3706e-02 6.2261e-02 4.1000e-02 6.3902e-02 1.8445e-01 7.6033e-02 1.5813e+00
0.0000e+00 5.0000e-02 1.8732e-01 9.5861e-02 7.6419e-02 6.7192e-02 5.0000e-02 5.5119e-02 1.8290e-01 7.5896e-02 1.3820e+00
0.0000e+00 5.7605e-02 1.8640e-01 8.7768e-02 9.0127e-02 6.8972e-02 5.9000e-02 4.9771e-02 1.8164e-01 7.0148e-02 1.2682e+00
0.0000e+00 8.3027e-02 1.7469e-01 8.9172e-02 1.0082e-01 6.9047e-02 6.8000e-02 4.9490e-02 1.6906e-01 4.9614e-02 1.2199e+00
0.0000e+00 1.0717e-01 1.6343e-01 9.2257e-02 1.0985e-01 6.6481e-02 7.7000e-02 4.9576e-02 1.5721e-01 3.2603e-02 1.1977e+00
0.0000e+00 1.2502e-01 1.5739e-01 9.7960e-02 1.1572e-01 6.1744e-02 8.6000e-02 4.8788e-02 1.4780e-01 2.2626e-02 1.1884e+00
0.0000e+00 1.3200e-01 1.6270e-01 1.0917e-01 1.1698e-01 5.8441e-02 9.5000e-02 4.6206e-02 1.4164e-01 2.1537e-02 1.1826e+00
0.0000e+00 1.3930e-01 1.6735e-01 1.2029e-01 1.1825e-01 5.4863e-02 1.0400e-01 4.3930e-02 1.3586e-01 2.0377e-02 1.1778e+00
0.0000e+00 1.4737e-01 1.7110e-01 1.3109e-01 1.1976e-01 5.1156e-02 1.1300e-01 4.1965e-02 1.3042e-01 1.8880e-02 1.1740e+00
0.0000e+00 1.5586e-01 1.7403e-01 1.4148e-01 1.2138e-01 4.7070e-02 1.2200e-01 4.0253e-02 1.2537e-01 1.7305e-02 1.1711e+00
0.0000e+00 1.6477e-01 1.7631e-01 1.5154e-01 1.2307e-01 4.2707e-02 1.3100e-01 3.8761e-02 1.2066e-01 1.5635e-02 1.1690e+00
0.0000e+00 1.7489e-01 1.7737e-01 1.6132e-01 1.2483e-01 3.7771e-02 1.4000e-01 3.7540e-02 1.1610e-01 1.3619e-02 1.1675e+00
0.0000e+00 1.8498e-01 1.7823e-01 1.7076e-01 1.2673e-01 3.2919e-02 1.4900e-01 3.6432e-02 1.1194e-01 1.1707e-02 1.1666e+00
0.0000e+00 1.9520e-01 1.7886e-01 1.8024e-01 1.2842e-01 2.7531e-02 1.5800e-01 3.5401e-02 1.0805e-01 1.0033e-02 1.1662e+00
0.0000e+00 2.0209e-01 1.8171e-01 1.9018e-01 1.2919e-01 2.1662e-02 1.6700e-01 3.4068e-02 1.0488e-01 1.0005e-02 1.1662e+00
0.0000e+00 2.0890e-01 1.8496e-01 2.0062e-01 1.2994e-01 1.6486e-02 1.7600e-01 3.2763e-02 1.0181e-01 1.0000e-02 1.1668e+00
0.0000e+00 2.1216e-01 1.8590e-01 2.0248e-01 1.3329e-01 1.0000e-02 1.8500e-01 3.1858e-02 1.0097e-01 1.0000e-02 1.1690e+00
0.0000e+00 2.1075e-01 1.9011e-01 2.0007e-01 1.4029e-01 1.0000e-02 1.9400e-01 3.0885e-02 1.0194e-01 1.0000e-02 1.1777e+00
0.0000e+00 2.0938e-01 1.9450e-01 1.9782e-01 1.4729e-01 1.0000e-02 2.0300e-01 2.9990e-02 1.0302e-01 1.0000e-02 1.1934e+00
0.0000e+00 2.0816e-01 1.9900e-01 1.9575e-01 1.5431e-01 1.0000e-02 2.1200e-01 2.9165e-02 1.0422e-01 1.0000e-02 1.2153e+00
0.0000e+00 2.0700e-01 2.0367e-01 1.9384e-01 1.6133e-01 1.0000e-02 2.2100e-01 2.8408e-02 1.0552e-01 1.0000e-02 1.2424e+00
0.0000e+00 2.0589e-01 2.0845e-01 1.9204e-01 1.6834e-01 1.0000e-02 2.3000e-01 2.7712e-02 1.0692e-01 1.0000e-02 1.2740e+00
0.0000e+00 2.0484e-01 2.1341e-01 1.9039e-01 1.7535e-01 1.0000e-02 2.3900e-01 2.7070e-02 1.0842e-01 1.0000e-02 1.3097e+00
0.0000e+00 2.0376e-01 2.1844e-01 1.8881e-01 1.8234e-01 1.0000e-02 2.4800e-01 2.6483e-02 1.1000e-01 1.0000e-02 1.3487e+00
0.0000e+00 2.0270e-01 2.2359e-01 1.8733e-01 1.8931e-01 1.0000e-02 2.5700e-01 2.5946e-02 1.1165e-01 1.0000e-02 1.3907e+00
0.0000e+00 2.0166e-01 2.2886e-01 1.8594e-01 1.9628e-01 1.0000e-02 2.6600e-01 2.5453e-02 1.1338e-01 1.0000e-02 1.4353e+00
0.0000e+00 2.0056e-01 2.3423e-01 1.8461e-01 2.0322e-01 1.0000e-02 2.7500e-01 2.5003e-02 1.1519e-01 1.0000e-02 1.4822e+00
0.0000e+00 1.9948e-01 2.3969e-01 1.8335e-01 2.1015e-01 1.0000e-02 2.8400e-01 2.4589e-02 1.1705e-01 1.0000e-02 1.5310e+00
0.0000e+00 1.9841e-01 2.4520e-01 1.8214e-01 2.1707e-01 1.0000e-02 2.9300e-01 2.4210e-02 1.1896e-01 1.0000e-02 1.5814e+00
0.0000e+00 1.9725e-01 2.5082e-01 1.8097e-01 2.2396e-01 1.0000e-02 3.0200e-01 2.3867e-02 1.2094e-01 1.0000e-02 1.6333e+00
0.0000e+00 1.9616e-01 2.5654e-01 1.7983e-01 2.3088e-01 1.0000e-02 3.1100e-01 2.3549e-02 1.2299e-01 1.0000e-02 1.6870e+00
0.0000e+00 1.9498e-01 2.6225e-01 1.7865e-01 2.3783e-01 1.0000e-02 3.2000e-01 2.3264e-02 1.2511e-01 1.0000e-02 1.7422e+00
0.0000e+00 1.9378e-01 2.6815e-01 1.7747e-01 2.4482e-01 1.0000e-02 3.2900e-01 2.3006e-02 1.2733e-01 1.0000e-02 1.7990e+00
0.0000e+00 1.9256e-01 2.7408e-01 1.7629e-01 2.5183e-01 1.0000e-02 3.3800e-01 2.2771e-02 1.2962e-01 1.0000e-02 1.8572e+00
0.0000e+00 1.9133e-01 2.8006e-01 1.7511e-01 2.5889e-01 1.0000e-02 3.4700e-01 2.2561e-02 1.3197e-01 1.0000e-02 1.9165e+00
0.0000e+00 1.9007e-01 2.8615e-01 1.7393e-01 2.6596e-01 1.0000e-02 3.5600e-01 2.2369e-02 1.3440e-01 1.0000e-02 1.9769e+00
0.0000e+00 1.8886e-01 2.9246e-01 1.7280e-01 2.7307e-01 1.0000e-02 3.6500e-01 2.2196e-02 1.3691e-01 1.0000e-02 2.0382e+00
0.0000e+00 1.8762e-01 2.9879e-01 1.7167e-01 2.8019e-01 1.0000e-02 3.7400e-01 2.2041e-02 1.3949e-01 1.0000e-02 2.1002e+00
0.0000e+00 1.8639e-01 3.0519e-01 1.7056e-01 2.8735e-01 1.0000e-02 3.8300e-01 2.1903e-02 1.4211e-01 1.0000e-02 2.1628e+00
0.0000e+00 1.8516e-01 3.1162e-01 1.6946e-01 2.9454e-01 1.0000e-02 3.9200e-01 2.1779e-02 1.4478e-01 1.0000e-02 2.2258e+00
0.0000e+00 1.8402e-01 3.1820e-01 1.6842e-01 3.0175e-01 1.0000e-02 4.0100e-01 2.1663e-02 1.4751e-01 1.0000e-02 2.2891e+00
0.0000e+00 1.8281e-01 3.2492e-01 1.6738e-01 3.0896e-01 1.0000e-02 4.1000e-01 2.1564e-02 1.5032e-01 1.0000e-02 2.3526e+00
0.0000e+00 1.8171e-01 3.3185e-01 1.6642e-01 3.1624e-01 1.0000e-02 4.1900e-01 2.1472e-02 1.5318e-01 1.0000e-02 2.4161e+00
0.0000e+00 1.8056e-01 3.3865e-01 1.6544e-01 3.2348e-01 1.0001e-02 4.2800e-01 2.1392e-02 1.5606e-01 1.0000e-02 2.4796e+00
0.0000e+00 1.7950e-01 3.4553e-01 1.6451e-01 3.3078e-01 1.0000e-02 4.3700e-01 2.1318e-02 1.5897e-01 1.0000e-02 2.5429e+00
0.0000e+00 1.7847e-01 3.5265e-01 1.6364e-01 3.3808e-01 1.0000e-02 4.4600e-01 2.1251e-02 1.6196e-01 1.0000e-02 2.6058e+00
0.0000e+00 1.7745e-01 3.5961e-01 1.6277e-01 3.4540e-01 1.0000e-02 4.5500e-01 2.1194e-02 1.6493e-01 1.0000e-02 2.6685e+00
0.0000e+00 1.7647e-01 3.6690e-01 1.6195e-01 3.5277e-01 1.0000e-02 4.6400e-01 2.1142e-02 1.6798e-01 1.0000e-02 2.7307e+00
0.0000e+00 1.7552e-01 3.7414e-01 1.6116e-01 3.6013e-01 1.0001e-02 4.7300e-01 2.1095e-02 1.7105e-01 1.0000e-02 2.7923e+00
0.0000e+00 1.7467e-01 3.8169e-01 1.6045e-01 3.6751e-01 1.0000e-02 4.8200e-01 2.1050e-02 1.7420e-01 1.0000e-02 2.8535e+00
0.0000e+00 1.7383e-01 3.8896e-01 1.5973e-01 3.7493e-01 1.0004e-02 4.9100e-01 2.1011e-02 1.7729e-01 1.0000e-02 2.9140e+00
0.0000e+00 1.7302e-01 3.9657e-01 1.5906e-01 3.8233e-01 1.0000e-02 5.0000e-01 2.0976e-02 1.8048e-01 1.0000e-02 2.9739e+00
