0.0000e+00 5.6996e-02 4.3749e-01 2.0395e-01 1.6808e-01 8.8453e-02 2.0825e-01 1.0000e-02 1.4530e-01 6.7992e-02 2.5364e-01
0.0000e+00 1.4871e-01 3.8663e-01 3.9527e-01 1.1320e-01 7.1807e-02 1.7511e-01 1.1800e-02 7.5889e-02 4.5471e-02 2.3823e-01
0.0000e+00 1.1276e-01 3.8027e-01 3.7461e-01 9.7638e-02 5.1064e-02 1.5709e-01 1.3600e-02 8.3049e-02 5.3628e-02 2.3922e-01
0.0000e+00 3.6675e-01 3.6664e-01 5.0000e-01 1.5982e-01 9.8951e-02 2.3504e-01 1.5400e-02 5.7651e-02 1.0000e-02 2.4792e-01
0.0000e+00 2.0527e-01 3.4012e-01 3.7788e-01 1.2170e-01 6.7542e-02 1.8241e-01 1.7200e-02 7.6833e-02 3.1261e-02 2.3780e-01
0.0000e+00 5.2816e-02 3.5619e-01 1.5508e-01 1.5477e-01 1.0000e-01 1.4821e-01 1.9000e-02 1.6495e-01 7.1344e-02 2.4936e-01
0.0000e+00 8.9275e-02 3.3896e-01 1.7234e-01 1.5124e-01 8.8773e-02 1.5152e-01 2.0800e-02 1.5116e-01 5.9162e-02 2.4566e-01
0.0000e+00 2.2414e-01 3.0444e-01 3.5546e-01 1.1830e-01 6.4803e-02 1.6803e-01 2.2600e-02 7.9896e-02 2.3592e-02 2.3740e-01
0.0000e+00 7.3583e-02 3.3254e-01 1.6043e-01 1.5030e-01 8.4276e-02 1.6052e-01 2.4400e-02 1.5368e-01 5.2455e-02 2.5487e-01
0.0000e+00 1.7658e-01 3.2200e-01 3.8108e-01 8.6103e-02 7.5266e-02 1.0642e-01 2.6200e-02 8.2480e-02 3.3490e-02 2.3902e-01
0.0000e+00 2.6909e-01 2.6701e-01 3.4978e-01 1.1593e-01 6.2267e-02 1.5828e-01 2.8000e-02 7.8972e-02 1.1287e-02 2.3723e-01
0.0000e+00 5.0068e-02 3.0125e-01 1.1314e-01 1.3800e-01 8.5282e-02 1.0467e-01 2.9800e-02 1.8445e-01 7.1884e-02 2.4720e-01
0.0000e+00 1.3670e-01 2.8175e-01 1.5870e-01 1.5492e-01 9.6851e-02 1.3333e-01 3.1600e-02 1.4466e-01 3.2648e-02 2.4151e-01
0.0000e+00 1.4090e-01 2.7000e-01 1.4067e-01 1.7049e-01 9.7527e-02 1.3648e-01 3.3400e-02 1.5020e-01 2.7498e-02 2.4372e-01
0.0000e+00 2.0562e-01 2.6280e-01 3.0212e-01 9.4509e-02 7.9161e-02 1.0517e-01 3.5200e-02 9.2608e-02 1.7018e-02 2.3857e-01
0.0000e+00 2.0912e-01 2.5278e-01 2.5488e-01 1.1539e-01 9.6873e-02 1.1193e-01 3.7000e-02 1.0099e-01 1.0522e-02 2.3806e-01
0.0000e+00 5.0182e-02 2.6246e-01 8.0603e-02 1.3016e-01 9.3239e-02 7.0298e-02 3.8800e-02 2.0779e-01 7.7222e-02 2.4757e-01
0.0000e+00 1.1796e-01 2.6505e-01 9.1286e-02 1.6627e-01 7.8928e-02 9.9686e-02 4.0600e-02 1.8812e-01 3.3752e-02 2.5756e-01
0.0000e+00 1.9366e-01 2.5642e-01 3.1176e-01 7.7949e-02 9.4996e-02 6.6545e-02 4.2400e-02 9.3058e-02 1.5003e-02 2.4500e-01
0.0000e+00 1.2829e-01 2.2570e-01 1.7735e-01 9.7720e-02 6.1524e-02 9.1341e-02 4.4200e-02 1.2874e-01 3.4578e-02 2.3791e-01
0.0000e+00 1.5519e-01 2.1109e-01 1.2692e-01 1.4248e-01 9.1821e-02 9.9957e-02 4.6000e-02 1.4239e-01 1.2924e-02 2.3825e-01
0.0000e+00 5.2082e-02 2.1061e-01 5.5032e-02 1.1946e-01 6.5319e-02 5.2031e-02 4.7800e-02 2.1757e-01 8.4674e-02 2.4822e-01
0.0000e+00 5.0000e-02 2.5016e-01 7.9034e-02 1.2392e-01 9.7773e-02 5.8747e-02 4.9600e-02 2.0052e-01 6.5823e-02 2.5037e-01
0.0000e+00 1.1667e-01 1.9708e-01 9.6568e-02 1.2206e-01 8.0670e-02 7.1992e-02 5.1400e-02 1.6255e-01 3.1546e-02 2.3965e-01
0.0000e+00 8.9349e-02 1.9888e-01 8.0613e-02 1.2492e-01 9.1043e-02 6.3716e-02 5.3200e-02 1.7686e-01 4.1387e-02 2.4179e-01
0.0000e+00 1.0831e-01 1.8575e-01 7.0458e-02 1.4187e-01 8.4429e-02 6.9182e-02 5.5000e-02 1.7637e-01 2.5936e-02 2.4186e-01
0.0000e+00 1.4681e-01 1.7350e-01 1.0404e-01 1.2347e-01 7.5776e-02 7.7061e-02 5.6800e-02 1.4633e-01 1.0019e-02 2.3724e-01
0.0000e+00 1.3379e-01 1.9757e-01 1.4166e-01 9.1056e-02 8.1452e-02 6.3337e-02 5.8600e-02 1.4189e-01 1.7542e-02 2.4041e-01
0.0000e+00 5.0000e-02 2.2991e-01 1.8269e-01 5.0000e-02 3.3959e-02 5.0000e-02 6.0400e-02 1.5753e-01 8.1332e-02 2.4925e-01
0.0000e+00 1.3649e-01 2.0128e-01 1.6868e-01 7.5245e-02 8.1883e-02 5.2260e-02 6.2200e-02 1.3541e-01 1.6842e-02 2.4329e-01
0.0000e+00 1.3703e-01 1.5796e-01 8.9534e-02 1.1021e-01 6.9446e-02 6.3040e-02 6.4000e-02 1.5432e-01 1.0002e-02 2.3801e-01
0.0000e+00 1.2259e-01 1.6369e-01 7.1649e-02 1.2818e-01 9.7658e-02 5.6246e-02 6.5800e-02 1.6841e-01 1.0000e-02 2.3919e-01
0.0000e+00 1.0651e-01 1.6316e-01 7.3376e-02 1.0731e-01 8.1234e-02 5.0025e-02 6.7600e-02 1.7375e-01 2.5351e-02 2.3857e-01
0.0000e+00 1.2035e-01 1.5679e-01 8.4444e-02 9.9069e-02 6.9895e-02 5.3337e-02 6.9400e-02 1.6292e-01 1.6697e-02 2.3883e-01
0.0000e+00 1.2071e-01 1.5395e-01 8.9802e-02 9.8871e-02 7.0389e-02 5.5634e-02 7.1200e-02 1.5660e-01 1.2091e-02 2.3945e-01
0.0000e+00 8.9640e-02 1.7768e-01 1.4951e-01 5.0000e-02 2.3434e-02 5.0000e-02 7.3000e-02 1.6132e-01 6.1016e-02 2.5486e-01
0.0000e+00 5.0000e-02 5.0000e-01 5.0000e-02 5.0000e-02 1.0000e-01 6.7924e-02 7.4800e-02 4.8281e-01 6.8255e-02 6.2237e-01
0.0000e+00 1.1836e-01 1.3083e-01 6.3038e-02 1.0613e-01 5.8733e-02 5.0000e-02 7.6600e-02 1.6516e-01 1.0000e-02 2.3897e-01
0.0000e+00 5.0000e-02 1.6494e-01 7.9584e-02 8.1095e-02 4.5514e-02 5.0000e-02 7.8400e-02 1.8254e-01 5.7491e-02 2.5176e-01
0.0000e+00 1.1717e-01 1.2439e-01 6.5022e-02 9.8395e-02 4.9034e-02 5.0007e-02 8.0200e-02 1.6329e-01 1.0000e-02 2.4113e-01
0.0000e+00 5.0000e-02 1.5752e-01 7.4408e-02 8.0723e-02 3.9935e-02 5.0001e-02 8.2000e-02 1.8387e-01 5.3605e-02 2.5548e-01
0.0000e+00 5.0000e-02 5.0000e-01 5.0000e-02 5.0000e-02 1.0000e-01 6.8190e-02 8.3800e-02 4.7249e-01 5.1948e-02 6.1898e-01
0.0000e+00 1.1214e-01 1.1828e-01 6.5582e-02 9.1276e-02 3.7689e-02 5.0000e-02 8.5600e-02 1.6256e-01 1.0000e-02 2.4633e-01
0.0000e+00 1.0810e-01 1.1743e-01 6.5512e-02 9.0045e-02 3.7189e-02 5.0000e-02 8.7400e-02 1.6375e-01 1.1012e-02 2.4900e-01
0.0000e+00 6.0158e-02 1.4961e-01 7.6767e-02 8.1873e-02 4.9642e-02 5.0000e-02 8.9200e-02 1.7715e-01 2.9446e-02 2.6320e-01
0.0000e+00 1.0761e-01 1.0066e-01 5.4182e-02 9.2992e-02 1.7889e-02 5.0000e-02 9.1000e-02 1.6012e-01 1.0000e-02 2.5546e-01
0.0000e+00 5.0000e-02 5.0000e-01 5.0000e-02 5.0000e-02 1.0000e-01 6.8437e-02 9.2800e-02 4.6220e-01 3.5983e-02 6.1563e-01
0.0000e+00 1.0416e-01 1.1146e-01 6.7376e-02 8.1624e-02 2.5903e-02 5.0000e-02 9.4600e-02 1.6415e-01 1.0000e-02 2.6001e-01
0.0000e+00 1.0262e-01 1.1063e-01 6.7942e-02 8.0124e-02 2.4472e-02 5.0000e-02 9.6400e-02 1.6453e-01 1.0000e-02 2.6339e-01
0.0000e+00 8.1040e-02 1.2588e-01 7.1206e-02 8.1520e-02 3.9343e-02 5.0000e-02 9.8200e-02 1.7048e-01 1.0219e-02 2.6989e-01
0.0000e+00 5.0000e-02 1.4602e-01 8.3039e-02 7.2341e-02 3.7505e-02 5.0008e-02 1.0000e-01 1.7853e-01 3.1535e-02 2.8459e-01
