0.0000e+00 1.4684e-01 2.1991e-01 1.7339e-01 9.6816e-02 1.0000e-02 1.2019e-01 2.7500e-02 1.3162e-01 5.5897e-02 2.4883e-01
0.0000e+00 1.7849e-01 2.2001e-01 2.0574e-01 1.0791e-01 2.5150e-02 1.4052e-01 2.8000e-02 1.1387e-01 3.5351e-02 2.4909e-01
0.0000e+00 1.3973e-01 2.2226e-01 1.6369e-01 1.0838e-01 1.3107e-02 1.3041e-01 2.8500e-02 1.3157e-01 4.7967e-02 2.5018e-01
0.0000e+00 1.1867e-01 2.2710e-01 1.5803e-01 1.0172e-01 2.8969e-02 1.1515e-01 2.9000e-02 1.3782e-01 5.5770e-02 2.4893e-01
0.0000e+00 1.4343e-01 2.2407e-01 1.7503e-01 1.0017e-01 2.1882e-02 1.1856e-01 2.9500e-02 1.2843e-01 4.8510e-02 2.4990e-01
0.0000e+00 1.7334e-01 2.0376e-01 1.8851e-01 9.7913e-02 1.6242e-02 1.2609e-01 3.0000e-02 1.2099e-01 4.1120e-02 2.4882e-01
0.0000e+00 1.9374e-01 1.9214e-01 1.8551e-01 1.0747e-01 1.0000e-02 1.3620e-01 3.0500e-02 1.1638e-01 3.2691e-02 2.4877e-01
0.0000e+00 1.4899e-01 2.1110e-01 1.6960e-01 1.0260e-01 2.2970e-02 1.2017e-01 3.1000e-02 1.2787e-01 4.4527e-02 2.4827e-01
0.0000e+00 1.1022e-01 2.0684e-01 1.3461e-01 1.0004e-01 2.9821e-02 1.0387e-01 3.1500e-02 1.4702e-01 6.0415e-02 2.4902e-01
0.0000e+00 1.7410e-01 1.8949e-01 1.6804e-01 1.0749e-01 1.8904e-02 1.2862e-01 3.2000e-02 1.2231e-01 3.3453e-02 2.4854e-01
0.0000e+00 1.6534e-01 1.8850e-01 1.6054e-01 1.0740e-01 1.0418e-02 1.2808e-01 3.2500e-02 1.2498e-01 3.7078e-02 2.4799e-01
0.0000e+00 1.6908e-01 1.9111e-01 1.8038e-01 8.6903e-02 1.0000e-02 1.0935e-01 3.3000e-02 1.2443e-01 4.7296e-02 2.4710e-01
0.0000e+00 1.4549e-01 2.0311e-01 1.6768e-01 9.0673e-02 2.1691e-02 1.0640e-01 3.3500e-02 1.2950e-01 4.6482e-02 2.4730e-01
0.0000e+00 1.1330e-01 1.8590e-01 1.1803e-01 9.7518e-02 1.0345e-02 1.0047e-01 3.4000e-02 1.5152e-01 6.2208e-02 2.4812e-01
0.0000e+00 1.7540e-01 1.7737e-01 1.4981e-01 1.0216e-01 1.0000e-02 1.1130e-01 3.4500e-02 1.2978e-01 4.0028e-02 2.4821e-01
0.0000e+00 1.0127e-01 1.9778e-01 1.3935e-01 7.8776e-02 1.0000e-02 9.0942e-02 3.5000e-02 1.5097e-01 7.4979e-02 2.4830e-01
0.0000e+00 1.5039e-01 1.7661e-01 1.2992e-01 1.0108e-01 1.8177e-02 1.0287e-01 3.5500e-02 1.4064e-01 4.4548e-02 2.4838e-01
0.0000e+00 1.6423e-01 1.7568e-01 1.4980e-01 9.4226e-02 1.1314e-02 1.0394e-01 3.6000e-02 1.2890e-01 4.1414e-02 2.4842e-01
0.0000e+00 9.7619e-02 1.9568e-01 1.2264e-01 8.4634e-02 2.4752e-02 8.2207e-02 3.6500e-02 1.5624e-01 7.1475e-02 2.4737e-01
0.0000e+00 1.3212e-01 1.7790e-01 1.1933e-01 9.3584e-02 2.0698e-02 8.8665e-02 3.7000e-02 1.4924e-01 5.4867e-02 2.4744e-01
0.0000e+00 1.7957e-01 1.6356e-01 1.3698e-01 1.1116e-01 1.0000e-02 1.1656e-01 3.7500e-02 1.2724e-01 2.5884e-02 2.4729e-01
0.0000e+00 1.4736e-01 1.6914e-01 1.2660e-01 8.8578e-02 1.0714e-02 8.8710e-02 3.8000e-02 1.4487e-01 5.4812e-02 2.4747e-01
0.0000e+00 1.5783e-01 1.6602e-01 1.2938e-01 1.0072e-01 1.7574e-02 9.8696e-02 3.8500e-02 1.3533e-01 3.9449e-02 2.4707e-01
0.0000e+00 1.7707e-01 1.5990e-01 1.3519e-01 1.0511e-01 2.5018e-02 1.0297e-01 3.9000e-02 1.2955e-01 2.8359e-02 2.4818e-01
0.0000e+00 1.1323e-01 1.7011e-01 1.0783e-01 8.3715e-02 1.0000e-02 7.7236e-02 3.9500e-02 1.5742e-01 7.1059e-02 2.4664e-01
0.0000e+00 1.0198e-01 1.7658e-01 9.9665e-02 8.6716e-02 2.1878e-02 7.1377e-02 4.0000e-02 1.6606e-01 7.5927e-02 2.4713e-01
0.0000e+00 1.3234e-01 1.6411e-01 1.2050e-01 8.9509e-02 1.0000e-02 8.9343e-02 4.0500e-02 1.4409e-01 5.3380e-02 2.4608e-01
0.0000e+00 1.1629e-01 1.5928e-01 1.0945e-01 8.1710e-02 1.0000e-02 7.6634e-02 4.1000e-02 1.5502e-01 7.2903e-02 2.4680e-01
0.0000e+00 1.3822e-01 1.7240e-01 1.1358e-01 9.7826e-02 2.9369e-02 8.2840e-02 4.1500e-02 1.4681e-01 4.3907e-02 2.4818e-01
0.0000e+00 1.1260e-01 1.6027e-01 9.9156e-02 8.1658e-02 1.0000e-02 7.2477e-02 4.2000e-02 1.6120e-01 7.0441e-02 2.4654e-01
0.0000e+00 1.1401e-01 1.6545e-01 9.7156e-02 9.3306e-02 2.9707e-02 7.5010e-02 4.2500e-02 1.6011e-01 5.7553e-02 2.4640e-01
0.0000e+00 1.2926e-01 1.5226e-01 1.0137e-01 9.1644e-02 2.1611e-02 7.7504e-02 4.3000e-02 1.5256e-01 5.4066e-02 2.4706e-01
0.0000e+00 1.4107e-01 1.4722e-01 1.0198e-01 9.0404e-02 1.2633e-02 7.8374e-02 4.3500e-02 1.4912e-01 4.9192e-02 2.4648e-01
0.0000e+00 1.2840e-01 1.4231e-01 9.6280e-02 8.6876e-02 1.0000e-02 7.4618e-02 4.4000e-02 1.5287e-01 5.9107e-02 2.4654e-01
0.0000e+00 1.2705e-01 1.5171e-01 8.8309e-02 9.5001e-02 3.1470e-02 6.8929e-02 4.4500e-02 1.5995e-01 5.1769e-02 2.4719e-01
0.0000e+00 1.6000e-01 1.4872e-01 1.1373e-01 9.5074e-02 2.5064e-02 8.1346e-02 4.5000e-02 1.4038e-01 3.5208e-02 2.4654e-01
0.0000e+00 1.0820e-01 1.4726e-01 8.8832e-02 8.4535e-02 1.0000e-02 7.0051e-02 4.5500e-02 1.6244e-01 6.9119e-02 2.4577e-01
0.0000e+00 1.9117e-01 1.2252e-01 1.0568e-01 1.0603e-01 1.0000e-02 8.8948e-02 4.6000e-02 1.2878e-01 1.8571e-02 2.4731e-01
0.0000e+00 1.4529e-01 1.4270e-01 1.0554e-01 9.1154e-02 1.7238e-02 7.7581e-02 4.6500e-02 1.4451e-01 4.4370e-02 2.4677e-01
0.0000e+00 1.2786e-01 1.5751e-01 1.1105e-01 8.4299e-02 2.1558e-02 7.4919e-02 4.7000e-02 1.4889e-01 4.8454e-02 2.4639e-01
0.0000e+00 1.3556e-01 1.4755e-01 8.1426e-02 9.9804e-02 4.0642e-02 6.3845e-02 4.7500e-02 1.6174e-01 4.2354e-02 2.4722e-01
0.0000e+00 1.1705e-01 1.4244e-01 8.7232e-02 8.2255e-02 1.0000e-02 6.6221e-02 4.8000e-02 1.6053e-01 6.1131e-02 2.4564e-01
0.0000e+00 9.6118e-02 1.5333e-01 8.9468e-02 7.7825e-02 1.4606e-02 6.3409e-02 4.8500e-02 1.6732e-01 7.3529e-02 2.4657e-01
0.0000e+00 1.5722e-01 1.2842e-01 9.7694e-02 9.0108e-02 1.0620e-02 7.5161e-02 4.9000e-02 1.4348e-01 3.6239e-02 2.4544e-01
0.0000e+00 1.2134e-01 1.2049e-01 6.3418e-02 9.0094e-02 1.0000e-02 5.5890e-02 4.9500e-02 1.6650e-01 6.4213e-02 2.4613e-01
0.0000e+00 1.0517e-01 1.4034e-01 7.7402e-02 7.6655e-02 1.0000e-02 5.7606e-02 5.0000e-02 1.7372e-01 7.4259e-02 2.4661e-01
0.0000e+00 8.8162e-02 1.5328e-01 7.2996e-02 8.0793e-02 3.0481e-02 5.2105e-02 5.0500e-02 1.8250e-01 7.7829e-02 2.4631e-01
0.0000e+00 1.4398e-01 1.2099e-01 8.5131e-02 8.8332e-02 1.0000e-02 6.9097e-02 5.1000e-02 1.4854e-01 3.9577e-02 2.4595e-01
0.0000e+00 1.2332e-01 1.2061e-01 6.3363e-02 8.4314e-02 1.0000e-02 5.1574e-02 5.1500e-02 1.7181e-01 6.8979e-02 2.4534e-01
0.0000e+00 1.3271e-01 1.1682e-01 7.0166e-02 9.2621e-02 1.0000e-02 6.2727e-02 5.2000e-02 1.5667e-01 4.6452e-02 2.4528e-01
0.0000e+00 1.4944e-01 1.1632e-01 6.8984e-02 1.0552e-01 2.2528e-02 6.4708e-02 5.2500e-02 1.5147e-01 2.7664e-02 2.4589e-01
