0.0000e+00 1.9600e-01 2.7311e-01 5.0000e-01 1.5604e-01 1.0000e-01 3.0559e-01 1.0000e-02 2.0000e-02 1.0000e-02 4.4682e-01
0.0000e+00 2.3364e-01 2.6895e-01 5.0000e-01 1.5772e-01 9.9999e-02 3.0025e-01 1.0000e-02 2.4000e-02 1.0000e-02 4.0190e-01
0.0000e+00 2.6797e-01 2.6624e-01 5.0000e-01 1.5541e-01 5.1299e-02 3.3755e-01 1.0000e-02 2.8000e-02 1.0000e-02 3.6397e-01
0.0000e+00 3.0047e-01 2.6601e-01 5.0000e-01 1.5673e-01 1.0000e-02 3.7282e-01 1.0000e-02 3.2000e-02 1.0000e-02 3.3269e-01
0.0000e+00 3.1190e-01 2.7627e-01 5.0000e-01 1.5218e-01 1.0000e-02 3.5588e-01 1.0000e-02 3.6000e-02 1.1440e-02 3.0904e-01
0.0000e+00 3.0479e-01 2.8876e-01 5.0000e-01 1.3841e-01 1.0000e-02 3.2024e-01 1.0000e-02 4.0000e-02 1.4982e-02 2.9011e-01
0.0000e+00 3.0688e-01 2.9807e-01 4.9999e-01 1.3020e-01 1.0000e-02 2.9604e-01 1.0033e-02 4.4000e-02 1.7783e-02 2.7551e-01
0.0000e+00 3.0071e-01 3.0809e-01 5.0000e-01 1.1917e-01 1.0000e-02 2.6969e-01 1.0000e-02 4.8000e-02 2.1427e-02 2.6534e-01
0.0000e+00 2.9398e-01 3.1964e-01 5.0000e-01 1.1060e-01 1.0000e-02 2.4133e-01 1.0000e-02 5.2000e-02 2.6045e-02 2.5903e-01
0.0000e+00 2.9433e-01 2.9967e-01 4.9224e-01 9.3744e-02 1.1184e-02 2.0392e-01 1.3748e-02 5.6000e-02 2.4272e-02 2.5619e-01
0.0000e+00 4.1363e-01 2.3932e-01 5.0000e-01 8.7087e-02 1.0000e-02 1.7246e-01 2.1470e-02 6.0000e-02 1.0000e-02 2.5614e-01
0.0000e+00 1.7397e-01 3.4337e-01 4.5379e-01 8.2628e-02 1.1883e-02 1.7979e-01 1.0863e-02 6.4000e-02 4.4412e-02 2.5221e-01
0.0000e+00 2.0946e-01 3.3192e-01 4.7351e-01 7.2031e-02 1.9539e-02 1.4253e-01 1.5617e-02 6.8000e-02 4.1423e-02 2.5130e-01
0.0000e+00 1.8109e-01 3.3916e-01 4.6774e-01 6.4141e-02 3.2515e-02 1.1535e-01 1.7065e-02 7.2000e-02 4.6028e-02 2.5096e-01
0.0000e+00 1.3109e-01 3.7172e-01 4.6345e-01 6.3887e-02 1.6050e-02 1.2867e-01 1.2621e-02 7.6000e-02 6.1114e-02 2.5004e-01
0.0000e+00 9.8111e-02 3.6464e-01 4.2359e-01 6.4513e-02 1.8725e-02 1.3002e-01 1.3103e-02 8.0000e-02 6.3687e-02 2.4993e-01
0.0000e+00 1.3888e-01 3.2658e-01 3.9465e-01 6.6663e-02 1.0000e-02 1.3429e-01 1.6275e-02 8.4000e-02 5.8079e-02 2.4929e-01
0.0000e+00 1.7469e-01 2.8618e-01 3.7741e-01 6.2529e-02 1.0000e-02 1.1493e-01 2.3248e-02 8.8000e-02 5.2222e-02 2.4917e-01
0.0000e+00 1.5749e-01 2.9212e-01 3.6466e-01 6.1029e-02 2.7667e-02 1.0039e-01 2.3587e-02 9.2000e-02 5.4477e-02 2.4968e-01
0.0000e+00 1.7937e-01 2.6839e-01 3.5720e-01 5.6495e-02 1.0000e-02 9.9734e-02 2.6673e-02 9.6000e-02 5.6950e-02 2.4928e-01
0.0000e+00 1.2221e-01 3.0907e-01 3.4160e-01 6.1633e-02 3.3128e-02 9.2724e-02 2.3587e-02 1.0000e-01 6.3820e-02 2.5041e-01
0.0000e+00 1.3456e-01 2.6973e-01 3.0361e-01 6.4168e-02 1.0878e-02 1.0903e-01 2.5565e-02 1.0400e-01 6.2721e-02 2.4771e-01
0.0000e+00 8.8232e-02 2.9058e-01 2.9466e-01 6.3830e-02 1.0000e-02 1.1189e-01 2.2585e-02 1.0800e-01 7.4316e-02 2.4805e-01
0.0000e+00 1.2043e-01 2.5855e-01 2.7836e-01 6.1706e-02 1.0000e-02 1.0267e-01 2.6551e-02 1.1200e-01 7.0766e-02 2.4860e-01
0.0000e+00 1.3204e-01 2.5166e-01 2.5457e-01 6.7868e-02 1.2588e-02 1.0333e-01 2.7590e-02 1.1600e-01 6.6533e-02 2.4860e-01
0.0000e+00 8.6945e-02 2.7356e-01 2.3047e-01 8.0737e-02 2.4313e-02 1.1756e-01 2.3619e-02 1.2000e-01 7.0046e-02 2.5114e-01
0.0000e+00 1.3283e-01 2.2132e-01 1.9150e-01 9.1808e-02 4.1545e-02 1.1054e-01 3.1381e-02 1.2400e-01 4.7745e-02 2.5111e-01
0.0000e+00 7.5605e-02 2.8152e-01 2.4944e-01 5.5372e-02 4.1986e-02 6.5477e-02 3.1313e-02 1.2800e-01 8.0196e-02 2.5699e-01
0.0000e+00 1.3754e-01 2.1545e-01 1.8130e-01 7.7890e-02 6.3253e-02 7.1552e-02 3.8730e-02 1.3200e-01 4.6369e-02 2.5267e-01
0.0000e+00 5.6585e-02 2.7977e-01 2.1709e-01 6.8810e-02 4.1268e-02 8.4951e-02 2.7549e-02 1.3600e-01 8.6830e-02 2.5103e-01
0.0000e+00 5.0000e-02 2.7050e-01 2.0145e-01 6.9773e-02 1.0000e-02 1.0413e-01 2.2370e-02 1.4000e-01 1.0000e-01 2.4962e-01
0.0000e+00 6.9832e-02 3.2589e-01 1.8574e-01 1.1584e-01 6.6850e-02 1.4158e-01 1.5046e-02 1.4400e-01 7.3164e-02 2.5626e-01
0.0000e+00 1.2585e-01 1.9225e-01 1.2211e-01 9.9511e-02 5.7988e-02 7.8414e-02 4.1598e-02 1.4800e-01 4.2168e-02 2.5151e-01
0.0000e+00 5.0000e-02 2.4843e-01 1.8721e-01 5.7878e-02 3.4415e-02 6.3666e-02 3.6897e-02 1.5200e-01 9.9891e-02 2.4995e-01
0.0000e+00 1.0163e-01 1.9515e-01 1.2642e-01 8.0641e-02 5.6566e-02 6.4875e-02 4.5818e-02 1.5600e-01 5.5072e-02 2.4972e-01
0.0000e+00 1.0175e-01 1.7495e-01 1.3009e-01 6.2848e-02 3.2505e-02 5.8635e-02 4.9843e-02 1.6000e-01 7.0412e-02 2.5220e-01
0.0000e+00 1.2122e-01 1.4682e-01 8.9681e-02 8.0567e-02 3.3853e-02 5.8070e-02 5.0170e-02 1.6400e-01 5.5590e-02 2.4738e-01
0.0000e+00 1.0529e-01 1.6887e-01 1.0576e-01 7.4519e-02 4.5766e-02 5.6447e-02 4.9488e-02 1.6800e-01 6.5039e-02 2.5067e-01
0.0000e+00 7.1351e-02 1.8184e-01 1.1267e-01 6.4185e-02 3.2173e-02 5.4315e-02 5.0069e-02 1.7200e-01 8.7485e-02 2.4824e-01
0.0000e+00 5.0000e-02 1.7320e-01 1.2201e-01 5.0000e-02 2.3576e-02 5.0000e-02 5.6920e-02 1.7600e-01 1.0000e-01 2.6318e-01
0.0000e+00 9.0127e-02 1.4400e-01 6.7403e-02 8.4123e-02 1.7702e-02 5.3409e-02 4.8921e-02 1.8000e-01 8.4855e-02 2.4704e-01
0.0000e+00 7.7560e-02 1.5137e-01 7.6447e-02 7.1465e-02 1.0000e-02 5.4282e-02 4.8237e-02 1.8400e-01 9.8911e-02 2.4628e-01
0.0000e+00 7.2941e-02 1.6371e-01 8.0244e-02 7.3497e-02 2.8910e-02 5.0870e-02 4.7960e-02 1.8800e-01 1.0000e-01 2.4632e-01
0.0000e+00 8.2933e-02 1.4621e-01 6.3892e-02 7.6923e-02 1.1438e-02 5.0000e-02 4.8476e-02 1.9200e-01 9.7544e-02 2.4639e-01
0.0000e+00 6.0019e-02 1.7143e-01 7.2907e-02 7.6370e-02 3.1355e-02 5.0000e-02 4.8252e-02 1.9600e-01 1.0000e-01 2.4704e-01
0.0000e+00 6.7724e-02 1.5869e-01 6.0416e-02 8.4134e-02 3.0027e-02 5.0000e-02 4.6147e-02 2.0000e-01 9.6857e-02 2.4831e-01
0.0000e+00 6.0893e-02 1.7569e-01 6.2732e-02 8.6995e-02 3.7955e-02 5.0000e-02 4.3635e-02 2.0400e-01 9.9871e-02 2.4854e-01
0.0000e+00 5.0596e-02 1.8692e-01 6.3995e-02 8.9008e-02 4.9408e-02 5.0000e-02 4.3483e-02 2.0800e-01 1.0000e-01 2.4997e-01
0.0000e+00 5.0000e-02 1.9357e-01 6.2601e-02 9.2141e-02 5.0449e-02 5.0722e-02 4.2187e-02 2.1200e-01 1.0000e-01 2.5173e-01
0.0000e+00 7.1122e-02 3.1015e-01 9.3167e-02 1.7633e-01 1.0000e-01 1.3646e-01 1.5666e-02 2.1600e-01 7.6219e-02 2.8537e-01
0.0000e+00 6.9508e-02 3.9476e-01 1.2192e-01 1.8385e-01 8.4038e-02 2.0705e-01 1.0000e-02 2.2000e-01 7.2978e-02 2.9442e-01
