0.0000e+00 5.0000e-01 5.0000e-02 5.0000e-02 5.0000e-02 1.0000e-02 5.0000e-01 1.0000e-01 5.0000e-02 1.0000e-01 1.0000e+10
0.0000e+00 5.0000e-02 5.0000e-02 5.0000e-01 5.0000e-02 1.0000e-02 5.0000e-01 1.0000e-01 5.9000e-02 1.0000e-02 1.0000e+10
0.0000e+00 1.5386e-01 6.9875e-02 1.0316e-01 2.4121e-01 1.0000e-02 2.0892e-01 4.3001e-02 6.8000e-02 1.0707e-02 3.8030e-01
0.0000e+00 5.7782e-02 7.0072e-02 5.0000e-02 1.8494e-01 9.9450e-02 5.0592e-02 9.7172e-02 7.7000e-02 1.0037e-02 7.6593e-01
0.0000e+00 1.9795e-01 1.1141e-01 1.4281e-01 1.8712e-01 1.0000e-02 1.8095e-01 4.0649e-02 8.6000e-02 1.0000e-02 3.2682e-01
0.0000e+00 5.0000e-02 5.0000e-02 5.0000e-02 5.0000e-02 1.0000e-02 5.0000e-01 1.0000e-02 9.5000e-02 1.0000e-01 1.0000e+10
0.0000e+00 5.0000e-02 5.0000e-02 5.0000e-01 5.0000e-01 1.0000e-02 5.0000e-02 9.9995e-02 1.0400e-01 1.0001e-02 1.0000e+10
0.0000e+00 5.0000e-02 5.0000e-01 5.0000e-02 5.0001e-02 1.0000e-02 5.0000e-01 1.0000e-02 1.1300e-01 1.0000e-01 1.0000e+10
0.0000e+00 5.0000e-01 5.0000e-01 5.0000e-01 5.0000e-01 1.0066e-02 5.0000e-02 1.0000e-02 1.2200e-01 1.0000e-02 1.0000e+10
0.0000e+00 1.4471e-01 2.0977e-01 1.5066e-01 1.1790e-01 3.8050e-02 1.1248e-01 4.3445e-02 1.3100e-01 2.6765e-02 2.3927e-01
0.0000e+00 1.2964e-01 1.7003e-01 1.2958e-01 9.0421e-02 2.5473e-02 8.3907e-02 5.2822e-02 1.4000e-01 3.7627e-02 2.4165e-01
0.0000e+00 5.0000e-02 5.0000e-02 5.0000e-01 5.0000e-02 1.0000e-01 5.0000e-01 1.0000e-02 1.4900e-01 1.0000e-01 1.0000e+10
0.0000e+00 5.0000e-01 5.0000e-02 5.0000e-01 5.0000e-01 1.0000e-02 5.0000e-01 1.0000e-01 1.5800e-01 1.0000e-01 1.0000e+10
0.0000e+00 5.0000e-01 5.0000e-01 5.0000e-02 5.0000e-02 1.0000e-01 5.0000e-02 1.0000e-02 1.6700e-01 1.0000e-02 1.0000e+10
0.0000e+00 8.6836e-02 2.5594e-01 1.0265e-01 1.4642e-01 8.6540e-02 9.7600e-02 3.8873e-02 1.7600e-01 4.8421e-02 2.4434e-01
0.0000e+00 5.0000e-02 7.6334e-02 5.0000e-02 4.9996e-01 9.9461e-02 3.2556e-01 1.0000e-01 1.8500e-01 9.7198e-02 8.5559e-01
0.0000e+00 5.0000e-02 5.0000e-02 5.0000e-01 5.0000e-02 1.0000e-02 5.0000e-02 1.0000e-02 1.9400e-01 1.0000e-02 1.0000e+10
0.0000e+00 5.0000e-02 3.1868e-01 1.0273e-01 1.7398e-01 4.1286e-02 1.7033e-01 2.4564e-02 2.0300e-01 7.0928e-02 2.8880e-01
0.0000e+00 5.6434e-02 3.6198e-01 1.0186e-01 1.8542e-01 8.7144e-02 1.4126e-01 2.7729e-02 2.1200e-01 6.0200e-02 2.6573e-01
0.0000e+00 5.0000e-02 3.0751e-01 8.1384e-02 1.6027e-01 1.0000e-01 9.1378e-02 3.0736e-02 2.2100e-01 7.6797e-02 2.5539e-01
0.0000e+00 5.0000e-01 4.9998e-01 5.0000e-02 5.0000e-02 1.0000e-01 5.0000e-02 1.0000e-01 2.3000e-01 1.0000e-02 1.0000e+10
0.0000e+00 5.0006e-02 5.0000e-02 5.0000e-02 5.0000e-02 1.0000e-01 5.0000e-02 1.0000e-01 2.3900e-01 1.0000e-02 1.0000e+10
0.0000e+00 5.0000e-02 5.0000e-02 6.1011e-02 4.9999e-01 1.0000e-01 5.0000e-02 1.0000e-02 2.4800e-01 1.0000e-01 1.0000e+10
0.0000e+00 5.0000e-02 5.0000e-01 5.0000e-02 5.0000e-02 1.0000e-02 5.0000e-02 9.9995e-02 2.5700e-01 1.0000e-02 1.0000e+10
0.0000e+00 5.0121e-02 3.4679e-01 6.7312e-02 1.9884e-01 1.0000e-01 1.1325e-01 2.7804e-02 2.6600e-01 7.4855e-02 2.7819e-01
0.0000e+00 5.0000e-02 3.3794e-01 7.1608e-02 1.8545e-01 4.8876e-02 1.5743e-01 3.6366e-02 2.7500e-01 5.3016e-02 4.2352e-01
0.0000e+00 5.0000e-02 5.0000e-01 5.0000e-01 5.0000e-02 1.0000e-01 5.0000e-01 1.0000e-01 2.8400e-01 1.0000e-02 1.0000e+10
0.0000e+00 5.0000e-02 2.8210e-01 5.0000e-02 2.1544e-01 9.9983e-02 1.2083e-01 2.3364e-02 2.9300e-01 9.0992e-02 3.5361e-01
0.0000e+00 5.0000e-02 5.0000e-02 5.0000e-02 5.0000e-02 1.0000e-02 5.0000e-01 1.0000e-01 3.0200e-01 1.0000e-01 1.0000e+10
0.0000e+00 5.0000e-02 5.0000e-01 5.0000e-01 5.0000e-02 1.0000e-02 5.0000e-02 1.0000e-02 3.1100e-01 1.0000e-02 1.0000e+10
0.0000e+00 5.0000e-02 1.6322e-01 5.0000e-02 5.0000e-01 1.0000e-02 3.0096e-01 9.5028e-02 3.2000e-01 1.0000e-01 8.7965e-01
0.0000e+00 5.0000e-01 5.0000e-02 5.0000e-02 5.0000e-01 1.0000e-01 5.0000e-02 1.0000e-02 3.2900e-01 1.0000e-02 1.0000e+10
0.0000e+00 5.0000e-02 3.0196e-01 5.0000e-02 2.4478e-01 9.1598e-02 1.6259e-01 2.6364e-02 3.3800e-01 8.7650e-02 4.9435e-01
0.0000e+00 8.2331e-02 4.9404e-01 1.8891e-01 2.0222e-01 1.4920e-02 1.6933e-01 9.9122e-02 3.4700e-01 8.9156e-02 7.5117e-01
0.0000e+00 5.0000e-01 5.0000e-01 5.0000e-01 5.0000e-02 1.0000e-01 5.0000e-02 1.0000e-01 3.5600e-01 1.0000e-01 1.0000e+10
0.0000e+00 5.0000e-02 3.1189e-01 5.0000e-02 2.1167e-01 1.0000e-02 1.7786e-01 4.8793e-02 3.6500e-01 5.6138e-02 6.6525e-01
0.0000e+00 5.6252e-02 4.5021e-01 1.0265e-01 5.0000e-01 9.9063e-02 2.7369e-01 9.9151e-02 3.7400e-01 5.0676e-02 8.1718e-01
0.0000e+00 5.4663e-02 5.0000e-01 1.5781e-01 2.1212e-01 1.5962e-02 1.6647e-01 9.8103e-02 3.8300e-01 1.0000e-01 7.7649e-01
0.0000e+00 5.0000e-02 5.0000e-02 5.0000e-01 5.0000e-02 1.0000e-01 5.0002e-02 1.0000e-01 3.9200e-01 1.0000e-02 1.0000e+10
0.0000e+00 5.0000e-01 5.0002e-02 5.0000e-01 5.0000e-02 1.0000e-02 4.9999e-01 1.0000e-02 4.0100e-01 1.0000e-01 1.0000e+10
0.0000e+00 5.0000e-01 5.0000e-02 5.0000e-02 5.0000e-01 1.0000e-01 5.0000e-02 1.0000e-02 4.1000e-01 1.0000e-01 1.0000e+10
0.0000e+00 5.0000e-02 5.0000e-02 5.0000e-01 5.0000e-02 1.0000e-01 5.0000e-02 1.0000e-01 4.1900e-01 1.0000e-01 1.0000e+10
0.0000e+00 5.0000e-02 5.0000e-01 1.2096e-01 3.5412e-01 9.2533e-02 2.5318e-01 8.1289e-02 4.2800e-01 8.5709e-02 8.1100e-01
0.0000e+00 5.0000e-02 5.0000e-01 1.1036e-01 4.2386e-01 1.0610e-02 3.2029e-01 6.9380e-02 4.3700e-01 9.9110e-02 8.1663e-01
0.0000e+00 5.0000e-02 5.0000e-01 1.0948e-01 4.4325e-01 9.9271e-02 3.1851e-01 7.0580e-02 4.4600e-01 9.1185e-02 8.1988e-01
0.0000e+00 5.0000e-01 5.0000e-01 5.0000e-01 5.0000e-02 1.0000e-01 5.0000e-02 1.0000e-02 4.5500e-01 1.0000e-01 1.0000e+10
0.0000e+00 5.0005e-02 5.0000e-01 1.1382e-01 5.0000e-01 1.0000e-02 4.9606e-01 5.2343e-02 4.6400e-01 1.0000e-01 8.4886e-01
0.0000e+00 5.0000e-01 4.9886e-01 5.0000e-02 5.0000e-01 1.0000e-01 5.0000e-02 1.0000e-01 4.7300e-01 1.0000e-01 1.0000e+10
0.0000e+00 5.0000e-02 5.0000e-02 5.0000e-02 5.0000e-02 1.0000e-01 5.0000e-02 1.0000e-02 4.8200e-01 1.0000e-01 1.0000e+10
0.0000e+00 5.0000e-02 5.0000e-01 5.0000e-02 5.0000e-02 1.0000e-02 5.0000e-01 1.0000e-02 4.9100e-01 1.0000e-02 1.0000e+10
