0.0000e+00 2.6854e-01 1.6402e-01 1.9416e-01 1.1722e-01 1.8474e-02 1.3526e-01 3.5191e-02 1.0656e-01 7.5000e-03 2.5480e-01
0.0000e+00 2.6836e-01 1.6762e-01 2.3900e-01 9.3622e-02 1.0000e-02 1.2904e-01 3.7074e-02 9.4900e-02 8.0000e-03 2.5096e-01
0.0000e+00 2.3528e-01 2.0947e-01 1.8218e-01 1.5951e-01 3.8213e-02 1.8130e-01 2.8603e-02 1.1718e-01 8.5000e-03 2.5803e-01
0.0000e+00 2.2374e-01 1.5818e-01 1.5716e-01 1.1632e-01 1.0000e-02 1.2707e-01 3.8336e-02 1.1503e-01 9.0000e-03 2.4940e-01
0.0000e+00 1.2248e-01 1.2177e-01 5.0000e-02 1.1716e-01 7.2681e-02 5.0000e-02 6.2796e-02 1.7433e-01 9.5000e-03 2.5633e-01
0.0000e+00 1.7485e-01 1.6343e-01 1.3459e-01 9.9496e-02 6.5287e-02 8.1553e-02 4.7024e-02 1.3077e-01 1.0000e-02 2.5184e-01
0.0000e+00 2.1590e-01 1.5021e-01 1.3652e-01 1.2884e-01 1.0000e-02 1.2964e-01 3.6650e-02 1.1934e-01 1.0500e-02 2.5239e-01
0.0000e+00 1.8928e-01 1.5631e-01 1.1670e-01 1.2494e-01 4.0571e-02 1.0566e-01 4.0328e-02 1.3385e-01 1.1000e-02 2.5260e-01
0.0000e+00 1.3058e-01 1.5154e-01 9.7619e-02 8.9405e-02 8.8716e-02 5.0000e-02 6.1843e-02 1.5344e-01 1.1500e-02 2.5425e-01
0.0000e+00 1.4661e-01 8.9719e-02 5.0000e-02 1.0122e-01 2.8225e-02 5.0000e-02 6.4390e-02 1.5758e-01 1.2000e-02 2.5907e-01
0.0000e+00 2.3187e-01 1.8837e-01 2.2610e-01 9.6577e-02 1.0573e-02 1.3736e-01 3.4631e-02 1.0093e-01 1.2500e-02 2.5386e-01
0.0000e+00 2.3985e-01 2.0616e-01 2.5603e-01 1.2489e-01 1.0000e-02 1.9746e-01 2.6125e-02 8.9173e-02 1.3000e-02 2.5486e-01
0.0000e+00 1.7968e-01 1.5538e-01 1.2201e-01 1.2570e-01 1.0000e-02 1.2862e-01 3.9065e-02 1.3057e-01 1.3500e-02 2.5977e-01
0.0000e+00 2.3975e-01 2.1229e-01 2.4099e-01 1.2658e-01 4.2447e-02 1.7147e-01 2.6259e-02 9.6858e-02 1.4000e-02 2.5695e-01
0.0000e+00 1.6708e-01 1.4111e-01 1.1530e-01 1.2610e-01 1.0000e-02 1.2611e-01 4.0897e-02 1.2593e-01 1.4500e-02 2.5590e-01
0.0000e+00 1.6629e-01 1.9991e-01 1.6641e-01 1.2608e-01 6.4623e-02 1.3375e-01 3.4970e-02 1.1893e-01 1.5000e-02 2.5514e-01
0.0000e+00 2.4745e-01 1.9165e-01 2.1153e-01 1.2343e-01 1.0000e-02 1.6335e-01 2.9163e-02 1.0503e-01 1.5500e-02 2.5123e-01
0.0000e+00 1.7888e-01 1.5174e-01 9.9726e-02 1.3588e-01 1.0000e-02 1.1380e-01 3.8874e-02 1.3883e-01 1.6000e-02 2.5401e-01
0.0000e+00 2.5292e-01 2.1699e-01 2.5616e-01 1.2995e-01 1.0000e-02 1.9222e-01 2.5464e-02 9.3444e-02 1.6500e-02 2.5508e-01
0.0000e+00 2.2263e-01 2.0313e-01 2.2071e-01 1.1413e-01 1.6374e-02 1.5925e-01 2.9415e-02 1.0277e-01 1.7000e-02 2.5150e-01
0.0000e+00 1.2435e-01 1.1905e-01 5.0000e-02 1.0994e-01 5.6885e-02 5.0000e-02 6.1016e-02 1.7580e-01 1.7500e-02 2.5862e-01
0.0000e+00 2.0816e-01 1.7269e-01 1.7507e-01 1.0807e-01 1.0000e-02 1.3490e-01 3.4607e-02 1.1429e-01 1.8000e-02 2.5095e-01
0.0000e+00 1.8882e-01 1.6790e-01 1.6274e-01 1.1216e-01 1.8090e-02 1.3230e-01 3.6140e-02 1.1550e-01 1.8500e-02 2.5032e-01
0.0000e+00 2.3868e-01 2.1031e-01 2.2958e-01 1.2691e-01 1.0000e-02 1.7933e-01 2.6502e-02 1.0178e-01 1.9000e-02 2.5172e-01
0.0000e+00 1.8811e-01 1.7850e-01 1.5247e-01 1.2001e-01 2.8661e-02 1.2793e-01 3.5540e-02 1.2353e-01 1.9500e-02 2.4979e-01
0.0000e+00 1.9657e-01 1.9759e-01 1.9150e-01 1.2090e-01 1.9715e-02 1.5451e-01 3.0633e-02 1.0893e-01 2.0000e-02 2.5328e-01
0.0000e+00 1.8600e-01 1.8437e-01 1.5067e-01 1.2816e-01 1.9701e-02 1.3700e-01 3.3925e-02 1.2244e-01 2.0500e-02 2.5157e-01
0.0000e+00 2.1417e-01 2.0391e-01 2.2125e-01 1.1065e-01 1.2784e-02 1.5983e-01 2.8523e-02 1.0343e-01 2.1000e-02 2.5073e-01
0.0000e+00 1.9856e-01 1.8744e-01 1.6978e-01 1.1953e-01 1.0000e-02 1.4298e-01 3.2522e-02 1.1753e-01 2.1500e-02 2.4900e-01
0.0000e+00 1.9114e-01 1.8034e-01 1.8721e-01 1.0605e-01 1.4113e-02 1.3942e-01 3.3871e-02 1.1059e-01 2.2000e-02 2.4957e-01
0.0000e+00 2.0596e-01 1.7696e-01 1.5386e-01 1.2392e-01 1.0000e-02 1.3779e-01 3.1868e-02 1.2326e-01 2.2500e-02 2.5222e-01
0.0000e+00 2.0833e-01 1.6455e-01 1.8373e-01 9.5027e-02 1.0000e-02 1.1889e-01 3.6760e-02 1.1125e-01 2.3000e-02 2.4774e-01
0.0000e+00 1.8652e-01 1.8038e-01 1.6761e-01 1.0279e-01 2.9292e-02 1.1680e-01 3.5643e-02 1.2016e-01 2.3500e-02 2.4976e-01
0.0000e+00 1.6962e-01 1.7378e-01 1.4463e-01 1.1565e-01 1.2270e-02 1.2986e-01 3.6518e-02 1.2520e-01 2.4000e-02 2.5055e-01
0.0000e+00 1.7495e-01 1.7707e-01 1.3748e-01 1.1652e-01 2.8714e-02 1.1625e-01 3.6050e-02 1.3055e-01 2.4500e-02 2.4949e-01
0.0000e+00 1.8761e-01 1.8764e-01 1.5238e-01 1.1932e-01 1.9304e-02 1.2823e-01 3.3970e-02 1.2715e-01 2.5000e-02 2.5086e-01
0.0000e+00 2.0960e-01 2.0393e-01 2.0249e-01 1.0708e-01 2.1005e-02 1.3192e-01 3.1682e-02 1.1208e-01 2.5500e-02 2.5035e-01
0.0000e+00 2.0091e-01 1.9854e-01 1.7416e-01 1.2187e-01 1.0000e-02 1.4684e-01 3.0242e-02 1.2044e-01 2.6000e-02 2.5237e-01
0.0000e+00 1.8582e-01 1.6707e-01 1.5623e-01 9.5273e-02 1.0000e-02 1.0937e-01 3.8802e-02 1.2351e-01 2.6500e-02 2.4795e-01
0.0000e+00 1.9643e-01 1.9441e-01 1.9220e-01 1.0185e-01 1.6683e-02 1.3079e-01 3.1753e-02 1.1381e-01 2.7000e-02 2.4971e-01
0.0000e+00 1.8521e-01 1.9024e-01 2.0005e-01 9.6333e-02 1.7870e-02 1.2853e-01 3.3909e-02 1.1054e-01 2.7500e-02 2.4890e-01
0.0000e+00 1.9264e-01 2.0460e-01 1.9321e-01 1.1216e-01 1.0000e-02 1.4810e-01 2.9657e-02 1.1376e-01 2.8000e-02 2.4914e-01
0.0000e+00 1.9357e-01 1.8674e-01 1.7421e-01 9.9449e-02 1.0000e-02 1.2090e-01 3.3864e-02 1.1993e-01 2.8500e-02 2.4987e-01
0.0000e+00 1.8077e-01 2.0017e-01 1.8898e-01 1.0648e-01 2.0232e-02 1.3577e-01 3.1496e-02 1.1481e-01 2.9000e-02 2.4920e-01
0.0000e+00 1.7294e-01 1.9595e-01 1.6900e-01 1.0775e-01 2.9027e-02 1.2139e-01 3.4485e-02 1.2295e-01 2.9500e-02 2.4933e-01
0.0000e+00 2.0435e-01 2.1267e-01 2.2621e-01 1.0614e-01 1.2239e-02 1.5259e-01 2.7374e-02 1.0547e-01 3.0000e-02 2.4920e-01
0.0000e+00 1.9384e-01 2.1395e-01 2.0340e-01 1.1651e-01 1.0000e-02 1.6014e-01 2.6805e-02 1.1213e-01 3.0500e-02 2.4939e-01
0.0000e+00 1.6312e-01 1.8172e-01 1.3165e-01 1.0960e-01 3.2281e-02 1.0086e-01 3.8172e-02 1.3625e-01 3.1000e-02 2.4930e-01
0.0000e+00 1.8612e-01 1.9410e-01 1.7581e-01 9.7244e-02 3.4197e-02 1.0459e-01 3.5532e-02 1.2312e-01 3.1500e-02 2.4921e-01
0.0000e+00 1.5813e-01 2.0608e-01 1.6291e-01 1.0650e-01 4.0830e-02 1.1289e-01 3.4468e-02 1.2764e-01 3.2000e-02 2.4925e-01
0.0000e+00 1.9154e-01 1.7270e-01 1.9506e-01 8.4330e-02 1.6132e-02 1.0586e-01 3.8067e-02 1.1287e-01 3.2500e-02 2.5020e-01
