0.0000e+00 1.8121e-01 1.8035e-01 1.4502e-01 1.4209e-01 1.0000e-02 1.4627e-01 4.2660e-02 1.2004e-01 1.0000e-02 2.4165e-01
0.0000e+00 1.7685e-01 1.7199e-01 1.4108e-01 1.3095e-01 1.0000e-02 1.3167e-01 4.5289e-02 1.2040e-01 1.1800e-02 2.4016e-01
0.0000e+00 5.0000e-02 5.0000e-01 5.0000e-02 5.0000e-01 9.9999e-02 5.0000e-02 1.0000e-01 5.0004e-02 1.3600e-02 1.0000e+10
0.0000e+00 1.2581e-01 1.9485e-01 1.2073e-01 1.3133e-01 8.0492e-02 9.6365e-02 5.2051e-02 1.4094e-01 1.5400e-02 2.4161e-01
0.0000e+00 6.2853e-02 1.5156e-01 8.8508e-02 1.3809e-01 1.0015e-02 1.3535e-01 6.2595e-02 1.3844e-01 1.7200e-02 3.2385e-01
0.0000e+00 5.0000e-01 5.0000e-02 5.0000e-02 5.0000e-01 1.0000e-02 5.0000e-02 1.0000e-01 5.0000e-01 1.9000e-02 1.0000e+10
0.0000e+00 5.0000e-02 1.7135e-01 7.1816e-02 1.8740e-01 1.0000e-01 1.6083e-01 5.3373e-02 1.7660e-01 2.0800e-02 4.0034e-01
0.0000e+00 9.5039e-02 9.0961e-02 7.4096e-02 3.7730e-01 1.0000e-02 3.3562e-01 3.9307e-02 9.1206e-02 2.2600e-02 4.7461e-01
0.0000e+00 4.9903e-01 5.0000e-02 5.0000e-01 5.0000e-02 1.0000e-01 5.0000e-01 1.0000e-01 5.0000e-02 2.4400e-02 1.0000e+10
0.0000e+00 5.5660e-02 1.9430e-01 1.0678e-01 1.0532e-01 4.5733e-02 1.0270e-01 6.1965e-02 1.6241e-01 2.6200e-02 3.2617e-01
0.0000e+00 5.0000e-02 5.0000e-02 5.0000e-02 5.0002e-02 1.0000e-01 5.0000e-01 1.0000e-01 5.0000e-02 2.8000e-02 1.0000e+10
0.0000e+00 1.1780e-01 2.5512e-01 1.1491e-01 1.7236e-01 1.0000e-01 1.2360e-01 3.6446e-02 1.6123e-01 2.9800e-02 2.4754e-01
0.0000e+00 5.0000e-02 5.0000e-02 5.0000e-01 5.0000e-01 1.0000e-02 5.0000e-02 1.0000e-02 5.0000e-02 3.1600e-02 1.0000e+10
0.0000e+00 5.0000e-01 5.0000e-02 5.0000e-02 4.9937e-01 1.0000e-02 5.0000e-02 1.0000e-01 5.0000e-01 3.3400e-02 1.0000e+10
0.0000e+00 5.0000e-02 5.0000e-01 5.0000e-02 5.0000e-02 1.0000e-02 5.0000e-02 1.0000e-02 5.0000e-01 3.5200e-02 1.0000e+10
0.0000e+00 5.0001e-02 5.0000e-01 5.0000e-01 5.0080e-02 1.0000e-02 5.0000e-01 1.0000e-01 5.0000e-02 3.7000e-02 1.0000e+10
0.0000e+00 5.0000e-02 5.0000e-02 5.0000e-01 5.0000e-02 1.0000e-01 5.0000e-01 9.9432e-02 5.0000e-02 3.8800e-02 1.0000e+10
0.0000e+00 5.0000e-02 2.5698e-01 7.0089e-02 2.0987e-01 1.0000e-01 1.2892e-01 4.1055e-02 1.9850e-01 4.0600e-02 3.1701e-01
0.0000e+00 5.0000e-01 5.0000e-01 5.0000e-01 5.0000e-02 1.0000e-02 5.0000e-01 1.0000e-02 5.1334e-02 4.2400e-02 1.0000e+10
0.0000e+00 8.4552e-02 2.0320e-01 1.0937e-01 1.0674e-01 6.7353e-02 7.7226e-02 5.2443e-02 1.6101e-01 4.4200e-02 2.4176e-01
0.0000e+00 5.0000e-02 2.1590e-01 1.0442e-01 1.0445e-01 8.3071e-02 6.5836e-02 5.9286e-02 1.6573e-01 4.6000e-02 2.5212e-01
0.0000e+00 9.2627e-02 2.2022e-01 1.1175e-01 1.2149e-01 4.3582e-02 9.8920e-02 4.2445e-02 1.5745e-01 4.7800e-02 2.4206e-01
0.0000e+00 5.0000e-01 5.0000e-02 5.0000e-02 5.0000e-01 1.0000e-02 5.0000e-02 1.0000e-02 5.0000e-02 4.9600e-02 1.0000e+10
0.0000e+00 5.6314e-02 2.8937e-01 1.0811e-01 1.4844e-01 9.2681e-02 1.0277e-01 3.8043e-02 1.7518e-01 5.1400e-02 2.5625e-01
0.0000e+00 5.0774e-02 2.4996e-01 7.4434e-02 1.8122e-01 8.4531e-02 1.1992e-01 3.9330e-02 1.9943e-01 5.3200e-02 2.7357e-01
0.0000e+00 7.7597e-02 2.1547e-01 1.1922e-01 9.9313e-02 5.3358e-02 7.8788e-02 4.7974e-02 1.5784e-01 5.5000e-02 2.3963e-01
0.0000e+00 5.0000e-01 5.0000e-02 5.0000e-01 5.0000e-01 1.0000e-01 5.0000e-02 1.0000e-02 5.0000e-02 5.6800e-02 1.0000e+10
0.0000e+00 6.8658e-02 2.2925e-01 1.1278e-01 1.0460e-01 7.3375e-02 7.2054e-02 4.6866e-02 1.6644e-01 5.8600e-02 2.4047e-01
0.0000e+00 5.0000e-02 5.0000e-01 5.0000e-02 5.0000e-01 1.0000e-02 5.0000e-02 1.0000e-02 5.0000e-01 6.0400e-02 1.0000e+10
0.0000e+00 5.5763e-02 2.2038e-01 1.0261e-01 4.8559e-01 9.5232e-02 3.2101e-01 1.0000e-01 2.3599e-01 6.2200e-02 7.9100e-01
0.0000e+00 7.0331e-02 2.2650e-01 1.1930e-01 1.2024e-01 5.0634e-02 1.1584e-01 3.5463e-02 1.6216e-01 6.4000e-02 2.6159e-01
0.0000e+00 5.0000e-02 5.0000e-01 5.0000e-01 5.0000e-02 1.0000e-01 5.0000e-01 1.0000e-01 5.0000e-02 6.5800e-02 1.0000e+10
0.0000e+00 5.0000e-02 5.0000e-02 5.0000e-01 5.0000e-02 1.0000e-01 5.0000e-02 1.0000e-01 5.0000e-02 6.7600e-02 1.0000e+10
0.0000e+00 5.0001e-02 5.0000e-01 5.0000e-01 5.0000e-01 1.0000e-02 5.0000e-02 1.0000e-02 5.0000e-01 6.9400e-02 1.0000e+10
0.0000e+00 5.0000e-01 5.0000e-02 5.0000e-02 5.0000e-01 1.0000e-02 5.0000e-02 1.0000e-01 5.0000e-02 7.1200e-02 1.0000e+10
0.0000e+00 6.3437e-02 5.5563e-02 5.0000e-02 2.8802e-01 1.0000e-02 2.0794e-01 2.3074e-02 7.2597e-02 7.3000e-02 4.5497e-01
0.0000e+00 5.0000e-01 5.0000e-02 5.0000e-02 5.0000e-01 1.0000e-01 5.0000e-01 1.0000e-02 5.0000e-01 7.4800e-02 1.0000e+10
0.0000e+00 5.0000e-01 5.0000e-01 5.0000e-02 5.0000e-02 1.0000e-02 5.0000e-02 1.0000e-01 5.0000e-02 7.6600e-02 1.0000e+10
0.0000e+00 5.0000e-02 4.9851e-01 1.2519e-01 5.0000e-01 1.0000e-01 5.0000e-01 5.9490e-02 4.4113e-01 7.8400e-02 8.5850e-01
0.0000e+00 5.0000e-01 5.0239e-02 5.0004e-02 4.9999e-01 1.0000e-02 5.0000e-01 1.0000e-02 5.0000e-01 8.0200e-02 1.0000e+10
0.0000e+00 5.0000e-01 5.0000e-01 5.0000e-02 5.0001e-02 1.0000e-01 5.0000e-02 1.0000e-02 5.0000e-01 8.2000e-02 1.0000e+10
0.0000e+00 5.0001e-02 3.0848e-01 1.0383e-01 1.6369e-01 2.1296e-02 1.6981e-01 1.8738e-02 2.0124e-01 8.3800e-02 2.8335e-01
0.0000e+00 5.1432e-02 2.9737e-01 1.0106e-01 1.3152e-01 9.9197e-02 7.2744e-02 3.6396e-02 2.0252e-01 8.5600e-02 2.9090e-01
0.0000e+00 5.0000e-01 5.0000e-01 5.0000e-02 5.0000e-01 9.9996e-02 5.0000e-02 1.0000e-01 5.0000e-01 8.7400e-02 1.0000e+10
0.0000e+00 5.0000e-01 5.0000e-01 5.0000e-01 5.0000e-02 1.0000e-02 5.0000e-01 1.0000e-01 5.0000e-01 8.9200e-02 1.0000e+10
0.0000e+00 5.0000e-02 5.0000e-01 5.0000e-01 5.0000e-01 1.0000e-02 5.0000e-01 1.0000e-01 5.0000e-02 9.1000e-02 1.0000e+10
0.0000e+00 5.0000e-02 5.0000e-01 5.0000e-01 5.0000e-02 1.0000e-02 5.0000e-01 1.0000e-02 5.0000e-02 9.2800e-02 1.0000e+10
0.0000e+00 5.0000e-02 5.0000e-01 5.0000e-02 5.0000e-01 1.0001e-02 5.0000e-02 1.0000e-02 5.0000e-01 9.4600e-02 1.0000e+10
0.0000e+00 5.0000e-02 2.7196e-01 5.0626e-02 1.8447e-01 2.3563e-02 1.1953e-01 2.9476e-02 2.9314e-01 9.6400e-02 4.3482e-01
0.0000e+00 5.0000e-02 5.0000e-02 5.0000e-01 5.0000e-02 1.0000e-02 4.9112e-01 1.0000e-02 5.0000e-01 9.8200e-02 1.0000e+10
0.0000e+00 5.0000e-02 2.9514e-01 7.0159e-02 1.6312e-01 1.0000e-02 1.3457e-01 1.6287e-02 2.4871e-01 1.0000e-01 3.2799e-01
