0.0000e+00 5.0000e-02 1.2284e-01 5.9824e-02 3.0990e-01 8.1754e-02 2.6030e-01 3.8341e-02 1.4000e-01 4.2800e-02 5.2344e-01
0.0000e+00 5.0000e-02 2.1397e-01 5.0000e-02 3.3958e-01 1.0000e-01 2.3099e-01 1.0000e-02 2.3976e-01 1.0000e-01 4.6695e-01
0.0000e+00 5.0000e-02 5.0000e-02 5.0000e-02 2.7558e-01 7.1627e-02 2.7492e-01 1.0000e-02 7.0945e-02 7.5525e-02 4.8679e-01
0.0000e+00 5.0000e-02 1.4271e-01 9.2746e-02 2.0403e-01 2.8659e-02 1.4000e-01 6.6976e-02 1.2335e-01 5.5373e-02 6.8183e-01
0.0000e+00 5.0000e-02 1.4145e-01 5.0000e-02 3.0890e-01 7.0364e-02 2.4302e-01 6.4045e-02 1.9293e-01 1.0000e-02 6.4776e-01
0.0000e+00 5.0000e-02 2.1200e-01 9.7108e-02 1.3362e-01 2.1961e-02 1.4000e-01 2.8000e-02 1.8019e-01 8.6733e-02 2.7671e-01
0.0000e+00 6.2793e-02 2.3995e-01 5.0000e-02 2.2270e-01 9.5086e-02 1.7246e-01 5.3444e-02 3.2443e-01 1.3276e-02 7.7539e-01
0.0000e+00 5.0000e-02 1.4000e-01 5.8668e-02 4.2731e-01 8.4305e-02 3.5152e-01 1.0000e-02 1.4278e-01 8.2839e-02 5.3914e-01
0.0000e+00 5.2488e-02 5.0000e-02 5.0000e-02 2.6006e-01 3.4074e-02 3.4603e-01 1.0000e-02 1.0655e-01 1.0000e-01 7.6453e-01
0.0000e+00 5.0000e-02 5.0000e-02 5.0000e-02 2.6091e-01 2.7152e-02 3.2114e-01 2.8817e-02 1.0394e-01 6.8351e-02 6.6894e-01
0.0000e+00 5.0000e-02 1.3331e-01 5.0000e-02 3.6670e-01 5.5320e-02 2.2238e-01 2.6874e-02 1.4227e-01 7.6015e-02 5.7087e-01
0.0000e+00 5.0000e-02 9.2835e-02 5.0000e-02 2.2099e-01 4.3729e-02 2.5911e-01 5.0294e-02 1.8220e-01 2.6638e-02 6.4403e-01
0.0000e+00 9.8407e-02 1.9314e-01 1.3280e-01 1.3509e-01 6.7471e-02 9.7512e-02 7.1853e-02 1.3266e-01 1.0000e-02 4.4855e-01
0.0000e+00 5.0000e-02 1.4390e-01 5.0000e-02 3.3850e-01 1.9239e-02 2.7627e-01 2.7990e-02 1.8516e-01 7.7578e-02 6.5428e-01
0.0000e+00 5.0000e-02 1.6168e-01 8.1369e-02 4.7673e-01 6.8976e-02 3.2139e-01 7.4775e-02 1.1848e-01 1.0000e-02 7.8943e-01
0.0000e+00 1.1417e-01 5.0000e-02 5.0000e-02 5.0000e-01 2.8000e-02 5.0000e-01 3.3347e-02 1.2166e-01 1.0000e-02 8.5085e-01
0.0000e+00 5.0000e-02 5.0000e-02 5.7686e-02 2.7066e-01 6.3710e-02 2.7503e-01 3.9429e-02 6.0175e-02 1.0000e-02 5.2942e-01
0.0000e+00 5.0000e-02 2.0400e-01 5.0000e-02 3.1817e-01 4.8324e-02 3.6803e-01 3.5344e-02 3.0298e-01 3.0345e-02 7.4992e-01
0.0000e+00 5.0000e-02 1.9539e-01 5.0000e-02 3.4626e-01 4.6306e-02 2.1200e-01 2.5122e-02 2.0895e-01 8.4901e-02 5.9882e-01
0.0000e+00 5.0000e-02 2.6877e-01 5.0000e-02 1.7975e-01 1.0000e-02 1.4205e-01 2.8295e-02 3.3711e-01 1.0000e-01 6.7895e-01
0.0000e+00 2.4086e-01 5.0000e-02 1.4000e-01 3.6479e-01 1.0000e-02 3.5016e-01 3.0723e-02 5.0000e-02 1.0447e-02 5.0466e-01
0.0000e+00 1.0656e-01 5.0000e-02 7.4727e-02 5.0000e-01 1.0000e-01 3.5736e-01 3.8322e-02 5.0000e-02 1.8625e-02 5.3115e-01
0.0000e+00 5.0000e-02 5.0000e-02 5.0000e-02 3.2084e-01 5.2161e-02 2.6486e-01 1.0000e-02 5.9316e-02 7.4919e-02 4.5848e-01
0.0000e+00 5.0000e-02 5.0000e-02 5.0000e-02 5.0000e-01 1.0000e-02 5.0000e-01 1.0000e-02 6.2601e-02 7.3123e-02 4.9346e-01
0.0000e+00 5.0000e-02 8.2847e-02 5.0000e-02 4.1927e-01 9.7665e-02 3.9195e-01 1.0000e-02 1.1631e-01 8.7207e-02 6.0719e-01
0.0000e+00 5.0000e-02 5.0000e-02 5.0000e-02 4.1000e-01 1.0000e-02 4.0430e-01 4.6543e-02 6.9153e-02 1.0000e-02 6.1841e-01
0.0000e+00 5.0000e-02 1.5900e-01 5.0000e-02 3.8155e-01 5.4155e-02 2.4956e-01 1.0000e-02 1.7232e-01 1.0000e-01 5.8384e-01
0.0000e+00 1.7102e-01 5.7953e-02 1.0146e-01 4.6461e-01 4.0918e-02 4.0449e-01 3.3930e-02 5.8631e-02 1.0000e-02 5.8948e-01
0.0000e+00 7.5502e-02 1.6060e-01 8.3922e-02 2.3019e-01 6.5068e-02 2.2982e-01 4.9531e-02 1.7093e-01 2.1440e-02 6.6044e-01
0.0000e+00 5.0000e-02 1.4151e-01 5.0000e-02 3.1365e-01 7.9451e-02 2.8838e-01 1.0000e-02 1.9491e-01 9.6130e-02 4.9192e-01
0.0000e+00 5.0000e-02 5.0000e-02 5.0000e-02 5.0000e-01 6.1921e-02 4.8866e-01 1.0000e-02 6.3276e-02 7.1096e-02 4.9276e-01
0.0000e+00 5.0000e-02 1.5505e-01 5.0000e-02 3.6799e-01 9.3244e-02 1.7262e-01 5.5338e-02 1.6083e-01 5.1556e-02 7.3943e-01
0.0000e+00 5.0000e-02 3.7677e-01 1.9420e-01 5.0000e-01 6.1063e-02 4.4163e-01 1.0000e-01 2.6085e-01 6.3592e-02 7.9058e-01
0.0000e+00 5.9948e-02 5.0000e-02 5.0000e-02 2.1069e-01 8.4054e-02 2.1397e-01 7.6160e-02 1.3849e-01 1.0000e-02 7.4131e-01
0.0000e+00 1.2270e-01 5.0000e-01 1.4000e-01 3.5185e-01 1.0000e-02 2.8209e-01 8.9075e-02 3.9581e-01 3.2333e-02 8.1118e-01
0.0000e+00 5.0000e-02 5.0000e-02 5.0000e-02 2.4884e-01 4.6371e-02 2.4485e-01 4.0292e-02 7.1049e-02 1.5427e-02 5.1002e-01
0.0000e+00 5.0000e-02 1.4374e-01 5.0000e-02 2.3960e-01 1.0000e-02 1.5375e-01 2.6038e-02 1.7285e-01 1.0000e-01 5.5023e-01
0.0000e+00 5.0000e-02 5.0000e-02 5.6911e-02 5.0000e-01 1.0000e-01 4.0884e-01 3.0084e-02 5.8040e-02 5.4738e-02 6.2600e-01
0.0000e+00 5.0000e-02 1.1194e-01 5.0000e-02 3.0144e-01 4.9190e-02 1.9554e-01 1.0000e-02 1.2493e-01 1.0000e-01 5.1355e-01
0.0000e+00 5.0000e-02 1.8696e-01 5.0000e-02 2.1875e-01 1.0000e-01 1.6135e-01 5.2237e-02 2.6451e-01 3.9337e-02 6.6701e-01
0.0000e+00 5.0000e-02 1.6104e-01 5.0000e-02 3.6117e-01 1.0000e-01 3.2327e-01 2.9593e-02 2.1112e-01 5.1258e-02 5.1326e-01
0.0000e+00 5.0000e-02 5.0000e-02 5.0000e-02 2.8973e-01 7.6747e-02 3.0623e-01 1.0000e-02 8.7731e-02 1.0000e-01 5.1284e-01
0.0000e+00 5.0000e-02 5.0000e-02 6.1636e-02 4.7359e-01 2.8000e-02 4.0002e-01 1.0000e-02 5.0000e-02 8.2000e-02 5.8896e-01
0.0000e+00 5.0000e-02 1.6696e-01 5.0000e-02 2.9219e-01 9.2608e-02 2.3757e-01 2.9466e-02 2.0956e-01 5.3199e-02 4.0995e-01
0.0000e+00 5.8483e-02 1.2553e-01 8.1602e-02 3.7173e-01 1.0000e-02 2.5086e-01 3.2648e-02 1.0102e-01 7.7546e-02 8.0700e-01
0.0000e+00 5.0000e-02 1.7708e-01 5.0000e-02 4.1000e-01 2.9821e-02 2.9171e-01 1.0000e-02 1.9472e-01 1.0000e-01 5.9435e-01
0.0000e+00 5.0000e-02 8.1237e-02 5.0000e-02 3.6814e-01 4.2522e-02 4.1329e-01 1.1661e-02 1.2879e-01 8.4909e-02 6.6627e-01
0.0000e+00 5.0000e-02 7.2094e-02 5.0000e-02 2.1307e-01 7.1076e-02 1.8944e-01 3.1793e-02 1.4000e-01 1.0000e-01 6.0069e-01
0.0000e+00 5.0000e-02 1.7066e-01 5.2084e-02 1.8152e-01 1.8579e-02 1.9134e-01 3.5124e-02 2.5348e-01 5.9591e-02 5.7433e-01
0.0000e+00 5.0000e-02 1.6302e-01 5.0000e-02 2.8778e-01 9.1038e-02 1.9573e-01 2.8000e-02 1.8305e-01 6.0817e-02 3.3331e-01
0.0000e+00 5.0000e-02 8.3544e-02 8.7579e-02 5.0000e-01 1.0000e-02 3.6123e-01 2.8000e-02 5.0000e-02 4.9275e-02 7.0338e-01
0.0000e+00 5.0000e-02 2.6289e-01 8.5735e-02 5.0000e-01 1.0000e-02 4.3351e-01 5.9967e-02 3.2539e-01 9.9154e-02 8.0289e-01
0.0000e+00 5.0000e-02 1.2200e-01 5.0000e-02 4.1358e-01 2.3969e-02 2.6801e-01 1.0000e-02 1.3057e-01 1.0000e-01 6.1758e-01
0.0000e+00 5.0000e-02 1.6424e-01 5.0000e-02 2.1979e-01 1.7004e-02 2.2114e-01 1.0000e-02 2.2539e-01 1.0000e-01 3.6899e-01
0.0000e+00 5.0000e-02 1.8973e-01 5.0000e-02 3.0274e-01 1.0000e-02 3.0003e-01 1.0000e-02 2.5327e-01 1.0000e-01 5.1107e-01
0.0000e+00 5.0000e-02 4.1130e-01 1.4000e-01 1.6808e-01 1.0000e-02 1.7432e-01 2.8045e-02 1.8066e-01 5.4628e-02 5.3407e-01
0.0000e+00 5.0000e-02 2.6897e-01 5.0000e-02 3.2639e-01 5.6010e-02 1.9406e-01 1.6843e-02 2.7585e-01 1.0000e-01 5.2910e-01
0.0000e+00 1.1336e-01 5.0000e-02 5.0000e-02 2.9840e-01 1.2899e-02 2.4172e-01 4.2499e-02 9.9515e-02 1.0000e-02 5.1889e-01
0.0000e+00 1.0984e-01 5.0000e-02 7.3594e-02 3.1443e-01 4.4002e-02 2.3684e-01 3.3923e-02 5.0000e-02 1.5612e-02 4.7993e-01
0.0000e+00 5.4840e-02 5.0000e-02 5.0000e-02 3.3422e-01 1.0703e-02 3.9301e-01 2.9568e-02 8.9109e-02 4.8976e-02 5.9778e-01
0.0000e+00 1.1640e-01 1.1889e-01 1.0309e-01 2.4297e-01 8.4009e-02 1.6866e-01 3.0378e-02 8.1089e-02 2.8000e-02 5.9613e-01
0.0000e+00 5.0000e-02 2.6553e-01 9.0496e-02 1.1911e-01 1.7456e-02 9.3976e-02 7.2947e-02 2.0851e-01 2.9025e-02 6.7220e-01
0.0000e+00 8.9184e-02 3.2403e-01 1.0233e-01 5.0000e-01 9.6536e-02 3.1529e-01 3.6896e-02 1.7681e-01 3.5042e-02 7.6914e-01
0.0000e+00 5.0000e-02 2.1408e-01 5.0000e-02 1.9074e-01 1.0000e-02 1.6150e-01 2.8615e-02 2.7758e-01 8.3941e-02 5.0298e-01
0.0000e+00 5.8074e-02 1.6063e-01 5.0000e-02 1.6325e-01 8.2310e-02 1.0896e-01 7.2585e-02 2.4189e-01 1.0000e-02 6.5184e-01
0.0000e+00 5.0000e-02 5.0000e-02 6.6099e-02 5.0000e-01 8.0020e-02 5.0000e-01 4.3537e-02 5.0000e-02 1.0000e-02 5.9373e-01
0.0000e+00 5.0000e-02 1.0013e-01 5.0000e-02 1.3767e-01 8.5467e-02 1.0602e-01 7.9219e-02 2.0168e-01 1.0000e-02 6.2233e-01
0.0000e+00 5.0000e-02 1.2200e-01 5.0000e-02 2.5433e-01 1.0000e-02 2.8229e-01 1.0000e-02 1.8129e-01 9.5996e-02 4.5398e-01
0.0000e+00 5.0000e-02 1.2645e-01 5.0000e-02 3.5875e-01 9.2894e-02 3.3552e-01 5.2149e-02 1.8341e-01 1.0000e-02 6.4247e-01
0.0000e+00 5.0000e-02 1.3798e-01 5.0000e-02 3.0424e-01 1.0000e-02 3.0524e-01 1.0000e-02 1.9305e-01 1.0000e-01 5.1843e-01
0.0000e+00 5.0000e-02 1.2837e-01 5.0000e-02 1.6446e-01 1.0000e-02 1.7624e-01 1.6771e-02 2.0365e-01 1.0000e-01 4.2243e-01
0.0000e+00 5.0000e-02 3.2314e-01 1.3609e-01 1.9340e-01 7.8416e-02 1.2871e-01 6.4959e-02 1.4000e-01 1.0000e-02 6.8605e-01
0.0000e+00 5.0000e-02 1.9471e-01 8.7507e-02 1.4483e-01 1.7611e-02 1.6141e-01 2.8000e-02 1.5602e-01 5.2954e-02 3.3457e-01
0.0000e+00 5.0000e-02 1.3066e-01 5.0000e-02 2.3532e-01 1.0000e-01 2.0463e-01 1.7526e-02 2.0385e-01 1.0000e-01 5.0942e-01
0.0000e+00 5.8740e-02 2.6505e-01 9.7819e-02 3.4594e-01 3.5381e-02 2.5157e-01 2.8000e-02 1.4896e-01 5.5132e-02 6.0720e-01
0.0000e+00 5.5566e-02 5.0000e-02 5.0000e-02 5.0000e-01 1.0000e-01 3.6091e-01 5.3579e-02 6.3072e-02 1.0000e-02 6.0225e-01
0.0000e+00 5.0000e-02 1.6611e-01 5.0000e-02 3.7670e-01 3.6533e-02 3.1922e-01 2.5802e-02 2.0244e-01 6.5329e-02 5.4067e-01
0.0000e+00 5.0000e-02 5.0000e-02 5.0000e-02 5.0000e-01 4.2033e-02 5.0000e-01 1.0000e-02 6.5680e-02 7.7898e-02 5.5747e-01
0.0000e+00 5.0000e-02 5.0000e-02 6.4385e-02 5.0000e-01 4.8169e-02 5.0000e-01 3.4123e-02 5.0000e-02 2.7815e-02 5.4527e-01
0.0000e+00 5.0000e-02 5.0000e-02 5.0000e-02 3.2761e-01 4.3217e-02 4.0044e-01 3.8688e-02 8.0021e-02 1.0000e-02 5.2600e-01
0.0000e+00 6.1840e-02 1.3181e-01 6.5733e-02 2.1559e-01 1.0000e-01 1.3248e-01 4.8450e-02 1.4943e-01 5.4437e-02 4.7050e-01
0.0000e+00 5.0000e-02 5.0000e-02 5.0000e-02 2.1142e-01 2.4554e-02 2.2356e-01 4.3422e-02 7.5515e-02 1.0000e-02 5.3956e-01
0.0000e+00 5.0000e-02 5.0000e-02 5.0000e-02 3.4737e-01 8.8657e-02 2.2370e-01 1.0000e-02 5.0000e-02 6.8021e-02 6.0665e-01
0.0000e+00 5.0000e-02 9.1058e-02 5.0000e-02 4.0343e-01 8.0394e-02 2.3218e-01 3.4456e-02 9.4222e-02 5.5382e-02 5.4949e-01
0.0000e+00 5.0000e-02 1.6824e-01 7.1894e-02 4.2406e-01 1.0000e-02 3.6600e-01 5.4745e-02 1.4657e-01 2.2183e-02 7.3608e-01
0.0000e+00 5.0000e-02 2.1880e-01 9.1240e-02 2.9299e-01 1.0000e-01 2.6681e-01 3.1903e-02 1.4624e-01 3.3069e-02 5.0671e-01
0.0000e+00 5.0000e-02 2.5365e-01 5.0000e-02 3.2816e-01 1.0000e-01 2.1892e-01 2.2469e-02 2.9227e-01 8.9141e-02 6.1036e-01
0.0000e+00 5.0000e-02 5.0000e-02 5.0000e-02 3.1740e-01 1.0000e-02 2.1192e-01 1.0000e-02 5.0000e-02 7.7300e-02 6.2288e-01
0.0000e+00 5.0000e-02 2.0608e-01 8.7017e-02 3.8183e-01 1.1335e-02 3.2333e-01 6.3881e-02 1.4564e-01 1.0945e-02 7.4383e-01
0.0000e+00 5.0000e-02 1.2242e-01 5.0000e-02 2.1200e-01 1.1430e-02 2.7892e-01 1.0000e-02 2.1203e-01 1.0000e-01 5.4166e-01
0.0000e+00 5.0000e-02 5.0000e-02 5.0000e-02 3.0015e-01 4.1277e-02 3.1495e-01 4.0130e-02 6.9221e-02 1.0000e-02 4.6475e-01
0.0000e+00 5.0000e-02 1.6975e-01 8.6639e-02 3.8812e-01 1.4597e-02 3.9547e-01 1.0000e-01 2.8624e-01 5.3634e-02 8.5221e-01
0.0000e+00 5.0000e-02 2.5372e-01 5.0000e-02 3.1485e-01 5.2765e-02 2.4742e-01 5.0834e-02 3.0748e-01 2.9323e-02 6.9369e-01
0.0000e+00 5.0000e-02 1.7050e-01 5.0000e-02 3.6655e-01 6.2393e-02 3.4695e-01 3.8337e-02 2.2349e-01 2.9878e-02 5.9535e-01
0.0000e+00 5.0000e-02 4.4794e-01 1.0625e-01 1.9833e-01 8.2087e-02 1.6440e-01 2.8000e-02 2.3009e-01 4.7608e-02 4.0568e-01
0.0000e+00 5.0000e-02 2.0410e-01 1.0056e-01 1.3690e-01 5.9847e-02 1.2827e-01 4.7647e-02 1.7703e-01 5.0967e-02 5.5186e-01
0.0000e+00 5.0000e-02 7.4317e-02 5.0000e-02 2.3624e-01 3.8954e-02 2.9929e-01 1.0000e-02 1.3205e-01 9.2371e-02 5.3745e-01
0.0000e+00 5.0000e-02 4.1130e-01 1.4000e-01 1.6808e-01 1.0000e-02 1.7432e-01 2.8045e-02 1.8066e-01 5.4628e-02 5.3407e-01
0.0000e+00 5.0000e-02 1.1305e-01 5.0000e-02 2.1200e-01 6.1264e-02 2.3419e-01 4.5002e-02 1.9253e-01 1.9391e-02 5.5838e-01
0.0000e+00 6.5459e-02 5.0000e-02 5.0000e-02 5.0000e-01 4.1476e-02 4.2454e-01 4.8076e-02 7.1133e-02 1.0000e-02 6.0831e-01
