0.0000e+00 1.6790e-01 2.1111e-01 1.3868e-01 1.2825e-01 1.4048e-02 1.3268e-01 2.7500e-02 1.4275e-01 4.2270e-02 2.5800e-01
0.0000e+00 1.2324e-01 2.2273e-01 1.3595e-01 1.2064e-01 4.3650e-02 1.2535e-01 2.8000e-02 1.4891e-01 4.9396e-02 2.5530e-01
0.0000e+00 1.2996e-01 2.3876e-01 1.3401e-01 1.3784e-01 6.5316e-02 1.2875e-01 2.8500e-02 1.5157e-01 4.0931e-02 2.5706e-01
0.0000e+00 1.5736e-01 2.1259e-01 1.3291e-01 1.3870e-01 3.1811e-02 1.3816e-01 2.9000e-02 1.4275e-01 3.3844e-02 2.5565e-01
0.0000e+00 1.7281e-01 2.1500e-01 1.4262e-01 1.2888e-01 3.3807e-02 1.2797e-01 2.9500e-02 1.3890e-01 3.1742e-02 2.5765e-01
0.0000e+00 1.2374e-01 2.3220e-01 1.4769e-01 1.3559e-01 8.3989e-02 1.3151e-01 3.0000e-02 1.3560e-01 3.2214e-02 2.5951e-01
0.0000e+00 1.2752e-01 2.2407e-01 1.3793e-01 1.1711e-01 4.7427e-02 1.1648e-01 3.0500e-02 1.4715e-01 4.5103e-02 2.5253e-01
0.0000e+00 1.2770e-01 2.3632e-01 1.4209e-01 1.3137e-01 1.0000e-01 1.1355e-01 3.1000e-02 1.4527e-01 3.4101e-02 2.5882e-01
0.0000e+00 1.5125e-01 1.9306e-01 1.4224e-01 1.2269e-01 1.9373e-02 1.3476e-01 3.1500e-02 1.3022e-01 3.4417e-02 2.5295e-01
0.0000e+00 1.6301e-01 2.1250e-01 1.2628e-01 1.4867e-01 5.0697e-02 1.3169e-01 3.2000e-02 1.4481e-01 2.5289e-02 2.5592e-01
0.0000e+00 1.1588e-01 2.3006e-01 1.3568e-01 1.1900e-01 6.8291e-02 1.0289e-01 3.2500e-02 1.4659e-01 4.5779e-02 2.5650e-01
0.0000e+00 1.9462e-01 1.9017e-01 1.4100e-01 1.4785e-01 2.7410e-02 1.4793e-01 3.3000e-02 1.2971e-01 1.5828e-02 2.5554e-01
0.0000e+00 1.1636e-01 1.7565e-01 7.7383e-02 1.0935e-01 1.0000e-02 7.9168e-02 3.3500e-02 1.7628e-01 6.8583e-02 2.5620e-01
0.0000e+00 9.7388e-02 1.9717e-01 1.0372e-01 1.0715e-01 2.2043e-02 9.9180e-02 3.4000e-02 1.6203e-01 6.0867e-02 2.5265e-01
0.0000e+00 1.2813e-01 2.0479e-01 1.3791e-01 1.1616e-01 5.1527e-02 1.1673e-01 3.4500e-02 1.3877e-01 3.4907e-02 2.5276e-01
0.0000e+00 1.3645e-01 1.7878e-01 1.0101e-01 1.1326e-01 2.9704e-02 8.9795e-02 3.5000e-02 1.5625e-01 5.1460e-02 2.5248e-01
0.0000e+00 1.4104e-01 1.8298e-01 1.1276e-01 1.1871e-01 3.6537e-02 1.0591e-01 3.5500e-02 1.4742e-01 3.5701e-02 2.5262e-01
0.0000e+00 1.5358e-01 1.7657e-01 1.1393e-01 1.1528e-01 1.3181e-02 1.0609e-01 3.6000e-02 1.4436e-01 3.7605e-02 2.4972e-01
0.0000e+00 1.1048e-01 2.0621e-01 1.0331e-01 1.0550e-01 6.3026e-02 7.5634e-02 3.6500e-02 1.6974e-01 5.8086e-02 2.5177e-01
0.0000e+00 1.3859e-01 1.6803e-01 1.1757e-01 1.1500e-01 1.0000e-02 1.1657e-01 3.7000e-02 1.3817e-01 3.7592e-02 2.5173e-01
0.0000e+00 1.1986e-01 1.8709e-01 9.0742e-02 1.1725e-01 3.8811e-02 8.5806e-02 3.7500e-02 1.6757e-01 5.0760e-02 2.5300e-01
0.0000e+00 1.4470e-01 1.5433e-01 9.6087e-02 1.1150e-01 1.2326e-02 9.2338e-02 3.8000e-02 1.4919e-01 4.5031e-02 2.5024e-01
0.0000e+00 1.4166e-01 1.7090e-01 1.0024e-01 1.0393e-01 2.1896e-02 8.2610e-02 3.8500e-02 1.5574e-01 5.0021e-02 2.4925e-01
0.0000e+00 1.1331e-01 1.7762e-01 1.0745e-01 1.0276e-01 3.0344e-02 9.0089e-02 3.9000e-02 1.5331e-01 5.3180e-02 2.4932e-01
0.0000e+00 1.4713e-01 1.4957e-01 8.9303e-02 1.0472e-01 1.0000e-02 8.0149e-02 3.9500e-02 1.5668e-01 5.3704e-02 2.5161e-01
0.0000e+00 1.7023e-01 1.6459e-01 1.1895e-01 1.1899e-01 4.0668e-02 1.0315e-01 4.0000e-02 1.3607e-01 1.9839e-02 2.4957e-01
0.0000e+00 1.3965e-01 1.5729e-01 9.3423e-02 1.1403e-01 2.6843e-02 8.8800e-02 4.0500e-02 1.5065e-01 3.8153e-02 2.4914e-01
0.0000e+00 1.4833e-01 1.4156e-01 7.9393e-02 1.1673e-01 1.0000e-02 8.1696e-02 4.1000e-02 1.5196e-01 4.1040e-02 2.5065e-01
0.0000e+00 1.1090e-01 1.5567e-01 7.4187e-02 1.0175e-01 2.1222e-02 6.8324e-02 4.1500e-02 1.7237e-01 6.6652e-02 2.4832e-01
0.0000e+00 1.3295e-01 1.4584e-01 7.8482e-02 1.1403e-01 2.4308e-02 8.0156e-02 4.2000e-02 1.5811e-01 4.2175e-02 2.4955e-01
0.0000e+00 1.3984e-01 1.5382e-01 9.6149e-02 1.0396e-01 3.2820e-02 7.9621e-02 4.2500e-02 1.5137e-01 4.1897e-02 2.4789e-01
0.0000e+00 1.3717e-01 1.4611e-01 8.9124e-02 9.1288e-02 1.0000e-02 6.9379e-02 4.3000e-02 1.5697e-01 5.9962e-02 2.4728e-01
0.0000e+00 1.4932e-01 1.4638e-01 8.7519e-02 1.1598e-01 3.4270e-02 8.2203e-02 4.3500e-02 1.5032e-01 3.1111e-02 2.4834e-01
0.0000e+00 1.4948e-01 1.3698e-01 9.1549e-02 1.0783e-01 1.5989e-02 8.6160e-02 4.4000e-02 1.4483e-01 3.3756e-02 2.4734e-01
0.0000e+00 1.1614e-01 1.4083e-01 7.7746e-02 9.8279e-02 1.0602e-02 7.2082e-02 4.4500e-02 1.5964e-01 5.8822e-02 2.4802e-01
0.0000e+00 9.8786e-02 1.4989e-01 7.7708e-02 8.2702e-02 1.0000e-02 6.0225e-02 4.5000e-02 1.7160e-01 8.1129e-02 2.4817e-01
0.0000e+00 1.3824e-01 1.3711e-01 7.4670e-02 9.9268e-02 1.0000e-02 6.6801e-02 4.5500e-02 1.6100e-01 5.1513e-02 2.4729e-01
0.0000e+00 1.3730e-01 1.4727e-01 8.5632e-02 9.9108e-02 2.8270e-02 6.9224e-02 4.6000e-02 1.5736e-01 4.4610e-02 2.4661e-01
0.0000e+00 1.2609e-01 1.4087e-01 7.5657e-02 9.7693e-02 1.9278e-02 6.6722e-02 4.6500e-02 1.6283e-01 5.0848e-02 2.4617e-01
0.0000e+00 1.3221e-01 1.3384e-01 8.2154e-02 9.9117e-02 1.0000e-02 7.4994e-02 4.7000e-02 1.5204e-01 4.4961e-02 2.4639e-01
0.0000e+00 1.0888e-01 1.3591e-01 7.7331e-02 8.6960e-02 1.0200e-02 6.5167e-02 4.7500e-02 1.6372e-01 6.6078e-02 2.4731e-01
0.0000e+00 1.2973e-01 1.4865e-01 1.0214e-01 8.5089e-02 2.5451e-02 6.9004e-02 4.8000e-02 1.5224e-01 5.1422e-02 2.4608e-01
0.0000e+00 1.1076e-01 1.3313e-01 6.5101e-02 8.8005e-02 1.0000e-02 5.6031e-02 4.8500e-02 1.7242e-01 6.9568e-02 2.4540e-01
0.0000e+00 1.5113e-01 1.2075e-01 8.3733e-02 9.9869e-02 1.0222e-02 7.5369e-02 4.9000e-02 1.4486e-01 3.4579e-02 2.4625e-01
0.0000e+00 1.2653e-01 1.4344e-01 8.8448e-02 8.9897e-02 2.2861e-02 6.7045e-02 4.9500e-02 1.5542e-01 4.6929e-02 2.4664e-01
0.0000e+00 1.3237e-01 1.3097e-01 8.1680e-02 8.4993e-02 1.1617e-02 6.2851e-02 5.0000e-02 1.5879e-01 5.3687e-02 2.4484e-01
0.0000e+00 1.4020e-01 1.1824e-01 7.2927e-02 9.5704e-02 1.0000e-02 6.4407e-02 5.0500e-02 1.5389e-01 4.6551e-02 2.4588e-01
0.0000e+00 1.2596e-01 1.2037e-01 6.8416e-02 8.8658e-02 1.0000e-02 5.8933e-02 5.1000e-02 1.6254e-01 5.6193e-02 2.4486e-01
0.0000e+00 1.2349e-01 1.1480e-01 5.3652e-02 9.8908e-02 1.0000e-02 5.3476e-02 5.1500e-02 1.6739e-01 5.4792e-02 2.4539e-01
0.0000e+00 1.2121e-01 1.3943e-01 8.3664e-02 8.6593e-02 2.9367e-02 6.0617e-02 5.2000e-02 1.6081e-01 5.0159e-02 2.4604e-01
0.0000e+00 1.2517e-01 1.1962e-01 6.7182e-02 8.5566e-02 1.0000e-02 5.5615e-02 5.2500e-02 1.6338e-01 5.6560e-02 2.4603e-01
