2.0000 -5.9189 -6.4698 2.0000 1.6496 -7.2369 -4.0000 1.8818e+01
2.0000 -6.0759 -5.9743 0.9946 1.3189 -5.8792 -4.0003 5.8622e+01
2.0000 -4.9457 -5.8514 -0.5920 0.0926 -5.8048 -5.8771 1.4395e+01
2.0000 -4.0000 -6.0393 1.2000 0.2393 -7.6103 -4.0000 1.5372e+01
2.0000 -4.6030 -6.3000 -0.8585 0.0371 -5.9952 -4.0000 7.4800e+00
2.0000 -5.1856 -5.4854 0.2389 0.0307 -6.4044 -4.0000 1.5072e+01
2.0000 -5.0844 -6.4676 2.0000 1.4760 -7.9017 -4.0000 2.0010e+01
2.0000 -7.2000 -5.6669 2.0000 0.5037 -7.7366 -4.0000 3.9331e+01
2.0000 -5.2233 -6.3640 -0.1652 0.2394 -6.5000 -4.0608 6.0282e+00
2.0000 -7.2755 -5.3863 2.0000 0.7599 -6.0107 -4.0000 4.5903e+01
2.0000 -6.4998 -6.4619 2.0000 0.9054 -8.0000 -4.0000 3.1543e+01
2.0000 -4.0000 -6.3726 -1.2000 -0.0018 -5.7623 -4.0000 1.1239e+01
2.0000 -4.7727 -5.5062 -0.0835 0.1631 -5.9520 -5.8813 5.7041e+01
2.0000 -5.7407 -5.8711 0.2423 0.5248 -6.1030 -4.0551 5.6066e+01
2.0000 -5.6458 -5.1071 1.2375 0.1296 -6.9539 -4.0000 1.7399e+01
2.0000 -4.9583 -5.8319 0.7694 0.2507 -7.0993 -4.0007 2.7204e+01
2.0000 -4.0000 -6.4274 -1.5753 0.2316 -5.1497 -4.0000 3.3219e+01
2.0000 -7.2000 -5.0233 2.0000 0.4573 -6.5156 -4.0000 3.0409e+01
2.0000 -4.8000 -6.6748 0.5470 1.5704 -6.0661 -4.0000 1.0041e+01
2.0000 -6.1659 -5.6657 1.1485 0.1517 -7.3346 -4.0000 2.3945e+01
2.0000 -4.0000 -6.0582 -0.0922 0.1982 -6.5647 -4.0000 3.2765e+01
2.0000 -5.3109 -6.4287 1.0815 0.7778 -7.1898 -4.0608 1.9502e+01
2.0000 -4.6186 -6.0652 1.5056 0.2894 -8.0000 -4.2339 1.9574e+01
2.0000 -4.0000 -5.6436 0.3196 0.0606 -7.0251 -4.0000 1.3912e+01
2.0000 -6.1504 -5.5872 1.9275 0.2073 -8.0000 -4.0024 2.3631e+01
2.0000 -4.0000 -5.6364 0.7954 0.1893 -7.1250 -4.0000 1.3509e+01
2.0000 -6.4495 -5.4212 2.0000 0.1371 -8.0000 -4.0000 4.9438e+01
2.0000 -5.3055 -6.5570 0.4144 0.5113 -6.9321 -4.0000 1.5360e+01
2.0000 -4.0000 -6.6135 -1.3262 0.3732 -5.3952 -4.0000 2.6399e+01
2.0000 -5.6060 -5.6143 1.4461 0.2315 -7.5198 -4.0000 1.8612e+01
2.0000 -5.7063 -6.3380 2.0000 0.8138 -8.0000 -4.0000 2.7945e+01
2.0000 -6.3059 -4.4660 0.8530 -1.9848 -5.8653 -8.0000 1.4983e+02
2.0000 -4.6299 -6.5015 0.8956 0.6673 -7.2536 -4.0000 7.4438e+00
2.0000 -6.5655 -5.8461 1.7746 0.2551 -8.0000 -4.0465 3.1225e+01
2.0000 -4.1201 -6.6548 -1.3600 0.3608 -5.4114 -5.3914 2.5770e+01
2.0000 -4.0000 -5.7095 -1.4201 -0.0976 -5.0812 -4.0000 3.7541e+01
2.0000 -5.4231 -5.1782 1.7002 0.1652 -7.4641 -4.0000 1.7164e+01
2.0000 -7.2000 -5.2179 2.0000 0.4642 -7.2000 -4.0000 5.0139e+01
2.0000 -4.2566 -6.5937 0.2855 0.5314 -6.9457 -4.0000 1.3064e+01
2.0000 -4.0000 -6.4562 0.7900 0.7965 -6.9799 -4.7013 2.6427e+01
2.0000 -4.0000 -6.2195 -2.0000 -0.0454 -4.8682 -4.0000 5.2620e+01
2.0000 -4.0000 -5.2615 0.3453 -0.0044 -6.6464 -4.0000 1.8854e+01
2.0000 -4.8000 -6.4926 -0.2358 0.5767 -6.1507 -4.0000 1.6410e+01
2.0000 -4.9421 -6.5575 0.1999 1.5342 -5.6397 -5.8791 1.7654e+01
2.0000 -5.9991 -6.2984 2.0000 0.7978 -8.0000 -4.0000 4.8358e+01
2.0000 -4.2505 -5.3965 -0.0905 -0.0375 -6.0838 -4.0000 1.5116e+01
2.0000 -4.0000 -6.5260 0.9524 1.0344 -8.0000 -4.2424 2.3293e+01
2.0000 -5.2420 -6.4801 0.0771 1.0117 -5.9784 -4.0000 1.2329e+01
2.0000 -4.1939 -4.0000 -2.0000 -2.0000 -4.0000 -7.9991 2.1568e+02
2.0000 -6.8198 -6.4752 2.0000 1.2000 -7.7015 -4.0000 4.8580e+01
2.0000 -5.4771 -5.6168 1.2234 0.1886 -7.3405 -4.0000 1.4933e+01
2.0000 -5.5577 -8.0000 -0.2739 -2.0000 -8.0000 -4.0000 1.2405e+02
2.0000 -4.6269 -5.9783 0.5896 0.0680 -7.2000 -4.0000 2.8573e+01
2.0000 -5.5557 -6.1303 0.1467 0.2240 -6.6343 -4.0000 1.0520e+01
2.0000 -5.6964 -5.7911 0.1134 0.1209 -6.4132 -4.0000 1.5449e+01
2.0000 -5.9604 -5.4677 2.0000 0.1809 -8.0000 -4.5467 2.2243e+01
2.0000 -5.9643 -4.9346 2.0000 0.2069 -7.4794 -4.0000 2.0020e+01
2.0000 -4.3151 -6.3516 0.6412 0.3602 -7.3600 -4.0000 2.5589e+01
2.0000 -4.0000 -5.6609 -2.0000 0.1041 -4.0000 -4.0000 1.0560e+02
2.0000 -5.6274 -5.6555 0.4610 0.1221 -6.6660 -4.0000 7.0800e+00
2.0000 -4.6538 -6.4990 0.0104 1.0097 -5.9343 -4.0000 2.3029e+01
2.0000 -4.6915 -6.6700 0.3996 1.4505 -6.0353 -4.0000 1.5920e+01
2.0000 -5.4933 -6.5605 0.5618 1.1448 -6.4025 -4.0000 1.1427e+01
2.0000 -5.3586 -6.5583 0.8552 0.7194 -7.1448 -4.0000 1.5505e+01
2.0000 -6.0893 -5.9300 1.5193 0.2027 -7.8793 -4.0000 2.4635e+01
2.0000 -5.7833 -6.4707 1.1139 0.9170 -7.1094 -4.0000 1.0739e+01
2.0000 -4.8000 -5.4099 0.1138 0.0789 -6.1635 -4.0000 2.1670e+01
2.0000 -5.8849 -6.4673 1.4802 1.7837 -6.5782 -4.0000 9.7593e+00
2.0000 -4.0143 -6.5150 -0.2411 0.3061 -6.6585 -4.0000 1.1579e+01
2.0000 -4.0000 -6.3914 0.9458 1.2000 -8.0000 -4.0000 2.4835e+01
2.0000 -5.2899 -6.4547 0.1725 0.6946 -6.3937 -4.4460 1.0396e+01
2.0000 -5.2128 -6.4725 2.0000 0.9393 -8.0000 -4.0000 1.6865e+01
2.0000 -5.1587 -5.2941 0.7711 0.1378 -6.6555 -4.1013 2.4669e+01
2.0000 -6.5129 -4.0000 2.0000 0.2409 -7.4931 -4.0000 2.5453e+01
2.0000 -6.7405 -5.5873 2.0000 0.2585 -8.0000 -4.0000 2.6333e+01
2.0000 -5.6584 -5.6677 1.3116 0.2343 -7.4157 -4.0000 2.2463e+01
2.0000 -4.8548 -6.4976 0.5435 1.3037 -6.1604 -4.0000 3.7114e+01
2.0000 -7.1457 -5.9024 2.0000 1.3723 -5.3454 -4.0000 1.1383e+02
2.0000 -4.0516 -6.5139 -1.2673 0.4559 -5.2729 -4.0000 2.6690e+01
2.0000 -4.0070 -5.5215 -0.6396 -0.0807 -5.6934 -4.0000 2.6128e+01
2.0000 -4.0000 -6.4348 0.8339 0.9199 -7.2000 -4.0000 1.7816e+01
2.0000 -5.1464 -6.5529 0.9094 1.2000 -6.6870 -4.0000 1.1724e+01
2.0000 -5.0836 -6.6128 0.2461 1.2746 -6.0045 -4.0000 1.2033e+01
2.0000 -5.2004 -6.5411 2.0000 1.1563 -8.0000 -4.0007 2.8195e+01
2.0000 -6.5449 -4.0000 2.0000 0.3010 -7.4715 -4.0000 1.8587e+01
2.0000 -4.0000 -6.6303 -0.4206 1.2357 -5.3957 -4.8000 3.4898e+01
2.0000 -5.9680 -6.4478 2.0000 0.8994 -8.0000 -4.0000 2.5645e+01
2.0000 -6.4518 -4.0000 2.0000 0.2068 -7.5020 -4.0000 1.2171e+01
2.0000 -4.0000 -6.6778 -0.0955 1.3842 -5.6156 -4.0686 3.5690e+01
2.0000 -4.0000 -6.3817 0.8651 0.5530 -8.0000 -4.0000 2.5162e+01
2.0000 -5.5721 -6.2185 0.1462 0.2137 -6.7203 -4.0000 7.1168e+00
2.0000 -4.6565 -6.3622 2.0000 0.8428 -8.0000 -4.0000 3.4275e+01
2.0000 -4.0000 -6.3578 -1.2059 0.2692 -5.4205 -4.0000 4.0835e+01
2.0000 -5.4466 -6.5234 0.2375 0.8157 -6.3886 -4.0000 5.7187e+00
2.0000 -6.4824 -6.2544 2.0000 0.7357 -8.0000 -4.0000 4.8846e+01
2.0000 -7.1326 -5.8649 2.0000 0.4457 -8.0000 -4.0000 4.3184e+01
2.0000 -4.0000 -6.6769 0.0694 1.5827 -5.5786 -4.0000 3.3162e+01
2.0000 -4.0759 -6.2739 -0.9859 0.1611 -5.7016 -4.0000 3.4199e+01
2.0000 -4.3077 -6.6487 -0.8036 0.3890 -5.9317 -4.4074 1.5253e+01
2.0000 -5.3722 -6.4772 1.2000 1.2925 -6.8086 -4.0000 2.1643e+01
2.0000 -5.1024 -6.3022 -0.2761 0.3750 -6.1754 -4.0000 1.3496e+01
2.0000 -7.3252 -4.9025 2.0000 0.2708 -4.5120 -4.0000 8.4785e+01
2.0000 -4.0000 -6.6395 -1.0073 0.7094 -5.3673 -4.0000 2.9882e+01
2.0000 -4.2276 -6.3650 1.2000 1.3205 -8.0000 -4.0000 3.2058e+01
2.0000 -5.2569 -6.5000 1.3179 0.4998 -7.9611 -4.0000 3.1872e+01
2.0000 -4.0779 -6.4578 -0.6590 1.3693 -4.8506 -4.0000 6.9857e+01
2.0000 -5.2215 -6.5766 0.5527 1.3349 -6.2143 -4.0000 1.3744e+01
2.0000 -5.8177 -6.3003 1.1149 1.4752 -6.3599 -4.0000 2.9089e+01
2.0000 -7.2000 -5.7113 2.0000 0.3305 -8.0000 -4.2653 4.1230e+01
2.0000 -6.3808 -5.6020 2.0000 0.2762 -8.0000 -4.0718 2.4698e+01
2.0000 -5.5393 -4.0000 1.1354 0.2036 -6.6368 -4.1398 2.4067e+01
2.0000 -5.2757 -5.8904 0.1116 0.2316 -6.3937 -4.0000 1.9526e+01
2.0000 -5.0581 -6.1796 0.2267 0.1046 -6.9067 -4.0000 1.6434e+01
2.0000 -5.5991 -6.5161 0.4985 0.9530 -6.4967 -4.0000 1.0973e+01
2.0000 -6.1863 -5.6140 1.9008 1.7751 -5.3596 -4.0000 1.9295e+01
2.0000 -6.9390 -5.7221 2.0000 0.3513 -8.0000 -4.0000 3.9471e+01
2.0000 -4.6347 -5.4966 2.0000 0.2097 -8.0000 -4.0000 2.1450e+01
2.0000 -4.8000 -6.4846 0.8892 0.9103 -7.1522 -5.3781 1.8636e+01
2.0000 -4.7936 -6.0215 -0.5617 0.0301 -6.0694 -4.0000 1.2321e+01
2.0000 -4.9035 -6.5343 -0.3994 0.3845 -6.2404 -4.0000 1.1654e+01
2.0000 -5.8264 -5.6566 0.4835 0.2127 -6.5649 -4.0859 4.4473e+00
2.0000 -4.8389 -5.4994 0.5287 0.0337 -6.7234 -4.0000 1.6688e+01
2.0000 -4.8731 -5.9296 1.1805 0.1340 -8.0000 -4.0000 2.2006e+01
2.0000 -5.1049 -6.3538 0.0486 1.1343 -5.6987 -4.0000 4.3944e+01
2.0000 -4.0000 -6.4640 -2.0000 0.1856 -4.8000 -4.0000 5.0168e+01
2.0000 -6.1166 -4.0000 1.3700 0.3798 -6.8954 -5.8302 2.4854e+01
2.0000 -5.8687 -6.3942 0.9025 1.3340 -6.3824 -4.0000 2.2021e+01
2.0000 -4.0000 -6.4811 0.9018 0.7650 -8.0000 -4.0000 2.0343e+01
2.0000 -6.7168 -5.8020 1.5519 0.3647 -7.5945 -4.6266 2.5767e+01
2.0000 -6.7598 -5.7800 1.5834 0.2021 -7.8042 -4.0000 5.2706e+01
2.0000 -6.4653 -6.3161 2.0000 0.7837 -8.0000 -4.0000 3.7284e+01
2.0000 -7.0904 -5.5513 2.0000 0.3120 -7.8826 -4.0000 2.5045e+01
2.0000 -5.1539 -6.3971 0.7850 0.8815 -6.7515 -4.4331 4.3612e+01
2.0000 -6.3945 -6.4127 2.0000 0.8638 -8.0000 -4.3342 3.0953e+01
2.0000 -4.8538 -6.5062 0.4687 0.4495 -7.0392 -4.0000 1.1568e+01
2.0000 -4.1385 -6.6036 -1.2621 0.3387 -5.4902 -5.8871 3.0464e+01
2.0000 -6.0732 -6.4276 2.0000 0.8815 -8.0000 -4.0000 2.7037e+01
2.0000 -5.1767 -6.2892 -0.4526 0.2242 -6.1630 -4.0000 1.9424e+01
2.0000 -4.0847 -6.1758 -1.7086 0.7737 -4.0000 -4.0000 1.3456e+02
2.0000 -4.8211 -6.4401 1.1174 0.7662 -7.3085 -4.2033 1.5743e+01
2.0000 -5.9663 -4.8683 2.0000 0.1587 -7.4678 -4.0000 1.2881e+01
2.0000 -4.0000 -6.6249 -0.2122 0.8045 -6.0482 -4.6431 2.0865e+01
2.0000 -5.7432 -4.8869 0.7877 0.0444 -6.3110 -5.8849 5.5730e+00
2.0000 -5.7502 -5.7007 0.4660 0.3877 -6.3746 -4.0000 4.4530e+01
2.0000 -5.7043 -6.2213 0.2737 0.8762 -6.0564 -4.6331 3.6794e+01
2.0000 -5.3106 -5.3008 1.9417 0.1432 -7.9004 -4.0000 1.7723e+01
2.0000 -6.0816 -5.3846 2.0000 0.2762 -7.8070 -4.0394 1.7928e+01
2.0000 -4.0000 -6.5010 -2.0000 0.2129 -4.8000 -4.2551 5.5841e+01
2.0000 -6.8708 -6.2342 2.0000 1.4529 -7.1859 -4.0005 3.9463e+01
2.0000 -4.0000 -4.1604 -0.4276 -0.1295 -4.9001 -4.0000 5.3194e+01
2.0000 -4.0000 -6.3834 -1.2000 0.4416 -5.2452 -4.1855 7.7414e+01
2.0000 -4.0000 -5.2846 0.8650 0.2288 -7.4472 -4.0000 2.2388e+01
2.0000 -5.8599 -6.3677 2.0000 0.8819 -8.0000 -5.7819 2.5809e+01
2.0000 -4.0029 -5.2309 0.8400 0.1342 -7.1966 -4.0000 1.6159e+01
2.0000 -4.0000 -6.6194 -1.2927 0.9563 -4.8000 -4.0000 3.8322e+01
2.0000 -4.0000 -6.3834 -1.2000 0.4416 -5.2452 -4.1855 7.7414e+01
2.0000 -5.1810 -6.6062 0.2471 1.0668 -6.2135 -4.0000 6.5616e+00
2.0000 -4.5522 -6.4344 -0.7308 0.1463 -6.1043 -4.0000 1.0788e+01
2.0000 -6.2807 -4.0000 2.0000 0.1306 -7.5735 -4.0000 2.3915e+01
2.0000 -6.5803 -6.3199 2.0000 1.2000 -7.5529 -4.0000 3.2563e+01
2.0000 -5.9920 -5.6354 1.2000 0.3002 -7.1913 -4.0000 2.0843e+01
2.0000 -5.6860 -6.3651 0.7186 1.0566 -6.4640 -4.0000 2.5999e+01
2.0000 -4.0000 -6.4900 0.9118 1.4260 -6.8852 -4.0000 1.8381e+01
2.0000 -5.1221 -4.8918 2.0000 0.1084 -7.8742 -4.6356 1.2638e+01
2.0000 -4.3193 -4.0000 -0.1002 -0.0494 -5.5666 -5.4960 2.3531e+01
2.0000 -4.0866 -4.0000 -0.3465 -0.1336 -5.3809 -4.6736 3.1980e+01
2.0000 -5.0931 -6.5908 -0.0972 0.7635 -6.1733 -4.0208 1.3819e+01
2.0000 -6.0220 -5.2096 1.1642 0.2586 -6.7988 -4.0000 2.1677e+01
2.0000 -6.0319 -5.6245 1.7783 0.2206 -7.8717 -4.0906 2.8094e+01
2.0000 -6.5694 -6.3059 2.0000 0.7760 -8.0000 -5.8874 3.4655e+01
2.0000 -4.0000 -6.2461 -0.6285 0.1770 -6.0170 -4.0000 2.0902e+01
2.0000 -6.0710 -5.6424 0.8669 0.2444 -6.9092 -4.8718 1.2996e+01
2.0000 -4.1701 -6.6708 -0.3350 0.6379 -6.1462 -4.0000 1.3065e+01
2.0000 -6.1101 -6.3754 2.0000 0.8337 -8.0000 -4.0000 2.6655e+01
2.0000 -5.3969 -5.9465 0.5199 0.2496 -6.8346 -4.7639 1.6946e+01
2.0000 -4.0000 -6.4827 0.9599 1.3298 -8.0000 -4.3616 1.9709e+01
2.0000 -5.9579 -5.4693 0.7755 0.4518 -6.3758 -4.1784 6.8414e+01
2.0000 -7.2162 -5.6966 2.0000 0.3185 -8.0000 -4.5870 2.2451e+01
2.0000 -5.0481 -6.4054 0.8451 0.2999 -7.6621 -4.0000 3.4362e+01
2.0000 -4.8940 -4.0000 0.5011 -0.0094 -6.1418 -4.1208 1.6175e+01
2.0000 -5.7505 -6.4622 1.1055 0.9429 -7.0661 -5.7272 1.2242e+01
2.0000 -5.6898 -6.4513 2.0000 0.9126 -8.0000 -4.0000 2.5165e+01
2.0000 -5.2406 -6.4894 0.0239 0.5527 -6.4337 -4.0000 8.9943e+00
2.0000 -5.4610 -5.9410 0.0237 0.1827 -6.3971 -4.0000 1.4178e+01
2.0000 -6.9978 -6.0220 1.6266 0.6022 -7.5579 -4.4132 6.1698e+01
2.0000 -6.6252 -5.4400 1.3093 0.6315 -6.4111 -4.1644 3.4198e+01
2.0000 -6.9736 -6.3320 2.0000 0.7944 -8.0000 -4.0000 4.3328e+01
2.0000 -4.0000 -5.5784 -2.0000 0.0308 -4.0000 -4.0000 1.1697e+02
2.0000 -5.3186 -6.5600 0.4810 1.0497 -6.4212 -5.8882 8.3433e+00
2.0000 -5.8839 -5.3810 1.3390 0.1135 -7.3273 -4.4089 1.5396e+01
2.0000 -7.1978 -5.8244 1.8142 0.2526 -8.0000 -4.0000 9.1017e+01
2.0000 -6.9274 -5.7284 2.0000 0.3560 -8.0000 -4.0000 3.8533e+01
2.0000 -5.0189 -5.1565 2.0000 0.3151 -7.7236 -4.0033 4.4085e+01
2.0000 -4.0000 -6.6168 -0.9466 0.4835 -5.6548 -4.0000 1.8182e+01
2.0000 -4.0000 -6.5740 0.2147 1.1676 -6.0480 -4.0000 2.2249e+01
2.0000 -4.0000 -6.0807 0.6313 0.1609 -7.3946 -4.0000 2.1906e+01
2.0000 -4.6400 -6.4792 1.5928 1.0424 -8.0000 -4.0000 1.8712e+01
2.0000 -5.1425 -6.4655 2.0000 1.2884 -8.0000 -4.0000 1.6980e+01
2.0000 -6.0836 -6.3427 1.2000 0.8958 -7.0992 -4.7629 2.3135e+01
2.0000 -5.8052 -5.9783 0.4074 0.2402 -6.7454 -4.0000 1.4249e+01
2.0000 -4.8342 -6.2669 -0.7607 0.1204 -5.9623 -4.0000 1.4186e+01
2.0000 -4.8238 -6.5501 -0.2092 0.7549 -6.0341 -5.8876 1.1824e+01
2.0000 -6.2503 -4.0000 2.0000 0.1550 -7.5798 -4.0000 1.2129e+01
2.0000 -5.9871 -5.2398 0.8815 0.3817 -6.3305 -4.0000 3.8664e+01
2.0000 -6.7487 -5.6771 2.0000 0.3242 -8.0000 -4.0000 3.0535e+01
2.0000 -7.4194 -6.0439 2.0000 0.5600 -8.0000 -4.0000 6.6835e+01
2.0000 -4.7348 -6.2321 -0.6385 0.1062 -6.0778 -5.8830 1.7294e+01
2.0000 -4.8026 -6.3455 -0.1341 0.7766 -5.8985 -4.0000 8.5981e+01
2.0000 -5.9969 -6.4384 1.1378 1.1944 -6.8095 -4.3184 1.1110e+01
2.0000 -5.8446 -5.5418 2.0000 0.2853 -8.0000 -4.0000 2.9257e+01
2.0000 -5.9441 -4.9277 0.7509 0.1259 -6.1016 -4.0000 1.4710e+01
2.0000 -4.0000 -5.4380 -1.5892 -0.0307 -4.5312 -4.1641 8.1319e+01
2.0000 -4.0000 -6.2560 0.1541 0.2563 -6.7340 -4.0000 2.2994e+01
2.0000 -5.4453 -6.4551 0.3290 0.8998 -6.3267 -4.0000 1.7614e+01
2.0000 -6.2857 -5.6785 1.9643 0.3010 -8.0000 -5.8841 2.7252e+01
2.0000 -5.6351 -6.2807 0.2488 0.8718 -6.1034 -4.0000 3.0090e+01
2.0000 -4.1814 -6.5145 -0.8341 0.3615 -5.8170 -5.8888 1.3828e+01
2.0000 -6.0594 -6.2782 1.7878 0.5738 -8.0000 -5.8581 4.0936e+01
2.0000 -4.5211 -5.6035 -0.1962 0.0209 -6.0949 -4.0000 1.2697e+01
2.0000 -5.6867 -6.4493 0.9233 1.3418 -6.4528 -4.0000 1.2489e+01
2.0000 -5.5215 -5.6080 2.0000 0.3339 -8.0000 -4.0000 3.1852e+01
2.0000 -6.2672 -4.0000 1.5678 0.3996 -7.0615 -4.0000 1.2409e+01
2.0000 -4.6071 -6.0915 0.0572 0.0866 -6.6805 -4.0000 1.1315e+01
2.0000 -6.2617 -6.4610 1.6245 0.5627 -8.0000 -4.0000 4.2203e+01
2.0000 -6.5600 -6.5146 2.0000 0.9521 -8.0000 -4.5625 4.1342e+01
2.0000 -4.0000 -6.6060 -0.4283 0.5027 -6.1412 -4.0000 1.9720e+01
2.0000 -6.8607 -6.1506 2.0000 0.6559 -8.0000 -5.8818 9.2443e+01
2.0000 -5.0287 -6.5596 1.6923 1.5667 -7.1337 -4.0036 1.6764e+01
2.0000 -6.2999 -5.3398 0.9179 0.4049 -6.2901 -4.0000 2.6571e+01
2.0000 -4.9853 -6.6434 0.3380 1.5548 -5.8416 -4.0000 1.7982e+01
2.0000 -7.6088 -5.8866 2.0000 0.4181 -8.0000 -4.0000 8.0338e+01
2.0000 -7.3600 -6.0354 2.0000 0.5575 -8.0000 -4.0000 7.3891e+01
2.0000 -6.8779 -5.0501 1.8049 0.3106 -7.1153 -4.0000 1.6628e+01
2.0000 -5.6545 -4.5160 2.0000 0.1480 -7.1413 -4.0000 2.0388e+01
2.0000 -5.9914 -6.3599 2.0000 0.8633 -8.0000 -4.0000 2.9025e+01
2.0000 -4.0000 -6.4984 -0.4060 0.4055 -6.1934 -4.0000 2.5806e+01
2.0000 -7.1385 -5.0182 2.0000 0.4342 -6.8730 -4.0000 4.3868e+01
2.0000 -6.4412 -5.2144 1.7895 0.1784 -7.5426 -4.4962 1.4371e+01
2.0000 -6.6184 -6.1634 2.0000 1.3600 -7.2337 -5.8827 9.3725e+01
2.0000 -6.2369 -4.9859 1.1774 0.3491 -6.3191 -4.0000 1.7486e+01
2.0000 -4.0000 -6.5621 -0.7388 0.2195 -6.1172 -4.0000 6.8736e+00
2.0000 -4.0000 -6.4897 0.8225 0.7081 -7.4601 -4.0000 1.1805e+01
2.0000 -6.5902 -6.3448 2.0000 0.8066 -8.0000 -4.0000 3.8363e+01
2.0000 -6.4693 -6.0369 1.1905 0.4258 -7.3578 -5.8821 2.6107e+01
2.0000 -6.1705 -5.6186 2.0000 0.3088 -8.0000 -4.0000 2.5526e+01
2.0000 -6.5464 -6.1472 2.0000 1.6618 -6.8910 -4.0000 5.3993e+01
2.0000 -5.6989 -4.2443 1.4745 0.0899 -6.4876 -4.0001 8.2592e+00
2.0000 -6.0200 -5.6120 1.6494 0.3120 -7.6160 -4.2772 2.7127e+01
2.0000 -5.8285 -5.2978 2.0000 0.1463 -8.0000 -5.6819 2.2480e+01
2.0000 -6.0627 -5.2431 0.9291 0.2268 -6.5916 -4.0000 9.1859e+00
2.0000 -7.5286 -6.0247 2.0000 0.5357 -8.0000 -4.3798 5.6260e+01
2.0000 -4.1052 -6.5528 -1.2533 0.6148 -5.1437 -5.8892 2.5465e+01
2.0000 -4.1712 -6.6899 -0.7524 1.2454 -5.1116 -4.2000 3.7296e+01
2.0000 -5.1620 -6.4718 2.0000 1.2515 -8.0000 -4.0001 2.3338e+01
2.0000 -4.0000 -4.0000 -0.2076 -0.0473 -5.5701 -4.1286 3.7111e+01
2.0000 -4.1007 -5.3790 -0.7523 -0.0424 -5.4001 -4.0000 3.5033e+01
2.0000 -5.3801 -6.5128 0.2208 0.8863 -6.2869 -4.1078 4.4163e+00
2.0000 -6.4281 -5.6146 2.0000 0.2848 -8.0000 -4.3966 2.9831e+01
2.0000 -5.3260 -6.5623 1.6980 1.5156 -7.1622 -4.1364 1.0912e+01
2.0000 -5.5029 -6.4700 0.2387 0.7114 -6.4540 -4.0000 9.3024e+00
2.0000 -4.5247 -4.9216 -0.6282 0.0189 -4.9104 -4.2801 4.1932e+01
2.0000 -5.9732 -4.0000 1.4120 1.0918 -6.6195 -4.4485 4.1658e+01
2.0000 -4.5753 -5.4464 1.4555 0.1603 -7.5282 -4.0224 1.7932e+01
2.0000 -6.9004 -6.3159 2.0000 0.7819 -8.0000 -4.0000 4.0716e+01
2.0000 -4.0000 -6.2208 -0.7122 0.1547 -5.9418 -4.0000 2.3279e+01
2.0000 -6.1388 -5.3839 2.0000 0.1155 -8.0000 -4.0000 2.4632e+01
2.0000 -5.2287 -6.0382 -0.0284 0.1086 -6.5250 -4.0000 1.1138e+01
2.0000 -6.3163 -5.5822 2.0000 0.2620 -8.0000 -4.0000 1.8715e+01
2.0000 -6.2377 -5.6381 2.0000 0.3004 -8.0000 -4.0000 3.2354e+01
2.0000 -5.2521 -5.9780 0.0548 0.1384 -6.5230 -4.0000 1.4779e+01
2.0000 -4.0000 -6.6969 -0.7454 1.1457 -5.2275 -4.0000 2.4036e+01
2.0000 -4.0000 -6.1802 -1.6208 0.2840 -4.8286 -4.0000 9.3759e+01
2.0000 -6.2761 -6.3655 2.0000 1.4724 -7.3153 -5.8899 3.3051e+01
2.0000 -5.6710 -5.7374 0.3282 0.2049 -6.4959 -4.0000 8.8200e+00
2.0000 -4.8916 -6.5445 1.1404 1.2713 -6.8368 -4.2511 1.3328e+01
2.0000 -7.0224 -5.0400 2.0000 0.6636 -6.1502 -4.0009 4.6627e+01
2.0000 -5.8052 -6.4081 2.0000 0.9321 -8.0000 -4.0000 2.2289e+01
2.0000 -4.2104 -6.5921 -0.3913 1.1806 -5.4438 -4.0000 3.9464e+01
2.0000 -4.5831 -4.0000 0.1761 0.1099 -5.7355 -5.8874 4.4697e+01
2.0000 -6.7598 -5.2732 1.4006 0.3027 -6.8849 -4.0000 4.1754e+01
2.0000 -6.4874 -6.3142 2.0000 1.7929 -6.9313 -4.0000 3.8208e+01
2.0000 -4.0000 -5.8638 0.0516 0.1762 -6.8106 -4.0000 1.8125e+01
2.0000 -6.0523 -5.3066 2.0000 1.7463 -5.6588 -7.0973 1.9255e+01
2.0000 -5.5702 -6.4843 0.4561 0.9660 -6.4105 -4.0000 6.4186e+00
2.0000 -5.2142 -6.6235 0.2947 1.2000 -6.1400 -4.0000 1.4334e+01
2.0000 -5.5620 -6.1205 -0.2337 0.3997 -5.9987 -4.0000 3.9776e+01
2.0000 -4.7977 -4.0000 0.4486 0.0484 -6.0553 -4.0000 1.6125e+01
2.0000 -5.5204 -6.4459 0.4529 0.9890 -6.3466 -4.0000 1.5300e+01
2.0000 -4.0000 -6.4424 -0.4177 0.2279 -6.4642 -5.3617 1.6281e+01
2.0000 -4.9338 -5.4346 -0.1115 0.1680 -5.8383 -4.0000 4.5319e+01
2.0000 -5.4124 -6.4602 0.5280 1.2900 -6.1217 -5.8833 1.5561e+01
2.0000 -5.8829 -5.0791 1.6231 0.1740 -7.2686 -4.0000 2.2612e+01
2.0000 -4.0000 -6.4412 1.2184 0.4348 -7.7714 -4.0000 1.5115e+01
2.0000 -6.8231 -5.4367 1.5132 0.3374 -7.2000 -4.0000 3.1383e+01
2.0000 -5.6814 -5.9476 1.7265 0.3060 -8.0000 -4.0000 2.8403e+01
2.0000 -5.2914 -6.4264 -0.1314 0.2869 -6.5291 -4.1021 7.7250e+00
2.0000 -4.0000 -6.4482 0.8933 0.7311 -8.0000 -4.0000 1.9946e+01
2.0000 -4.0000 -6.0131 -1.8871 0.0608 -4.6682 -4.0000 6.2298e+01
2.0000 -5.2064 -6.6115 0.5757 1.4755 -6.1281 -4.0001 1.1307e+01
2.0000 -4.0000 -6.5008 0.8831 1.1046 -7.5599 -5.8608 2.3277e+01
2.0000 -4.0017 -6.1785 -0.0305 0.0992 -6.8659 -5.8862 7.4354e+00
2.0000 -6.1558 -5.3732 2.0000 1.7579 -5.5993 -5.0521 2.0283e+01
2.0000 -4.5045 -6.4867 -0.2866 0.2849 -6.4299 -4.0112 1.1040e+01
2.0000 -4.3545 -6.1656 -0.9608 0.0354 -5.7864 -5.8795 1.2580e+01
2.0000 -5.7176 -6.3627 1.9525 0.8422 -8.0000 -4.0000 3.1084e+01
2.0000 -6.8505 -4.8769 2.0000 0.3500 -7.1130 -4.1949 1.4806e+01
2.0000 -5.6283 -6.5043 0.6665 1.1325 -6.4656 -4.0000 9.6158e+00
2.0000 -4.1905 -6.3382 -0.2756 0.2184 -6.4143 -4.0505 1.1133e+01
2.0000 -5.7247 -6.4198 1.3196 1.7663 -6.3881 -4.1835 1.2399e+01
2.0000 -4.7729 -5.5691 -0.6223 0.0097 -5.6180 -4.3862 1.9402e+01
2.0000 -5.7815 -6.4737 2.0000 0.9960 -8.0000 -4.0000 2.3072e+01
2.0000 -4.8000 -6.5413 -0.3003 0.4888 -6.2280 -4.0000 1.5570e+01
2.0000 -4.1123 -4.0000 -0.8972 0.0639 -4.8904 -4.0000 5.1226e+01
2.0000 -5.1855 -6.0089 0.2506 0.2961 -6.5600 -4.0000 3.1545e+01
2.0000 -4.0000 -6.5144 -0.7976 0.7217 -5.4491 -4.0000 4.5326e+01
2.0000 -5.1520 -6.2860 0.6221 0.2630 -7.1948 -4.0000 1.7471e+01
2.0000 -4.0000 -6.4374 0.9452 1.2356 -8.0000 -4.0000 1.4112e+01
2.0000 -6.2242 -5.4680 2.0000 0.1756 -8.0000 -4.0000 2.1523e+01
2.0000 -4.0000 -4.9906 0.7983 0.0711 -6.5543 -4.0287 1.8860e+01
2.0000 -4.0000 -6.5710 -1.0001 0.1886 -5.8991 -4.0000 1.5060e+01
2.0000 -5.3558 -6.5424 0.7201 1.3646 -6.3181 -4.0000 1.0097e+01
2.0000 -6.0933 -6.3233 1.5428 1.7565 -6.5185 -4.0000 2.3328e+01
2.0000 -6.0944 -5.2354 2.0000 1.7337 -5.4400 -8.0000 5.7849e+01
2.0000 -6.8939 -5.5927 2.0000 0.2578 -8.0000 -4.0000 3.8906e+01
2.0000 -6.6662 -6.2316 2.0000 0.7177 -8.0000 -4.0000 6.1319e+01
2.0000 -5.6340 -6.3587 0.4337 0.3536 -6.9610 -4.0000 1.5621e+01
2.0000 -6.2604 -6.4191 2.0000 1.1548 -7.6955 -4.0000 1.9677e+01
2.0000 -4.0000 -6.3956 0.9458 1.3962 -7.4301 -4.0000 4.2081e+01
2.0000 -5.2320 -6.3888 2.0000 0.9018 -8.0000 -4.0000 2.2056e+01
2.0000 -4.0120 -5.9266 -1.3258 0.1198 -5.1167 -5.8900 4.9529e+01
2.0000 -4.0000 -6.5255 -0.6939 0.3885 -5.9358 -4.0000 2.3800e+01
2.0000 -5.2403 -6.5296 1.1445 1.2000 -6.8995 -4.0659 9.4390e+00
2.0000 -5.1631 -6.5300 2.0000 1.3522 -8.0000 -4.0000 2.4864e+01
2.0000 -6.2593 -5.4786 2.0000 1.7686 -5.4049 -4.2803 1.6800e+01
2.0000 -4.0000 -6.5005 0.8954 0.6051 -8.0000 -4.1459 2.4285e+01
2.0000 -6.7798 -5.0481 1.8194 0.1787 -7.3600 -4.2667 2.1060e+01
2.0000 -5.5938 -6.5210 1.6867 0.9998 -7.6610 -4.0001 1.4775e+01
2.0000 -5.1708 -6.4327 1.4955 0.5683 -8.0000 -4.0002 2.9557e+01
2.0000 -6.2020 -4.0000 2.0000 0.1752 -7.6663 -4.0000 1.5182e+01
2.0000 -4.0000 -5.8875 0.8520 0.1191 -8.0000 -4.0000 2.4360e+01
2.0000 -4.8192 -6.1243 0.4620 0.2538 -6.9965 -4.0000 1.7680e+01
2.0000 -4.2078 -6.7004 -0.4906 0.8926 -5.7479 -4.0998 2.6141e+01
2.0000 -5.9750 -6.5075 1.9666 0.9142 -8.0000 -4.0022 2.5200e+01
2.0000 -5.5978 -5.6861 0.2978 0.0971 -6.5527 -4.0000 7.6186e+00
2.0000 -6.3402 -6.3922 2.0000 0.8464 -8.0000 -4.0000 3.0680e+01
2.0000 -4.0000 -6.4637 1.2000 0.2034 -8.0000 -4.0000 4.3823e+01
2.0000 -5.4288 -5.4400 0.6508 0.1721 -6.6178 -4.0000 6.4407e+00
2.0000 -6.0476 -5.0920 1.8011 0.0936 -7.5481 -4.0000 3.1052e+01
2.0000 -4.9775 -6.4123 2.0000 1.2318 -8.0000 -4.0000 2.5935e+01
2.0000 -4.0127 -6.4650 -0.3240 0.5724 -6.0431 -4.0000 2.9889e+01
2.0000 -4.0000 -6.3401 -1.4402 0.0718 -5.4056 -4.8246 2.3641e+01
2.0000 -6.2507 -4.8810 1.2000 0.4394 -5.7618 -4.0000 2.4579e+01
2.0000 -7.2000 -5.7795 2.0000 0.3809 -8.0000 -5.0012 3.1627e+01
2.0000 -5.2484 -6.4930 2.0000 0.9435 -8.0000 -4.0312 2.9876e+01
2.0000 -5.6151 -6.4901 0.5182 0.9829 -6.4605 -4.2019 4.8504e+00
2.0000 -4.0000 -6.3036 -0.2090 0.2295 -6.5990 -4.3899 1.4605e+01
2.0000 -4.0000 -6.4873 -0.8680 0.2949 -5.8373 -4.0000 2.1669e+01
2.0000 -4.6539 -6.5645 2.0000 1.0148 -8.0000 -4.0000 3.0989e+01
2.0000 -5.9714 -6.4757 1.5144 1.6513 -6.7548 -4.0000 1.3294e+01
2.0000 -4.0000 -6.3778 -0.0927 0.2917 -6.7351 -4.0000 1.5578e+01
2.0000 -4.9443 -6.4334 0.1578 0.7360 -6.3152 -4.0000 2.5724e+01
2.0000 -6.5516 -4.9080 2.0000 0.3963 -7.1883 -4.0000 6.9774e+01
2.0000 -5.6835 -6.5862 2.0000 1.7042 -7.2964 -4.0000 1.7908e+01
2.0000 -5.9715 -6.3361 2.0000 0.9696 -7.8147 -4.0000 2.7350e+01
2.0000 -5.5813 -6.5600 0.8617 1.5854 -6.2513 -4.0000 2.2733e+01
2.0000 -5.7585 -6.2363 1.4330 0.2998 -8.0000 -5.8623 2.5664e+01
2.0000 -4.0000 -6.6593 0.4286 1.2000 -6.3616 -4.0000 1.4237e+01
2.0000 -4.0000 -6.3086 -0.0163 0.1105 -6.7906 -4.0000 4.5274e+00
2.0000 -6.1596 -5.4334 2.0000 1.7533 -5.4481 -8.0000 3.3604e+01
2.0000 -5.4878 -6.4491 0.8803 0.4312 -7.3960 -4.0000 1.7536e+01
2.0000 -4.0008 -6.1085 -2.0000 0.4831 -4.0000 -5.8882 1.3343e+02
2.0000 -5.2910 -6.5412 2.0000 1.5319 -7.4777 -4.0000 1.5839e+01
2.0000 -5.8397 -5.1032 0.7122 0.0895 -6.3934 -4.0000 8.8917e+00
2.0000 -6.3259 -6.3005 2.0000 1.3479 -7.3808 -4.8000 3.8528e+01
2.0000 -5.8588 -6.4486 1.1468 1.4376 -6.5776 -4.0000 1.0266e+01
2.0000 -4.0072 -5.4840 0.8247 0.1096 -7.2984 -5.8685 7.8201e+00
2.0000 -5.9270 -6.4568 2.0000 1.6098 -7.2642 -4.0000 1.9384e+01
2.0000 -6.3934 -5.4227 2.0000 0.1391 -8.0000 -4.0000 2.3213e+01
2.0000 -5.0476 -5.1746 -0.0800 0.1888 -5.5548 -4.6751 2.3384e+01
2.0000 -4.0000 -5.3000 0.8200 0.2031 -7.0009 -4.0000 2.0924e+01
2.0000 -5.5066 -6.4336 0.9000 1.6073 -6.1427 -4.0000 1.2659e+01
2.0000 -4.0000 -6.0499 1.0059 0.2348 -8.0000 -4.1611 1.9543e+01
2.0000 -4.0000 -5.8805 -0.8764 -0.0302 -5.7137 -4.0000 2.4109e+01
2.0000 -5.8625 -6.4061 1.4657 1.7838 -6.5023 -4.0000 1.5616e+01
2.0000 -4.1359 -6.6665 -0.6924 0.6195 -5.8048 -4.0000 1.4461e+01
2.0000 -6.3760 -5.5528 2.0000 0.2397 -8.0000 -4.0000 2.6802e+01
2.0000 -6.4086 -6.0364 1.0673 0.3910 -7.2734 -4.0000 2.7709e+01
2.0000 -4.4498 -6.4205 1.3612 0.8528 -8.0000 -5.5477 2.6118e+01
2.0000 -5.9749 -5.4465 2.0000 0.3236 -8.0000 -4.0000 3.2122e+01
2.0000 -5.7629 -4.3914 2.0000 0.0782 -7.0840 -4.0000 1.5797e+01
2.0000 -7.1275 -5.3594 2.0000 0.2614 -7.7478 -4.0000 2.7559e+01
2.0000 -6.1962 -5.9738 1.7290 0.3077 -8.0000 -4.0000 2.4636e+01
2.0000 -5.5555 -5.5869 1.2000 0.0892 -7.4015 -4.0000 1.9819e+01
2.0000 -6.5849 -6.3284 2.0000 0.7937 -8.0000 -4.1406 2.7180e+01
2.0000 -6.4105 -5.7794 2.0000 0.4016 -8.0000 -4.0000 6.8509e+01
2.0000 -4.9853 -6.2835 -0.7231 0.2159 -5.8951 -4.0000 2.5690e+01
2.0000 -4.0000 -6.4144 0.2591 0.1834 -7.1354 -4.0000 9.5187e+00
2.0000 -4.6940 -5.5244 -0.2864 0.1225 -5.8073 -4.0000 2.6000e+01
2.0000 -4.4679 -6.5838 0.3865 1.3739 -6.0160 -4.0000 2.5774e+01
2.0000 -4.0000 -6.5718 -1.3760 0.2377 -5.4656 -4.1755 2.3410e+01
2.0000 -5.1685 -4.9661 0.1255 0.2501 -5.4261 -4.0000 4.0503e+01
2.0000 -4.2192 -6.4946 0.4851 1.0459 -6.5294 -4.0000 3.3434e+01
2.0000 -4.8469 -5.7102 0.5085 1.7783 -4.0000 -7.1558 6.3120e+01
2.0000 -6.3577 -6.3272 1.5425 0.3924 -8.0000 -4.0000 4.5282e+01
2.0000 -4.0000 -6.6507 -0.1230 0.8441 -6.1200 -4.0000 1.6304e+01
2.0000 -6.2139 -6.0197 1.4695 0.2518 -7.8432 -4.0000 2.6473e+01
2.0000 -4.0000 -6.5018 0.8480 1.1602 -6.9625 -4.0000 1.3292e+01
2.0000 -4.0000 -6.4605 0.9966 1.1525 -8.0000 -4.2363 2.4404e+01
2.0000 -6.7293 -4.0000 2.0000 0.2214 -7.5777 -4.0000 4.5448e+01
2.0000 -5.0911 -6.6232 0.2627 1.0332 -6.2804 -4.0103 6.0698e+00
2.0000 -4.0000 -6.6715 -0.4932 0.7795 -5.8372 -4.0000 2.4362e+01
2.0000 -4.0000 -6.5648 -0.9461 0.5231 -5.5647 -4.0000 1.6142e+01
2.0000 -5.7863 -5.4353 2.0000 0.2087 -8.0000 -4.6579 1.5924e+01
2.0000 -4.7832 -6.6165 0.4895 0.9767 -6.5600 -4.0000 1.7815e+01
2.0000 -4.0000 -5.1578 0.8720 0.1337 -7.4858 -4.0000 1.7086e+01
2.0000 -6.2765 -5.4965 2.0000 0.1978 -8.0000 -4.0000 2.1341e+01
2.0000 -5.1939 -6.4322 0.8134 0.6553 -7.0602 -4.0000 1.1478e+01
2.0000 -5.9500 -5.0367 1.2000 0.2034 -6.7347 -5.8777 1.5856e+01
2.0000 -4.0000 -6.1911 -1.4617 0.0894 -5.2388 -4.0000 3.1292e+01
2.0000 -4.4159 -5.7536 -0.4705 -0.0106 -5.9870 -4.3808 1.9872e+01
2.0000 -5.7963 -6.4427 0.6336 0.8894 -6.6307 -5.8871 8.6566e+00
2.0000 -5.8025 -4.3862 2.0000 0.1036 -7.0497 -4.0000 1.1272e+01
2.0000 -5.3942 -5.6766 0.0136 0.0605 -6.2980 -4.3867 7.5704e+00
2.0000 -7.2517 -5.7113 2.0000 0.3265 -8.0000 -4.0000 3.3009e+01
2.0000 -5.9135 -5.4919 2.0000 0.2973 -8.0000 -4.5537 1.7845e+01
2.0000 -4.8127 -6.0860 -0.4107 0.0954 -6.1997 -5.8859 1.1794e+01
2.0000 -5.2807 -6.3330 1.9392 1.0000 -7.7214 -5.6110 3.5863e+01
2.0000 -5.1689 -6.1154 -0.0796 0.1985 -6.4305 -4.0000 8.2615e+00
2.0000 -4.0000 -5.2177 0.9945 0.1881 -7.1050 -4.0000 1.5840e+01
2.0000 -5.8147 -5.0259 1.0493 0.1736 -6.6061 -5.8889 1.6662e+01
2.0000 -4.0440 -6.4786 -1.4629 0.4226 -5.0834 -5.8828 3.2529e+01
2.0000 -6.1457 -4.1025 2.0000 0.1882 -7.2000 -4.0000 1.4117e+01
2.0000 -6.3659 -5.5138 2.0000 0.2103 -8.0000 -4.0000 3.5629e+01
2.0000 -7.2000 -5.2215 2.0000 0.4676 -7.2000 -4.4696 2.9944e+01
2.0000 -6.0830 -4.9102 2.0000 0.2111 -7.4476 -4.0001 9.3213e+00
2.0000 -6.1320 -6.5410 1.5900 1.5364 -7.0113 -4.0000 1.5957e+01
2.0000 -5.8481 -4.0000 1.1379 0.3261 -6.6647 -4.0946 1.1306e+01
2.0000 -6.4744 -4.9798 1.3330 0.4975 -5.5151 -4.0000 3.9372e+01
2.0000 -5.9179 -6.4616 0.9959 1.1557 -6.7297 -4.0000 1.0106e+01
2.0000 -4.3867 -6.5931 -0.3611 0.7831 -5.8924 -5.8901 2.3520e+01
2.0000 -4.9725 -6.5021 -0.3193 0.4347 -6.2350 -4.0000 1.0134e+01
2.0000 -4.9852 -6.5548 0.0813 0.9272 -6.1451 -5.8747 1.1916e+01
2.0000 -5.3465 -6.5056 0.2233 0.9984 -6.1636 -4.0000 1.5252e+01
2.0000 -4.0000 -5.5585 -1.3384 0.0897 -4.8000 -4.1503 6.6890e+01
2.0000 -5.1387 -6.3563 2.0000 1.3289 -8.0000 -5.8793 2.4606e+01
2.0000 -6.6704 -6.3263 2.0000 0.7915 -8.0000 -4.0000 2.8972e+01
2.0000 -5.1300 -6.2796 0.6092 0.1760 -7.3402 -4.0000 2.0799e+01
2.0000 -4.0633 -6.5065 0.9116 0.8936 -7.4697 -4.0000 1.2061e+01
2.0000 -4.8000 -6.5437 0.4164 0.4516 -7.0297 -4.0000 1.6303e+01
2.0000 -5.2863 -6.5144 1.2000 1.2000 -6.9406 -4.0000 1.0992e+01
2.0000 -4.0000 -6.5042 0.7840 0.7937 -6.9874 -4.3639 1.1896e+01
2.0000 -4.6333 -5.5452 2.0000 0.2418 -8.0000 -4.0000 1.4493e+01
2.0000 -4.0000 -6.6413 0.3545 1.0401 -6.3941 -4.0000 1.6789e+01
2.0000 -4.3744 -6.5689 0.6872 1.3451 -6.3310 -4.0000 1.6136e+01
2.0000 -5.0836 -6.6128 0.2461 1.2746 -6.0045 -4.0000 1.2033e+01
2.0000 -7.1786 -6.2147 2.0000 0.6988 -8.0000 -4.0000 4.7719e+01
2.0000 -4.6714 -6.0196 -1.0155 0.1750 -5.4213 -4.1459 2.8991e+01
2.0000 -5.8873 -6.3011 0.8480 1.1862 -6.3905 -4.0000 2.1891e+01
2.0000 -6.5987 -6.2180 1.7440 0.4863 -8.0000 -4.0001 4.7417e+01
2.0000 -4.0000 -6.4020 -1.1754 0.1771 -5.5972 -4.0000 1.9899e+01
2.0000 -7.0734 -6.2371 2.0000 0.7185 -8.0000 -5.8736 3.9884e+01
2.0000 -6.2970 -5.6809 2.0000 0.3325 -8.0000 -4.0000 3.4664e+01
2.0000 -5.1784 -5.7824 -0.5865 0.4646 -5.0879 -4.0389 5.3792e+01
2.0000 -4.0000 -5.7841 -1.1639 -0.0064 -5.3092 -4.0000 4.3399e+01
2.0000 -4.6514 -6.4971 -0.0161 0.4711 -6.4952 -4.9492 1.3761e+01
2.0000 -4.0000 -6.7092 -0.1733 1.0105 -5.9517 -4.5940 2.4271e+01
2.0000 -5.4035 -6.4313 1.2000 0.9996 -7.0713 -4.1057 1.5175e+01
2.0000 -5.1278 -6.4416 -0.2762 0.2742 -6.4120 -4.0000 5.0989e+00
2.0000 -5.1318 -6.4929 2.0000 1.4795 -8.0000 -4.0000 1.4721e+01
2.0000 -5.6130 -6.3321 1.4607 0.6320 -7.7420 -4.0000 3.9421e+01
2.0000 -6.7420 -5.6530 2.0000 0.3070 -8.0000 -4.0000 2.9589e+01
2.0000 -5.4812 -6.4360 1.6911 0.7647 -8.0000 -4.3458 2.6025e+01
2.0000 -6.5121 -5.8006 2.0000 0.4156 -8.0000 -5.8836 7.6501e+01
2.0000 -4.0000 -6.3281 -1.1118 0.0096 -5.8012 -4.0000 1.6117e+01
2.0000 -4.0000 -5.9642 -2.0000 0.3626 -4.0000 -4.0000 1.3363e+02
2.0000 -5.5820 -5.4400 0.3732 0.2327 -6.2293 -4.0000 1.2466e+01
2.0000 -4.4565 -6.2114 0.6773 0.2016 -7.3835 -4.5043 2.0270e+01
2.0000 -6.0199 -6.1922 1.1291 0.4217 -7.4398 -4.0000 4.1218e+01
2.0000 -5.9524 -6.4025 2.0000 0.8887 -8.0000 -4.0000 3.0731e+01
2.0000 -4.8000 -6.1863 0.0852 1.6270 -5.0329 -4.0000 1.5002e+02
2.0000 -7.1822 -4.9585 2.0000 0.4598 -5.5221 -4.0000 3.2079e+01
2.0000 -5.4453 -6.4551 0.3290 0.8998 -6.3267 -4.0000 1.7614e+01
2.0000 -5.7954 -4.0000 1.1992 0.2574 -6.7073 -4.0000 2.0466e+01
2.0000 -7.0720 -6.1956 2.0000 1.2000 -7.4144 -5.8881 4.9110e+01
2.0000 -5.2127 -6.4771 2.0000 1.0447 -8.0000 -4.0000 1.8136e+01
2.0000 -5.6274 -5.6555 0.4610 0.1221 -6.6660 -4.0000 7.0800e+00
2.0000 -6.9760 -5.0834 1.9028 0.3012 -7.2773 -4.0000 1.4031e+01
2.0000 -5.9400 -6.5016 2.0000 1.2000 -7.7280 -4.0000 1.5068e+01
2.0000 -5.7388 -5.6529 1.3177 0.1541 -7.5032 -4.4416 1.6040e+01
2.0000 -5.2705 -6.4231 -0.0340 0.3079 -6.6001 -4.0000 7.3706e+00
2.0000 -5.5839 -5.8617 0.2808 0.3094 -6.4358 -4.0000 2.4949e+01
2.0000 -6.2499 -5.6408 2.0000 0.3023 -8.0000 -4.0010 2.8187e+01
2.0000 -7.2000 -5.2179 2.0000 0.4642 -7.2000 -4.0000 5.0139e+01
2.0000 -4.0000 -6.6622 -0.1029 0.9352 -6.0548 -4.0000 2.2332e+01
2.0000 -4.5954 -6.6304 0.1154 0.7631 -6.4247 -4.0255 1.4945e+01
2.0000 -5.8103 -4.0000 2.0000 0.2535 -8.0000 -4.0000 2.3662e+01
2.0000 -5.5328 -6.4944 1.1517 1.7816 -6.2789 -4.0000 1.0336e+01
2.0000 -5.8978 -6.3824 1.6162 1.4181 -7.0030 -4.0000 3.0127e+01
2.0000 -6.3354 -6.4479 2.0000 0.8934 -8.0000 -4.0000 2.9321e+01
2.0000 -5.9534 -5.2760 0.7142 0.1993 -6.4245 -4.0000 9.3193e+00
2.0000 -6.1037 -6.3911 2.0000 0.8452 -8.0000 -4.0000 2.5081e+01
2.0000 -5.7519 -6.4238 2.0000 1.2000 -7.6672 -5.5471 2.3266e+01
2.0000 -5.8899 -6.4170 2.0000 0.8685 -8.0000 -4.0000 1.8843e+01
2.0000 -4.0000 -4.0901 -0.0808 -0.1052 -5.3841 -4.0000 4.0680e+01
2.0000 -4.4589 -6.5504 -0.5377 0.3899 -6.1113 -4.0000 1.1894e+01
2.0000 -6.9634 -5.0427 2.0000 0.3159 -7.3454 -5.8901 1.8107e+01
2.0000 -6.3120 -5.2846 1.0013 0.3267 -6.4962 -4.3675 1.6266e+01
2.0000 -4.0000 -5.4372 0.0944 0.0826 -6.2601 -4.8251 1.4237e+01
2.0000 -5.6015 -6.4730 0.7197 1.2724 -6.3436 -4.0000 1.5480e+01
2.0000 -5.4708 -6.5041 1.1182 1.7801 -6.2566 -4.0000 1.1795e+01
2.0000 -4.0033 -6.3695 -0.2351 0.1356 -6.5642 -4.0000 8.4826e+00
2.0000 -7.2993 -5.2454 2.0000 0.5525 -6.7344 -4.8494 4.8055e+01
2.0000 -5.5323 -6.6086 1.1428 1.1328 -7.0436 -4.0000 1.2730e+01
2.0000 -4.0000 -6.4469 0.2561 0.2587 -7.0278 -5.0145 1.8550e+01
2.0000 -5.8857 -6.4454 1.2855 1.5660 -6.5822 -4.0030 8.2538e+00
2.0000 -5.1545 -6.5388 2.0000 1.4080 -8.0000 -4.0000 2.6618e+01
2.0000 -4.0000 -6.6468 0.0093 1.5218 -5.5501 -4.0000 3.0008e+01
2.0000 -5.3996 -6.5639 0.7726 1.1948 -6.5655 -4.0189 3.9864e+00
2.0000 -4.0000 -5.9795 -0.1493 0.1671 -6.4949 -4.0001 2.7788e+01
2.0000 -5.0324 -5.5753 0.5895 0.1207 -6.7456 -4.1893 1.4001e+01
2.0000 -5.6833 -6.5293 2.0000 1.5171 -7.4299 -4.0000 1.2941e+01
2.0000 -6.2633 -6.5393 2.0000 0.9738 -8.0000 -4.0000 4.6728e+01
2.0000 -5.2332 -6.4419 -0.1465 0.3323 -6.4742 -4.0000 5.7898e+00
2.0000 -5.1589 -6.5219 2.0000 1.4195 -7.8972 -4.0000 2.3551e+01
2.0000 -4.8588 -6.3584 -0.4223 0.4207 -6.0251 -4.2159 1.9585e+01
2.0000 -5.4815 -4.0000 0.7529 0.3536 -6.2784 -4.0000 1.2204e+01
2.0000 -6.4596 -6.2113 1.1467 0.3641 -7.5358 -4.0000 3.4552e+01
2.0000 -6.1000 -6.4486 2.0000 1.6651 -7.2005 -5.8698 1.5619e+01
2.0000 -4.0000 -6.7431 0.1825 1.6713 -5.6679 -4.0000 1.7454e+01
2.0000 -5.8686 -6.5121 2.0000 1.0077 -8.0000 -4.0000 2.0168e+01
2.0000 -4.0000 -5.0495 0.9319 0.2898 -7.4451 -4.0000 5.2642e+01
2.0000 -5.6899 -5.7690 0.5380 0.1151 -6.8546 -4.0000 1.3117e+01
2.0000 -5.7147 -5.3920 2.0000 0.1671 -8.0000 -4.0000 1.0692e+01
2.0000 -4.0000 -6.5711 0.2549 0.9356 -6.4425 -4.0000 1.2616e+01
2.0000 -6.6418 -5.4718 2.0000 0.1731 -8.0000 -4.0000 2.8508e+01
2.0000 -5.5294 -6.1042 1.3235 0.2148 -8.0000 -4.0000 3.0008e+01
2.0000 -5.3203 -6.4740 1.1316 0.6758 -7.3927 -4.0001 1.7457e+01
2.0000 -4.0001 -6.4693 0.8197 0.7400 -7.3600 -5.5342 2.4495e+01
2.0000 -4.0000 -6.1604 0.2627 0.1172 -7.0341 -5.8481 1.7282e+01
2.0000 -5.3513 -6.4810 0.5600 1.2203 -6.2466 -5.8888 1.3998e+01
2.0000 -4.0000 -6.0201 -0.0993 0.1018 -6.6286 -4.0000 1.4155e+01
2.0000 -4.3068 -5.6771 0.0335 0.0525 -6.4005 -4.6189 1.0948e+01
2.0000 -5.5211 -6.5600 0.4466 0.7141 -6.7425 -4.0000 1.2573e+01
2.0000 -4.8635 -6.0897 0.6068 0.2112 -7.3600 -4.0000 1.3299e+01
2.0000 -7.1106 -5.4495 2.0000 0.3263 -7.7619 -5.8667 2.4904e+01
2.0000 -6.6156 -6.3500 2.0000 1.5152 -7.2545 -4.0000 1.1374e+01
2.0000 -4.0000 -5.5798 -1.0173 -0.0952 -5.3774 -4.0000 2.5890e+01
2.0000 -5.4780 -6.2835 0.2565 0.4827 -6.5677 -4.0000 2.7845e+01
2.0000 -4.0000 -6.5232 1.0097 1.1370 -8.0000 -4.0234 2.5579e+01
2.0000 -6.7392 -6.4560 2.0000 0.9000 -8.0000 -4.1462 4.9897e+01
2.0000 -6.7957 -6.1834 1.4959 0.2493 -8.0000 -4.0000 4.8965e+01
2.0000 -6.1388 -5.3839 2.0000 0.1155 -8.0000 -4.0000 2.4632e+01
2.0000 -6.1721 -5.2643 0.8419 0.1691 -6.5500 -4.0000 1.4814e+01
2.0000 -4.0000 -6.5680 1.0193 1.3940 -7.9386 -4.2054 4.2524e+01
2.0000 -5.7436 -5.6757 0.4088 0.1831 -6.5462 -4.0241 6.8485e+00
2.0000 -5.0742 -5.0450 -0.1934 0.1525 -5.2532 -4.0000 4.1588e+01
2.0000 -5.5769 -6.4680 1.0615 1.2000 -6.7568 -4.0000 2.4875e+01
2.0000 -4.0000 -5.7640 0.8927 0.1951 -7.5267 -4.8000 1.6503e+01
2.0000 -4.0000 -6.5461 0.9693 1.3703 -8.0000 -4.0771 2.9466e+01
2.0000 -6.7991 -6.3985 2.0000 1.0032 -7.8352 -4.0000 4.6743e+01
2.0000 -5.3906 -6.3153 -0.2048 0.5086 -6.0941 -4.0000 2.2003e+01
2.0000 -4.5367 -5.5971 1.8619 0.1634 -8.0000 -4.0000 2.2016e+01
2.0000 -6.0194 -6.4299 1.3255 1.4600 -6.7152 -4.4324 1.4459e+01
2.0000 -5.1711 -6.5317 0.1805 0.9722 -6.1739 -4.0756 1.2845e+01
2.0000 -6.1978 -5.5482 1.8229 0.2464 -7.8109 -4.0000 2.1215e+01
2.0000 -7.3556 -4.3496 2.0000 -1.2512 -6.5516 -4.8070 1.5150e+02
2.0000 -5.2940 -5.6102 1.4370 0.3136 -8.0000 -4.0000 3.0646e+01
2.0000 -5.7506 -5.0931 0.4543 0.1038 -6.0404 -4.1142 1.2827e+01
2.0000 -4.0000 -6.3871 1.0182 1.2000 -8.0000 -4.0000 2.2971e+01
2.0000 -6.2756 -5.5619 2.0000 0.2463 -8.0000 -4.0775 1.8991e+01
2.0000 -4.2066 -6.6919 -0.9153 1.0510 -5.1501 -4.3700 3.1372e+01
2.0000 -6.0383 -6.2074 0.6874 0.3230 -7.1220 -4.0000 2.1160e+01
2.0000 -4.0000 -6.2274 -0.2506 0.2846 -6.4159 -4.0000 3.8978e+01
2.0000 -4.9740 -6.5600 0.6254 1.5393 -6.0626 -4.0000 1.2421e+01
2.0000 -6.5292 -6.3761 2.0000 0.8324 -8.0000 -4.0000 2.7562e+01
2.0000 -4.0000 -6.6876 -1.5127 0.7444 -4.8675 -4.0000 4.4057e+01
2.0000 -4.4416 -5.8900 -0.7613 0.0396 -5.7495 -4.7740 2.6360e+01
2.0000 -5.8323 -6.4105 0.6784 0.8616 -6.6755 -5.8895 6.6154e+00
2.0000 -5.9363 -6.4823 2.0000 1.4635 -7.4384 -4.0000 1.3484e+01
2.0000 -7.3600 -5.2337 2.0000 0.5421 -5.9759 -4.0016 4.0182e+01
2.0000 -5.2666 -5.6548 1.6068 0.1339 -8.0000 -4.0000 3.0558e+01
2.0000 -7.5515 -6.1075 2.0000 0.5966 -8.0000 -4.0000 5.1571e+01
2.0000 -6.7598 -5.7800 1.5834 0.2021 -7.8042 -4.0000 5.2706e+01
2.0000 -5.1929 -6.5600 0.5049 0.8532 -6.6523 -4.3347 9.3220e+00
2.0000 -4.9307 -6.5709 1.0347 1.2000 -6.8298 -4.0000 9.2653e+00
2.0000 -4.9891 -6.4343 1.2000 1.1218 -6.9685 -4.0000 2.4928e+01
2.0000 -5.9016 -6.4193 1.8637 0.7887 -8.0000 -4.0001 2.4901e+01
2.0000 -5.2342 -6.4885 2.0000 0.9855 -8.0000 -4.0000 2.7266e+01
2.0000 -4.0000 -6.5600 0.8536 1.1738 -7.0600 -4.0908 1.6456e+01
2.0000 -6.7928 -5.4061 1.6450 0.3190 -7.3640 -4.0000 2.1483e+01
2.0000 -4.8828 -5.1897 1.2007 0.2436 -6.9131 -4.0000 5.0184e+01
2.0000 -5.8266 -6.4020 2.0000 1.0111 -7.8949 -4.0000 2.2803e+01
2.0000 -6.2099 -5.5653 1.9475 0.2029 -8.0000 -4.8430 2.0704e+01
2.0000 -5.1300 -6.2796 0.6092 0.1760 -7.3402 -4.0000 2.0799e+01
2.0000 -7.2000 -5.2428 2.0000 0.6140 -6.8028 -4.0000 3.5221e+01
2.0000 -4.8650 -6.3444 -0.7845 0.1913 -5.9171 -4.0000 1.6874e+01
2.0000 -6.2605 -6.4250 2.0000 1.6418 -7.2000 -4.0000 1.8274e+01
2.0000 -4.0000 -6.4917 -0.2738 0.2906 -6.7158 -4.0000 1.2812e+01
2.0000 -4.0000 -6.4627 -1.3795 0.2499 -5.3557 -4.0000 1.9397e+01
2.0000 -5.1029 -6.0315 0.0171 0.1140 -6.5614 -4.0000 1.4573e+01
2.0000 -4.0000 -6.1893 -1.0303 -0.0099 -5.7929 -4.0000 1.7435e+01
2.0000 -4.6405 -6.4978 -0.3562 0.3058 -6.3450 -4.0154 9.9493e+00
2.0000 -6.5366 -6.3922 2.0000 1.5433 -7.2679 -4.0004 1.9985e+01
2.0000 -4.5449 -6.6484 0.5126 0.8994 -6.6945 -4.0021 1.2829e+01
2.0000 -5.1158 -6.5149 0.0277 0.7590 -6.2332 -4.0000 5.3973e+00
2.0000 -5.7649 -6.3487 2.0000 1.4892 -7.2815 -4.0000 6.7203e+01
2.0000 -4.3132 -6.1763 1.0031 0.1977 -8.0000 -5.8529 2.3008e+01
2.0000 -5.9618 -6.1495 1.5688 0.2936 -8.0000 -4.0000 2.5681e+01
2.0000 -4.0000 -6.4299 -0.9686 0.1741 -5.8312 -4.0000 1.6435e+01
2.0000 -5.2625 -4.0000 1.0709 0.0602 -6.8399 -4.0000 1.1967e+01
2.0000 -4.9824 -4.8755 2.0000 0.2165 -8.0000 -4.0004 2.0741e+01
2.0000 -5.6973 -6.4690 1.2879 1.7835 -6.3878 -4.0000 9.1460e+00
2.0000 -6.0085 -6.3950 2.0000 0.8672 -8.0000 -4.0000 3.0560e+01
2.0000 -5.5338 -6.4114 0.5074 0.7561 -6.6214 -4.0000 1.7054e+01
2.0000 -4.0000 -6.4540 0.9218 0.9954 -8.0000 -4.0397 2.6505e+01
2.0000 -6.5641 -5.7953 1.2000 0.3799 -7.2000 -4.0000 2.0206e+01
2.0000 -5.0558 -4.0000 0.6796 0.1880 -6.1914 -4.1628 3.6474e+01
2.0000 -4.0000 -5.7364 0.0858 0.0802 -6.6417 -4.0000 1.5296e+01
2.0000 -4.2648 -6.7437 -0.2389 1.3564 -5.5657 -5.0088 2.5271e+01
2.0000 -4.0000 -5.9937 -0.4383 0.0952 -6.1219 -4.6400 2.0400e+01
2.0000 -4.5454 -6.3238 -0.9926 0.3273 -5.5310 -4.0000 2.4791e+01
2.0000 -4.0000 -6.1326 -0.8196 0.2262 -5.6766 -4.0000 4.2309e+01
2.0000 -4.8329 -6.6880 0.6936 1.7524 -6.0425 -4.0000 1.4086e+01
2.0000 -5.5673 -5.6614 0.7705 0.1411 -6.9721 -4.0000 7.1611e+00
2.0000 -5.1848 -6.5070 2.0000 1.1931 -8.0000 -4.0000 2.7508e+01
2.0000 -5.1641 -6.4327 -0.2757 0.2824 -6.3951 -4.0000 6.5014e+00
2.0000 -5.6289 -6.5095 1.3610 1.1397 -7.1589 -4.0000 1.6386e+01
2.0000 -5.9275 -5.2016 0.7453 0.0884 -6.5301 -4.0000 8.5412e+00
2.0000 -5.7861 -5.6928 0.4315 0.2667 -6.4783 -4.0018 1.2141e+01
2.0000 -6.1012 -6.4232 1.7707 1.5554 -7.0575 -5.2176 1.4482e+01
2.0000 -4.0000 -6.5277 0.6175 0.4612 -7.1870 -4.3713 1.2271e+01
2.0000 -5.3728 -6.5719 1.3784 1.7031 -6.6616 -4.0000 1.2291e+01
2.0000 -6.1242 -5.4753 2.0000 0.1812 -8.0000 -4.0000 2.0265e+01
2.0000 -6.7695 -6.2976 2.0000 1.3785 -7.3423 -4.0000 2.5574e+01
2.0000 -6.3579 -6.4562 2.0000 1.2676 -7.6137 -4.0000 1.6640e+01
2.0000 -5.8136 -6.4642 1.3710 0.6661 -7.6343 -4.0000 2.2489e+01
2.0000 -7.2060 -5.1285 2.0000 0.6004 -5.3005 -4.2805 5.6929e+01
2.0000 -4.0786 -5.4442 0.9630 0.1271 -8.0000 -4.0000 1.9345e+01
2.0000 -5.1625 -5.1696 -0.0776 0.0078 -5.7610 -4.0000 2.7880e+01
2.0000 -4.8250 -6.4908 0.9005 1.3600 -6.4536 -4.9163 3.8753e+01
2.0000 -5.5276 -6.4666 0.5335 1.1180 -6.3113 -4.0000 1.2963e+01
2.0000 -6.2112 -6.4034 2.0000 1.6150 -7.2059 -4.0000 2.4954e+01
2.0000 -6.4257 -6.2234 2.0000 1.7980 -6.8325 -4.1114 2.6033e+01
2.0000 -7.2000 -5.3946 2.0000 0.8480 -5.5715 -4.0000 9.7434e+01
2.0000 -6.6199 -5.5828 2.0000 0.2773 -7.9773 -4.0000 2.5073e+01
2.0000 -5.5750 -6.1049 0.8678 0.2610 -7.3007 -5.0469 2.1514e+01
2.0000 -4.0000 -6.6037 -0.3319 0.5153 -6.2778 -4.0317 1.3684e+01
2.0000 -6.4336 -5.5271 2.0000 0.2195 -8.0000 -4.0000 3.7545e+01
2.0000 -5.5803 -6.4795 0.6242 1.1359 -6.3958 -4.0000 8.5398e+00
2.0000 -5.0013 -6.4563 1.4149 1.1763 -7.3258 -4.8000 1.7158e+01
2.0000 -6.4718 -6.3567 2.0000 0.8169 -8.0000 -4.0000 3.4942e+01
2.0000 -4.0000 -6.1124 -1.2000 0.1105 -5.4146 -4.9426 2.4025e+01
2.0000 -6.3887 -4.0000 2.0000 0.2137 -7.4956 -4.0000 1.6913e+01
2.0000 -4.0000 -5.7490 -2.0000 -0.0739 -4.4336 -4.0069 7.4009e+01
2.0000 -4.0000 -6.6444 0.1059 1.4725 -5.6944 -4.0000 3.2839e+01
2.0000 -4.0000 -6.6962 0.2215 1.1185 -6.2387 -4.0000 1.4866e+01
2.0000 -6.6328 -5.2884 1.2323 0.4491 -6.3002 -4.0076 3.1103e+01
2.0000 -5.4910 -6.4788 1.1567 1.7796 -6.2707 -4.0000 1.4523e+01
2.0000 -6.2573 -4.0000 2.0000 0.2154 -7.5361 -4.0000 1.4596e+01
2.0000 -5.3642 -6.5075 1.0071 1.4805 -6.4524 -4.0000 2.1213e+01
2.0000 -5.2693 -6.5884 0.1686 0.8779 -6.3152 -4.0000 7.2207e+00
2.0000 -4.0585 -6.5615 -0.2097 0.6269 -6.1938 -5.7921 1.2071e+01
2.0000 -7.2359 -6.0300 2.0000 0.5597 -8.0000 -4.0000 5.5168e+01
2.0000 -4.5746 -6.6365 0.1091 0.9895 -6.1857 -4.4765 1.7524e+01
2.0000 -5.6899 -4.9666 0.8772 0.1861 -6.3457 -4.8000 1.5480e+01
2.0000 -4.0000 -6.5550 -0.6623 0.2264 -6.1772 -4.2949 1.2398e+01
2.0000 -6.3195 -5.5741 1.6644 0.3107 -7.5942 -4.8000 2.2095e+01
2.0000 -4.6426 -5.5221 2.0000 0.2425 -8.0000 -4.0000 2.3849e+01
2.0000 -4.2238 -6.7160 -0.1198 1.3364 -5.6773 -4.0000 3.1814e+01
2.0000 -4.0000 -6.1971 0.8628 0.3899 -8.0000 -4.0000 4.2141e+01
2.0000 -4.7168 -6.4620 0.2629 1.1052 -6.0516 -4.0000 3.5332e+01
2.0000 -5.1881 -6.1224 -0.1105 0.3284 -6.2469 -4.0000 1.7985e+01
2.0000 -5.0540 -6.6346 0.7344 1.2000 -6.5910 -4.0000 1.2769e+01
2.0000 -6.1154 -5.3992 2.0000 0.1352 -8.0000 -4.5756 2.8854e+01
2.0000 -4.0782 -6.6580 0.1228 1.2000 -6.0024 -4.0000 2.3158e+01
2.0000 -6.0233 -5.2134 2.0000 0.1908 -7.7675 -4.0000 2.4527e+01
2.0000 -4.7411 -6.5254 0.7740 0.9013 -6.8437 -4.0000 1.2113e+01
2.0000 -5.4705 -5.9814 0.8239 0.3423 -7.0589 -4.0000 3.3949e+01
2.0000 -4.0000 -6.0236 0.8758 0.2130 -8.0000 -4.0000 2.5694e+01
2.0000 -7.0761 -4.9771 2.0000 0.5524 -6.2023 -4.0000 2.7853e+01
2.0000 -5.8228 -6.4572 2.0000 0.9813 -8.0000 -4.0000 1.7326e+01
2.0000 -6.1769 -5.4047 2.0000 0.2553 -7.8538 -4.0000 2.1978e+01
2.0000 -5.2166 -5.0636 2.0000 0.1321 -7.7300 -4.0000 1.1351e+01
2.0000 -4.6657 -6.4234 0.0788 0.1731 -6.9069 -4.3384 2.1422e+01
2.0000 -5.7366 -5.4405 2.0000 0.2228 -8.0000 -4.7665 1.9276e+01
2.0000 -4.0000 -6.2418 -2.0000 0.5265 -4.1262 -4.0007 9.7191e+01
2.0000 -5.2966 -6.2808 0.5694 0.3212 -7.0738 -5.8844 1.9620e+01
2.0000 -6.6775 -6.2721 2.0000 0.8013 -7.9406 -4.0000 5.1312e+01
2.0000 -4.0000 -6.5638 0.9278 1.2000 -8.0000 -4.0000 3.1331e+01
2.0000 -6.3983 -5.8516 1.3709 0.2411 -7.6127 -4.0000 2.7011e+01
2.0000 -4.2487 -6.5646 -0.1127 0.4270 -6.5455 -4.4416 9.5240e+00
2.0000 -7.0903 -5.5082 2.0000 0.1822 -8.0000 -4.0000 4.1349e+01
2.0000 -6.2446 -5.3947 2.0000 0.1185 -8.0000 -4.0000 2.9012e+01
2.0000 -5.6968 -6.5219 2.0000 1.1482 -7.8253 -4.1320 2.9850e+01
2.0000 -4.0000 -6.0453 -1.4082 -0.0716 -5.3633 -4.2705 1.4613e+01
2.0000 -6.9668 -6.3414 2.0000 1.1996 -7.5704 -4.0000 3.4054e+01
2.0000 -4.0000 -5.7027 -1.1592 -0.0665 -5.3109 -4.0000 3.7624e+01
2.0000 -5.2389 -6.2784 2.0000 0.7705 -8.0000 -4.0000 6.8596e+01
2.0000 -5.3640 -6.4390 1.1669 1.0417 -7.0010 -4.0000 2.3361e+01
2.0000 -7.5203 -5.9005 2.0000 0.4420 -8.0000 -4.0000 8.1746e+01
2.0000 -5.8692 -6.4447 0.9029 1.1479 -6.6285 -4.0587 1.3185e+01
2.0000 -5.1352 -5.7480 -0.2411 0.0271 -6.1505 -4.0074 8.1241e+00
2.0000 -6.9750 -6.3362 2.0000 1.3567 -7.3949 -4.0001 6.9278e+01
2.0000 -5.9592 -6.3768 2.0000 0.8691 -8.0000 -4.0000 2.5227e+01
2.0000 -5.8563 -6.4212 2.0000 0.9370 -8.0000 -4.0000 2.1804e+01
2.0000 -6.2812 -5.5598 2.0000 0.2451 -8.0000 -4.0000 2.5408e+01
2.0000 -5.1520 -6.5464 0.7757 1.7128 -6.0243 -4.5186 1.0717e+01
2.0000 -4.0000 -6.3762 -0.2315 0.2237 -6.7271 -4.0000 1.1101e+01
2.0000 -5.5423 -4.0000 1.0504 0.2623 -6.5281 -4.0000 4.7858e+01
2.0000 -4.0000 -6.5600 0.6947 1.2510 -7.1999 -4.0076 1.0927e+01
2.0000 -4.0000 -6.4194 0.8897 0.6488 -8.0000 -4.1655 1.7062e+01
2.0000 -5.3753 -6.5537 0.2861 0.9824 -6.2893 -4.0000 7.2820e+00
2.0000 -4.1143 -6.7331 -1.1974 0.6832 -5.2920 -4.0000 2.8106e+01
2.0000 -5.7835 -6.4721 1.3908 1.7824 -6.4950 -4.0001 6.8315e+00
2.0000 -5.8869 -6.3679 2.0000 0.9256 -8.0000 -4.0000 2.6877e+01
2.0000 -6.4831 -6.2770 2.0000 0.7529 -8.0000 -4.0000 4.6857e+01
2.0000 -6.4917 -6.3837 1.3938 1.0151 -7.2000 -4.0000 2.4800e+01
2.0000 -6.5600 -5.1986 1.5272 0.3261 -7.0299 -4.2148 1.8375e+01
2.0000 -7.0410 -5.3364 1.5972 0.5600 -5.4914 -4.0012 5.2828e+01
2.0000 -6.6880 -6.4731 2.0000 0.9154 -8.0000 -5.2138 4.9208e+01
2.0000 -5.9399 -5.3870 0.9456 0.0831 -6.9539 -4.0000 1.1801e+01
2.0000 -5.8180 -6.4673 2.0000 1.0023 -7.9968 -4.0021 3.0260e+01
2.0000 -4.0000 -5.6021 0.6317 0.2159 -6.8752 -4.1401 4.0094e+01
2.0000 -6.1012 -5.3137 0.9858 0.1153 -6.8703 -4.0000 2.9372e+01
2.0000 -4.0000 -6.4093 1.0231 1.1956 -8.0000 -4.0000 2.6446e+01
2.0000 -5.4209 -6.4677 0.9784 1.1441 -6.7313 -4.0000 1.9312e+01
2.0000 -7.2000 -5.6879 2.0000 0.3130 -8.0000 -4.0000 4.3391e+01
2.0000 -5.3961 -6.5278 0.5345 1.2598 -6.2249 -4.0000 4.8738e+00
2.0000 -5.8150 -6.5600 1.1023 1.1421 -6.9459 -4.0000 1.0502e+01
2.0000 -4.0000 -6.5417 0.1905 1.2164 -5.9402 -4.0000 4.4923e+01
2.0000 -4.8000 -5.8967 -1.2183 0.3598 -4.6221 -4.0000 9.5904e+01
2.0000 -4.0000 -6.4904 0.7936 0.5915 -7.3233 -4.0000 1.0507e+01
2.0000 -5.2028 -6.5466 -0.1200 0.6086 -6.2782 -4.1688 1.0196e+01
2.0000 -6.2682 -5.5864 2.0000 0.2641 -8.0000 -4.0000 2.5877e+01
2.0000 -4.8242 -6.0723 -0.5539 0.0380 -6.1108 -5.8775 1.8349e+01
2.0000 -5.0358 -6.1601 -0.6320 0.0720 -6.0571 -4.0000 1.7887e+01
2.0000 -4.9516 -6.4685 2.0000 1.3509 -8.0000 -4.0000 1.7365e+01
2.0000 -4.0404 -6.6335 -0.5410 0.7652 -5.7689 -4.0000 2.5053e+01
2.0000 -4.2346 -6.4828 1.2000 1.4231 -7.1832 -5.7014 1.9635e+01
2.0000 -4.8000 -6.3044 1.1650 0.2671 -7.7864 -4.0000 1.9883e+01
2.0000 -4.0000 -6.2631 -1.1965 0.0835 -5.5743 -4.0000 1.8788e+01
2.0000 -6.0994 -6.4967 1.9039 0.8465 -8.0000 -4.0000 3.3843e+01
2.0000 -4.6122 -6.4554 0.0455 0.3935 -6.6098 -4.0000 1.4255e+01
2.0000 -5.2413 -6.2048 -0.0779 0.2630 -6.4275 -4.0000 1.3788e+01
2.0000 -6.1726 -6.4398 1.2404 0.9158 -7.2076 -4.0000 1.2965e+01
2.0000 -4.0000 -6.5591 -0.7663 1.2542 -4.9605 -4.0000 4.6700e+01
2.0000 -6.2733 -6.4425 1.9045 1.3532 -7.4167 -4.0000 2.5207e+01
2.0000 -4.0000 -4.8902 -1.1863 -0.0951 -4.4593 -4.0000 6.3493e+01
2.0000 -4.0000 -4.9486 0.4763 0.1781 -8.0000 -4.1721 1.4743e+01
2.0000 -4.8909 -6.1513 0.8144 0.1625 -7.4306 -4.0366 1.6242e+01
2.0000 -4.8297 -6.5876 1.1051 1.1256 -6.9933 -4.0037 8.5894e+00
2.0000 -6.3065 -5.4989 2.0000 0.1998 -8.0000 -4.0000 2.7131e+01
2.0000 -6.2104 -5.4317 2.0000 1.7612 -5.4534 -6.2758 5.0554e+01
2.0000 -6.2828 -5.4221 2.0000 0.2324 -7.8951 -4.0000 2.3977e+01
2.0000 -4.9374 -5.4580 0.8242 0.2023 -6.8401 -4.0000 3.2662e+01
2.0000 -7.0950 -5.6770 2.0000 0.3113 -8.0000 -4.0000 4.6570e+01
2.0000 -4.8000 -6.5463 -0.4418 0.4805 -6.0994 -4.0000 1.7475e+01
2.0000 -5.9740 -4.0000 1.3938 0.2360 -6.9069 -4.0000 2.5753e+01
2.0000 -5.7172 -6.0194 0.1398 0.9819 -5.1636 -4.0000 1.2794e+02
2.0000 -6.3119 -6.2598 1.9852 0.7269 -8.0000 -4.0000 4.6301e+01
2.0000 -6.2915 -5.3508 2.0000 1.7704 -5.3106 -4.0000 3.0118e+01
2.0000 -4.0000 -6.5759 -1.0491 0.3212 -5.7003 -4.0000 2.9639e+01
2.0000 -4.0000 -6.6921 -1.0788 0.9563 -5.0848 -4.0000 2.6607e+01
2.0000 -4.0000 -6.4738 0.8286 0.3543 -8.0000 -4.0000 3.6510e+01
2.0000 -4.2557 -6.3190 0.5614 0.2029 -7.4382 -4.0000 1.1053e+01
2.0000 -7.1940 -5.8990 2.0000 0.4670 -8.0000 -4.0000 4.5468e+01
2.0000 -5.1105 -5.3408 -0.2168 0.1192 -5.6546 -4.0000 1.7354e+01
2.0000 -4.0000 -6.5757 -0.1899 0.7508 -6.0817 -4.0000 2.2197e+01
2.0000 -5.6381 -6.5349 0.5492 0.9703 -6.5472 -4.0000 4.6665e+00
2.0000 -4.0000 -5.4145 0.8217 0.1045 -7.2749 -4.0000 1.6901e+01
2.0000 -5.6653 -6.4887 1.2822 1.7817 -6.4037 -4.0000 7.7594e+00
2.0000 -4.0000 -6.5757 -0.1899 0.7508 -6.0817 -4.0000 2.2197e+01
2.0000 -4.7365 -6.6133 -0.4296 0.9234 -5.6923 -4.0000 1.7264e+01
2.0000 -5.5801 -5.8910 0.3133 0.1591 -6.6795 -4.0000 1.0968e+01
2.0000 -6.3573 -6.3975 2.0000 1.2000 -7.6279 -4.0000 2.2702e+01
2.0000 -5.4812 -6.4360 1.6911 0.7647 -8.0000 -4.3458 2.6025e+01
2.0000 -5.8744 -6.4836 1.4914 1.0928 -7.3134 -4.0000 1.6576e+01
2.0000 -4.0000 -6.5387 0.8482 0.8825 -7.5454 -4.3665 2.0362e+01
2.0000 -7.0132 -5.8655 2.0000 0.4505 -8.0000 -4.0000 4.9798e+01
2.0000 -4.0000 -6.5499 -0.5334 0.2446 -6.3786 -4.0000 1.1757e+01
2.0000 -7.0600 -5.7520 2.0000 0.3680 -8.0000 -4.0000 3.4875e+01
2.0000 -4.7724 -6.5657 0.6257 1.1066 -6.5122 -4.0000 8.2315e+00
2.0000 -6.6595 -5.9438 1.2000 0.5309 -7.1360 -4.0000 5.0729e+01
2.0000 -4.0000 -6.4786 -1.5401 0.6027 -4.8000 -4.0000 6.6269e+01
2.0000 -6.3293 -6.2261 0.5529 0.4125 -6.8745 -4.0660 6.4447e+01
2.0000 -5.9376 -5.0368 1.7931 0.1697 -7.4063 -4.0000 1.1658e+01
2.0000 -6.6145 -5.6261 2.0000 0.2902 -8.0000 -4.0000 2.8365e+01
2.0000 -4.0000 -6.4348 -0.7035 0.1320 -6.1474 -4.0000 1.2232e+01
2.0000 -5.4391 -6.4658 0.3646 0.9092 -6.3628 -4.8160 8.2268e+00
2.0000 -6.2444 -6.4925 1.4356 0.5497 -7.8533 -4.0000 4.5597e+01
2.0000 -4.0000 -4.0630 -0.5616 0.2617 -4.8000 -4.0000 9.7830e+01
2.0000 -5.6134 -5.9532 0.4723 1.2000 -5.5132 -4.0000 1.0983e+02
2.0000 -6.7232 -6.3583 2.0000 1.4799 -7.2972 -4.0000 1.4126e+01
2.0000 -4.0000 -5.4917 0.0014 0.0074 -6.2397 -4.0431 2.1039e+01
2.0000 -4.7936 -6.0215 -0.5617 0.0301 -6.0694 -4.0000 1.2321e+01
2.0000 -4.0000 -5.5798 -1.0173 -0.0952 -5.3774 -4.0000 2.5890e+01
2.0000 -4.4403 -6.3913 -0.1221 0.3284 -6.4631 -4.8645 2.1832e+01
2.0000 -4.0000 -6.5712 -0.2934 0.3381 -6.5558 -4.1196 3.4485e+00
2.0000 -5.4566 -6.5758 0.7187 1.2437 -6.4728 -4.0000 1.0295e+01
2.0000 -4.0000 -4.9678 0.9583 0.2135 -7.3159 -4.0000 2.3442e+01
2.0000 -6.1852 -4.0000 1.7788 0.1786 -7.2953 -4.0000 1.0993e+01
2.0000 -4.0084 -5.9646 0.6338 0.2505 -7.1583 -4.0000 2.2333e+01
2.0000 -6.5966 -6.3078 2.0000 0.7773 -8.0000 -4.0000 3.4840e+01
2.0000 -4.7628 -6.3346 -0.8273 0.2837 -5.7563 -4.0000 1.2396e+01
2.0000 -4.0000 -6.3024 1.0114 1.2283 -8.0000 -4.0000 5.1777e+01
2.0000 -4.0000 -6.6729 -0.8223 0.4039 -5.9177 -4.0000 1.3248e+01
2.0000 -5.4134 -4.0000 1.1180 0.1987 -6.6407 -4.0000 2.6862e+01
2.0000 -6.0439 -6.3756 2.0000 0.8641 -7.9657 -4.0000 2.5187e+01
2.0000 -4.0000 -6.3459 0.1789 0.5476 -6.5268 -4.0000 7.0549e+01
2.0000 -5.6314 -5.5925 1.2401 0.1139 -7.4194 -4.0232 1.6415e+01
2.0000 -5.8715 -4.2132 2.0000 0.0617 -7.1170 -4.0000 2.0732e+01
2.0000 -6.1051 -5.7627 0.5868 0.3435 -6.5778 -4.0000 2.3811e+01
2.0000 -4.4531 -4.0000 0.1999 -0.0293 -5.9036 -4.0000 1.7663e+01
2.0000 -5.8713 -6.4695 2.0000 0.9656 -8.0000 -4.0000 2.1021e+01
2.0000 -4.8000 -4.0000 0.5917 -0.0145 -6.3450 -4.0002 2.3168e+01
2.0000 -5.1329 -4.9251 0.6991 0.0575 -6.3149 -4.0000 2.1051e+01
2.0000 -4.0000 -6.3902 0.9450 1.1906 -8.0000 -4.0000 2.3773e+01
2.0000 -6.4639 -6.3113 2.0000 0.7801 -8.0000 -4.0000 3.8532e+01
2.0000 -4.3833 -6.6796 -0.1187 1.5846 -5.3913 -4.3763 2.3986e+01
2.0000 -5.9801 -5.0668 1.2000 0.0822 -6.9060 -4.0000 2.2997e+01
2.0000 -6.4218 -4.9749 2.0000 0.1129 -7.6049 -4.2757 1.7181e+01
2.0000 -4.0000 -5.5416 -0.3094 0.0031 -5.9633 -4.5993 1.9830e+01
2.0000 -5.4406 -6.4157 1.0196 0.6011 -7.3128 -4.0233 1.8031e+01
2.0000 -4.8000 -6.4560 0.0297 0.2819 -6.7244 -4.0000 7.5565e+00
2.0000 -5.8376 -5.0320 2.0000 0.2593 -7.5314 -4.0115 2.1913e+01
2.0000 -6.7802 -5.4046 1.4020 0.5020 -6.6814 -4.0000 2.6723e+01
2.0000 -4.4921 -5.5925 -0.9768 -0.0107 -5.3039 -5.4056 3.1648e+01
2.0000 -5.2742 -6.5580 1.0395 1.2338 -6.7876 -4.9785 1.8483e+01
2.0000 -6.4723 -4.0000 2.0000 0.3257 -7.4418 -4.3008 2.8095e+01
2.0000 -4.4974 -6.6729 0.4834 1.2888 -6.2868 -4.0000 1.4823e+01
2.0000 -4.0001 -5.6918 -0.3804 -0.0131 -6.0326 -4.0007 1.2474e+01
2.0000 -6.9529 -6.1602 1.7672 0.4610 -8.0000 -4.1757 4.1479e+01
2.0000 -4.0000 -6.6953 -0.2537 1.6132 -5.2427 -4.0000 3.0754e+01
2.0000 -6.3157 -5.7396 1.9026 0.2920 -8.0000 -4.0000 1.9883e+01
2.0000 -6.0599 -4.9974 1.0870 0.1109 -6.6522 -4.0000 1.0365e+01
2.0000 -6.7101 -6.2589 2.0000 0.7957 -7.9354 -4.6928 5.4886e+01
2.0000 -6.1661 -6.1707 2.0000 0.6834 -8.0000 -4.0000 1.2669e+02
2.0000 -4.0000 -6.1918 -2.0000 -0.0419 -4.8393 -4.0000 5.8617e+01
2.0000 -6.1597 -6.1574 0.8484 0.3880 -7.1630 -4.0000 1.7093e+01
2.0000 -5.5615 -4.0000 0.9197 0.0724 -6.5345 -4.1126 7.7878e+00
2.0000 -6.4605 -6.2834 2.0000 0.8941 -7.8491 -5.8900 5.7547e+01
2.0000 -5.1895 -6.2638 0.1155 0.3632 -6.5537 -5.8893 2.7097e+01
2.0000 -6.1372 -6.4117 2.0000 0.8624 -8.0000 -4.0000 2.7362e+01
2.0000 -4.8692 -5.7843 0.6141 0.1041 -6.9716 -4.0460 1.1519e+01
2.0000 -5.4487 -5.9316 -0.3137 0.3368 -5.8112 -4.0000 3.1718e+01
2.0000 -4.0000 -6.2433 -0.1694 0.1934 -6.5494 -4.0000 1.8811e+01
2.0000 -5.9164 -5.3518 2.0000 0.1118 -8.0000 -4.0000 1.9861e+01
2.0000 -5.7706 -6.3710 0.5928 0.4133 -7.0603 -4.0000 2.3105e+01
2.0000 -5.6265 -5.4299 1.8180 0.2999 -8.0000 -4.0554 3.0978e+01
2.0000 -4.9595 -6.3320 0.6305 0.6793 -6.7622 -4.0000 6.2576e+01
2.0000 -4.9552 -5.8758 1.5219 0.1321 -8.0000 -4.0000 2.9826e+01
2.0000 -4.7448 -6.5491 0.3107 0.5121 -6.8197 -4.0000 1.2435e+01
2.0000 -5.2846 -6.5838 0.4259 1.1245 -6.3111 -4.7760 1.1751e+01
2.0000 -6.5045 -5.3804 1.2078 0.3343 -6.8334 -4.0684 2.3714e+01
2.0000 -6.3394 -4.9124 1.3676 0.3255 -6.4990 -4.0000 1.7890e+01
2.0000 -5.3227 -6.5383 0.3689 1.1123 -6.2220 -4.0703 3.2557e+00
2.0000 -5.2753 -5.7067 -0.0995 0.1430 -6.1129 -4.0000 8.7818e+00
2.0000 -6.8025 -5.6613 2.0000 0.3117 -8.0000 -4.7004 3.9487e+01
2.0000 -6.1494 -5.5582 2.0000 0.2864 -8.0000 -5.7755 2.5706e+01
2.0000 -4.7026 -5.6268 0.0162 0.1111 -6.2247 -4.0000 2.5575e+01
2.0000 -5.3228 -6.4821 1.4955 1.0426 -7.3690 -4.0000 1.7082e+01
2.0000 -4.0000 -6.7031 -0.6596 1.1727 -5.2919 -4.0000 3.4204e+01
2.0000 -6.4412 -5.2144 1.7895 0.1784 -7.5426 -4.4962 1.4371e+01
2.0000 -4.6748 -5.2014 0.8933 0.1200 -6.8268 -4.0000 1.5604e+01
2.0000 -5.1628 -6.3827 -0.2920 0.8958 -5.6316 -4.0000 4.0564e+01
2.0000 -6.6995 -5.5914 1.9255 0.1975 -8.0000 -4.0000 3.5969e+01
2.0000 -6.5115 -6.1545 2.0000 1.6646 -6.9007 -5.8515 6.6830e+01
2.0000 -5.4703 -6.5079 1.1055 0.7899 -7.2725 -4.0000 1.0947e+01
2.0000 -6.3343 -4.9566 1.3685 0.2282 -6.7261 -4.0453 8.1775e+00
2.0000 -6.3029 -6.4359 1.8660 1.4857 -7.2359 -4.0000 2.0309e+01
2.0000 -5.8834 -6.4757 1.5157 1.7814 -6.6247 -4.0000 5.4466e+00
2.0000 -6.2023 -5.0581 1.1493 0.3051 -6.4920 -4.0006 1.7070e+01
2.0000 -5.1254 -6.4697 -0.1128 0.6547 -6.1650 -4.0000 1.5041e+01
2.0000 -6.7790 -6.3127 2.0000 0.7801 -8.0000 -4.0000 3.7266e+01
2.0000 -5.4816 -6.5717 1.1689 1.5964 -6.5600 -4.0000 6.5846e+00
2.0000 -6.0316 -6.3334 0.9303 0.5570 -7.2000 -5.8889 2.0892e+01
2.0000 -4.0000 -6.0257 0.8435 0.2331 -7.9203 -5.5807 1.7667e+01
2.0000 -6.1703 -5.5368 2.0000 0.2380 -8.0000 -4.0000 1.9489e+01
2.0000 -4.0000 -6.2277 -0.5144 0.0379 -6.3844 -4.0000 1.1909e+01
2.0000 -5.6250 -6.4199 0.4823 0.6319 -6.7417 -4.0000 1.1744e+01
2.0000 -4.0000 -6.4084 -1.0420 0.1611 -5.7556 -4.0000 1.5522e+01
2.0000 -6.2056 -6.3772 1.6257 1.6646 -6.7530 -4.0000 2.1308e+01
2.0000 -5.8150 -6.5600 1.1023 1.1421 -6.9459 -4.0000 1.0502e+01
2.0000 -5.9045 -6.4193 2.0000 1.6782 -7.1584 -4.9550 2.1770e+01
2.0000 -7.1614 -6.0219 1.6638 0.3829 -7.8578 -4.0000 5.4138e+01
2.0000 -5.2924 -6.5379 0.1879 0.8271 -6.3411 -4.0466 5.4839e+00
2.0000 -6.2682 -5.5864 2.0000 0.2641 -8.0000 -4.0000 2.5877e+01
2.0000 -5.6420 -4.6262 2.0000 0.2930 -7.0985 -4.0000 5.2563e+01
2.0000 -4.7373 -5.8509 0.0478 0.1773 -6.3711 -4.0000 2.2755e+01
2.0000 -5.3672 -6.2111 -0.4244 0.1935 -6.1539 -4.0419 2.6928e+01
2.0000 -4.0000 -6.5226 0.0957 0.6418 -6.5454 -4.5061 1.4918e+01
2.0000 -4.0000 -6.6641 0.0614 1.0221 -6.1641 -4.0005 2.2061e+01
2.0000 -6.3659 -5.5138 2.0000 0.2103 -8.0000 -4.0000 3.5629e+01
2.0000 -6.0886 -5.0410 1.0262 0.2994 -6.3478 -4.1520 1.5138e+01
2.0000 -4.0668 -6.4989 -1.2203 0.2523 -5.5435 -5.8792 1.5881e+01
2.0000 -5.7088 -5.5170 0.4270 0.2474 -6.3324 -4.0000 1.0199e+01
2.0000 -4.8096 -6.5377 0.6807 0.8932 -6.7645 -4.0000 1.4164e+01
2.0000 -5.5449 -6.3477 0.4906 1.0667 -6.2078 -4.0000 1.5015e+01
2.0000 -5.8993 -6.4085 1.8907 0.7766 -8.0000 -4.2517 2.5852e+01
2.0000 -7.0963 -6.4302 2.0000 0.8763 -8.0000 -4.3880 6.4780e+01
2.0000 -5.3846 -5.6937 1.2000 0.1477 -7.4605 -4.0000 1.7625e+01
2.0000 -5.6931 -6.4641 1.2597 1.2000 -6.9511 -4.0000 1.0272e+01
2.0000 -4.0973 -6.5973 0.2962 1.3524 -5.9605 -4.0000 3.0462e+01
2.0000 -6.2096 -5.9195 1.7684 0.3882 -7.8992 -4.0000 3.7220e+01
2.0000 -4.0029 -5.2309 0.8400 0.1342 -7.1966 -4.0000 1.6159e+01
2.0000 -4.5733 -6.4651 -0.9018 0.4364 -5.6167 -4.0000 2.2738e+01
2.0000 -5.6833 -6.5140 1.0531 1.2199 -6.7720 -4.0000 1.1763e+01
2.0000 -4.0000 -6.5680 0.6880 1.2072 -7.3729 -4.0005 9.8921e+00
2.0000 -5.5403 -6.4700 0.3338 0.8188 -6.4317 -4.0000 9.9741e+00
2.0000 -5.7221 -5.4492 2.0000 0.2149 -7.9728 -4.0000 2.1531e+01
2.0000 -4.0000 -6.4071 0.8886 0.6137 -8.0000 -4.0000 2.5600e+01
2.0000 -4.9022 -6.1099 1.4538 0.2665 -8.0000 -4.0000 2.6946e+01
2.0000 -5.9998 -6.4496 1.1903 1.3933 -6.6668 -4.0000 1.3715e+01
2.0000 -5.9300 -6.3736 1.5404 0.4244 -8.0000 -5.7447 2.8720e+01
2.0000 -6.7390 -5.0454 1.6980 0.2890 -7.0537 -4.2044 1.3463e+01
2.0000 -5.5534 -6.5019 1.1611 1.7808 -6.2965 -4.0000 9.7724e+00
2.0000 -4.0000 -6.6031 -1.1255 0.3488 -5.6155 -4.0000 1.5528e+01
2.0000 -5.4909 -6.4710 0.7661 1.4801 -6.1749 -4.0000 1.0243e+01
2.0000 -6.2161 -5.6850 1.9195 0.2661 -8.0000 -4.0000 2.0799e+01
2.0000 -4.0001 -5.6988 1.2230 0.1581 -7.5110 -5.8660 1.4806e+01
2.0000 -4.0000 -5.4990 -0.1295 0.0213 -6.1353 -4.0000 2.5551e+01
2.0000 -4.4513 -6.5569 1.3050 0.7279 -7.5885 -4.0018 1.6711e+01
2.0000 -6.5118 -5.9476 1.0356 0.7167 -6.7099 -4.0000 5.9662e+01
2.0000 -4.6197 -6.4036 0.4781 0.6621 -6.7725 -4.9076 2.9575e+01
2.0000 -6.5561 -5.5786 2.0000 0.2562 -8.0000 -4.0000 3.4583e+01
2.0000 -6.4342 -6.3973 2.0000 1.2673 -7.5570 -4.0000 2.5372e+01
2.0000 -5.5365 -6.5600 0.9507 1.0930 -6.8456 -4.1826 9.7938e+00
2.0000 -7.0047 -5.4804 1.9078 0.3797 -7.6342 -4.0000 2.9008e+01
2.0000 -4.0074 -6.4522 0.8148 1.1731 -6.5241 -5.8707 2.9783e+01
2.0000 -4.0000 -6.3922 -0.1467 0.4715 -6.5868 -4.0000 2.4093e+01
2.0000 -5.6215 -5.3711 0.1186 0.5298 -4.3192 -4.0000 9.1827e+01
2.0000 -6.3710 -5.1826 1.2000 0.2680 -6.7177 -4.0000 1.3861e+01
2.0000 -6.0966 -5.3605 2.0000 1.7525 -5.6046 -4.5923 1.0383e+01
2.0000 -5.2437 -6.4300 2.0000 0.9091 -8.0000 -4.0000 2.4799e+01
2.0000 -6.2601 -6.3154 1.9685 0.7554 -8.0000 -4.0000 3.8748e+01
2.0000 -5.6512 -6.5585 2.0000 1.0475 -8.0000 -4.0964 2.7803e+01
2.0000 -5.1279 -6.4835 0.2998 0.3175 -6.9756 -4.0000 1.8474e+01
2.0000 -6.0351 -5.3276 2.0000 0.2157 -7.8427 -4.0000 1.3603e+01
2.0000 -4.0000 -6.4793 0.9053 0.8866 -8.0000 -4.0000 2.8944e+01
2.0000 -5.9293 -5.2934 0.5682 0.2600 -6.1596 -4.0000 1.4598e+01
2.0000 -4.7057 -6.4747 0.4813 0.9111 -6.4877 -4.2139 2.9196e+01
2.0000 -4.0003 -4.9497 -1.3600 0.0626 -4.0000 -5.2935 1.0498e+02
2.0000 -4.0938 -5.3746 0.9828 0.1224 -8.0000 -4.1883 1.6903e+01
2.0000 -4.0000 -6.3714 -0.5675 0.2632 -6.0755 -4.0000 2.0342e+01
2.0000 -7.3753 -5.4279 2.0000 0.7158 -5.1742 -4.0000 6.2695e+01
2.0000 -4.0000 -6.2590 -2.0000 0.6118 -4.0000 -4.0000 1.3917e+02
2.0000 -5.4630 -4.0000 0.7528 0.1571 -6.3501 -4.0000 3.7579e+00
2.0000 -4.3468 -6.5600 -0.0329 0.5018 -6.4950 -4.0000 5.5880e+00
2.0000 -5.1022 -6.4264 2.0000 1.2000 -8.0000 -4.0000 2.6976e+01
2.0000 -6.3856 -6.2706 2.0000 1.7163 -6.9710 -4.0000 2.9575e+01
2.0000 -5.1615 -5.9858 0.4696 0.2963 -6.7628 -4.0000 4.6149e+01
2.0000 -5.7363 -6.2560 0.9243 0.8485 -6.7969 -4.0000 6.6280e+01
2.0000 -4.6400 -6.5401 2.0000 0.9814 -8.0000 -4.1553 2.8340e+01
2.0000 -4.8000 -6.4924 0.7164 1.2326 -6.4020 -4.0000 2.4624e+01
2.0000 -6.3091 -6.4486 2.0000 1.5512 -7.3157 -4.0000 1.9558e+01
2.0000 -5.5215 -6.1411 0.2784 0.1825 -6.8290 -4.0000 1.8509e+01
2.0000 -4.1989 -6.6445 -1.1908 0.3320 -5.6045 -4.4880 1.6611e+01
2.0000 -5.1697 -6.4395 -0.1640 0.2759 -6.5212 -4.0377 7.1185e+00
2.0000 -5.6297 -6.5093 2.0000 1.6901 -7.2351 -4.0000 1.2125e+01
2.0000 -7.2557 -5.8049 2.0000 0.3957 -8.0000 -4.0000 3.1854e+01
2.0000 -5.7695 -6.4148 1.6985 1.6594 -6.8710 -4.0000 1.9082e+01
2.0000 -4.8443 -6.5351 -0.5362 0.6878 -5.7641 -5.8367 1.7099e+01
2.0000 -6.5947 -5.7496 2.0000 0.3786 -8.0000 -4.0000 4.0700e+01
2.0000 -6.4524 -6.4870 2.0000 0.9275 -8.0000 -4.0000 3.4686e+01
2.0000 -5.8962 -6.3809 2.0000 0.8524 -8.0000 -4.0000 2.1243e+01
2.0000 -6.1537 -6.3210 2.0000 0.7878 -8.0000 -4.0000 3.1059e+01
2.0000 -6.3539 -6.3387 2.0000 1.6706 -7.0860 -4.1628 2.9132e+01
2.0000 -4.0000 -6.0168 0.8641 0.2547 -8.0000 -4.0666 1.7922e+01
2.0000 -6.2479 -6.4915 2.0000 0.9314 -8.0000 -4.0000 3.1158e+01
2.0000 -4.0000 -6.4940 -0.4726 0.2184 -6.3732 -4.0000 8.0841e+00
2.0000 -4.0000 -6.3613 -0.0514 0.1603 -7.1929 -4.0000 1.7637e+01
2.0000 -6.2090 -5.7756 0.9231 0.2311 -7.0981 -4.0000 1.0256e+01
2.0000 -4.0000 -6.5790 -1.1732 0.7726 -5.0770 -4.4616 3.7953e+01
2.0000 -4.8920 -5.2677 1.8628 0.2771 -8.0000 -4.0000 2.8051e+01
2.0000 -7.3943 -4.4315 2.0000 -0.8072 -6.3011 -7.3005 1.2787e+02
2.0000 -5.8865 -5.7129 1.0333 0.1386 -7.2816 -4.0000 1.8539e+01
2.0000 -4.0000 -6.5946 -0.5497 0.5600 -5.9475 -4.0000 1.9143e+01
2.0000 -4.8000 -4.8000 1.0127 0.0651 -6.5366 -4.0000 1.6032e+01
2.0000 -6.5234 -5.5619 2.0000 0.2444 -8.0000 -4.0000 2.1795e+01
2.0000 -6.0455 -4.2701 2.0000 0.3543 -6.7810 -4.0021 3.6943e+01
2.0000 -4.5489 -6.3970 -0.9670 0.1561 -5.8233 -4.0000 1.7672e+01
2.0000 -5.3183 -4.0000 1.0382 0.0610 -6.6594 -4.0000 1.7814e+01
2.0000 -6.5146 -6.0875 1.5678 0.2476 -8.0000 -4.0000 4.6347e+01
2.0000 -4.0847 -6.2997 -0.8628 0.2053 -5.7941 -5.8887 2.0758e+01
2.0000 -4.9072 -8.0000 -0.8644 -1.2000 -7.3694 -4.0740 1.2078e+02
2.0000 -5.4957 -6.4126 1.5401 0.7242 -7.6932 -4.0000 1.7824e+01
2.0000 -6.7829 -5.8026 2.0000 0.4128 -8.0000 -4.8000 4.4807e+01
2.0000 -6.8192 -5.2350 1.6951 0.2083 -7.3749 -4.0000 2.0208e+01
2.0000 -5.1130 -6.6313 0.7217 1.1831 -6.5928 -4.0000 1.2314e+01
2.0000 -4.8000 -6.4978 1.1040 0.5166 -8.0000 -4.0004 2.3252e+01
2.0000 -5.1059 -6.3810 2.0000 1.1992 -7.9883 -4.0000 2.4876e+01
2.0000 -5.8814 -6.4500 2.0000 1.0363 -7.8498 -4.0000 2.4090e+01
2.0000 -6.3445 -5.7521 2.0000 0.3831 -8.0000 -4.0000 4.5564e+01
2.0000 -5.8658 -6.4288 1.2469 0.9202 -7.2000 -4.0000 1.6840e+01
2.0000 -5.1987 -6.5559 1.2134 1.2895 -6.9021 -4.4884 9.1717e+00
2.0000 -6.2841 -5.6838 0.9421 0.2529 -6.9992 -4.0000 9.2878e+00
2.0000 -5.8114 -6.3939 2.0000 0.9147 -8.0000 -4.0000 2.6284e+01
2.0000 -6.2671 -6.3888 2.0000 0.8438 -8.0000 -4.0000 2.8659e+01
2.0000 -6.6041 -6.2306 2.0000 1.5162 -7.1343 -4.0000 3.5218e+01
2.0000 -6.1301 -5.4937 1.9347 0.1758 -7.9573 -4.0000 1.9875e+01
